443348886,198178,201838,220167,185141,237787,115733,174133,228127,171767,210790,209947,200295,224317,148636,201201,194382,134089,227826,234749,160868,-9370,127839,250884,-8388607,1,2666,2666,2659,756,2477,-10110976,1,1,15,1,287,0,0,0,1
443348887,198151,201772,220240,185287,237987,115732,174239,228343,171890,210918,209984,200521,224273,149010,201164,194687,134218,227791,234796,160751,-9489,127931,251087,-8388607,1,2664,2667,2657,755,2481,-10110976,1,1,15,1,287,0,0,0,1
443348888,198419,201858,220149,185132,238067,115869,174435,228287,171945,211049,209764,200344,224517,148814,201321,194732,134286,227911,234783,160918,-9372,127703,251011,-8388607,1,2663,2663,2667,754,2482,-10110976,1,1,15,1,287,0,0,0,1
443348889,198463,201948,220242,185140,238190,115748,174503,228447,171997,211053,210010,200481,224501,148826,201365,194631,134397,227970,234806,160850,-9503,127758,251064,-8388607,1,2663,2662,2664,755,2478,-10110976,1,1,15,1,287,0,0,0,1
443348890,198211,201725,220118,184924,238102,115908,174481,228297,171975,210908,209875,200349,224079,148663,201303,194360,134455,228065,234911,161006,-9342,127756,251060,-8388607,1,2661,2666,2659,758,2478,-10110976,1,1,15,1,287,0,0,0,1
443348891,197980,201692,219925,184890,238072,115964,174354,228390,171949,210887,210066,200557,224032,148631,200911,194428,134577,228210,235160,160815,-9454,127684,251020,-8388607,1,2661,2665,2665,754,2486,-10110976,1,1,15,1,287,0,0,0,1
443348892,197730,201550,219942,184836,237982,116087,174425,228247,172161,211175,210102,200438,223895,148275,200980,194108,134605,228219,235112,161109,-9600,127646,251069,-8388607,1,2667,2662,2664,756,2477,-10110976,1,1,15,1,287,0,0,0,1
443348893,197801,201433,219805,184755,238074,115885,174243,228293,171966,211110,209952,200428,223702,148282,200909,194090,134801,228361,235209,161034,-9515,127609,251093,-8388607,1,2663,2669,2662,760,2478,-10110976,1,1,15,1,287,0,0,0,1
443348894,197657,201311,219989,184950,237898,116021,174392,228381,172254,210881,209806,200770,223617,148722,200871,194229,134740,228279,235453,161397,-9357,127781,251167,-8388607,1,2659,2665,2662,754,2482,-10110976,1,1,15,1,287,0,0,0,1
443348895,197691,201249,219856,184704,238030,115805,174458,228398,172043,211014,210041,200527,223600,148097,200623,193899,134789,228480,235153,161192,-9500,127583,251004,-8388607,1,2664,2664,2664,755,2479,-10110976,1,1,15,1,287,0,0,0,1
443348896,197773,201316,220018,184848,238054,115938,174364,228373,172168,211228,210029,200484,223324,147944,200726,193923,134834,228418,235063,161149,-9462,127644,251028,-8388607,1,2664,2665,2664,758,2473,-10110976,1,1,15,1,287,0,0,0,1
443348897,197814,201314,219970,184871,237948,115833,174375,228444,172236,211164,209825,200495,223538,148231,200741,194057,134686,228360,234867,161074,-9543,127618,250984,-8388607,1,2663,2670,2661,753,2477,-10110976,1,1,15,1,287,0,0,0,1
443348898,198034,201566,219929,184972,238055,115676,174383,228328,172052,211090,210013,200566,223578,148335,200966,194172,134655,228236,234878,160946,-9530,127584,251138,-8388607,1,2663,2663,2667,752,2477,-10110976,1,1,15,1,287,0,0,0,1
443348899,197964,201875,220061,185069,237864,115543,174405,228232,171988,211016,209802,200427,223709,148189,200988,194180,134402,228088,234669,160844,-9444,127703,251058,-8388607,1,2668,2662,2662,755,2476,-10110976,1,1,15,1,287,0,0,0,1
443348900,198166,201996,220186,185076,238061,115653,174443,228308,171865,211037,209940,200545,223990,148529,201243,194390,134522,228125,234762,160818,-9385,127788,250994,-8388607,1,2659,2665,2664,755,2477,-10110976,1,1,15,1,287,0,0,0,1
443348901,198213,201910,219909,184932,237942,115802,174237,228135,172002,210860,209812,200500,224159,148643,201334,194414,134066,227766,234709,160930,-9384,127811,250905,-8388607,1,2658,2661,2665,751,2482,-10110976,1,1,15,1,287,0,0,0,1
443348902,198242,201928,220205,185020,238101,115876,174201,228187,171978,211205,210019,200621,224350,148958,201569,194617,134117,227786,234416,160687,-9295,127655,250879,-8388607,1,2664,2661,2664,754,2477,-10110976,1,1,15,1,287,0,0,0,1
443348903,198190,201854,220100,185122,238026,115792,174391,228331,171881,210842,209934,200300,224324,148810,201280,194466,134136,227951,234741,160999,-9330,127783,251169,-8388607,1,2663,2664,2659,758,2478,-10110976,1,1,15,1,287,0,0,0,1
443348904,198134,201662,220187,184933,237960,115817,174415,228396,171920,210740,209980,200417,224323,148831,201219,194357,134185,227853,234902,160893,-9489,127594,250887,-8388607,1,2659,2661,2664,752,2483,-10110976,1,1,15,1,287,0,0,0,1
443348905,198107,201511,220149,185042,238124,115959,174360,228263,171945,211119,209879,200239,224294,148772,201294,194527,134379,228088,235027,160825,-9439,127737,250890,-8388607,1,2663,2662,2666,755,2478,-10110976,1,1,15,1,287,0,0,0,1
443348906,197900,201428,220001,184939,238029,115891,174287,228195,172040,210919,209797,200280,223972,148663,201250,194335,134566,228166,234965,160986,-9540,127703,250896,-8388607,1,2660,2664,2662,758,2474,-10110976,1,1,15,1,287,0,0,0,1
443348907,197838,201382,219873,184940,238027,115765,174238,228254,171933,210937,209983,200521,224059,148668,201104,194426,134591,228243,235011,161065,-9535,127687,250974,-8388607,1,2659,2668,2662,755,2481,-10110976,1,1,15,1,287,0,0,0,1
443348908,197697,201378,219715,184746,237883,115630,174216,228104,171957,211076,209871,200507,223799,148349,201047,194084,134597,228303,234941,161019,-9490,127772,250956,-8388607,1,2660,2665,2666,752,2477,-10110976,1,1,15,1,287,0,0,0,1
443348909,197632,201329,219807,184749,237949,115739,174337,228139,172164,211095,209974,200596,223827,148186,200914,194443,134904,228520,235169,161100,-9418,127859,251041,-8388607,1,2663,2666,2658,757,2475,-10110976,1,1,15,1,287,0,0,0,1
443348910,197738,201222,219767,184701,238058,115704,174243,228275,172008,211097,209944,200485,223706,148142,200901,194144,134912,228476,235193,161050,-9427,127784,250940,-8388607,1,2661,2668,2659,757,2479,-10110976,1,1,15,1,287,0,0,0,1
443348911,197737,201355,219782,184895,237896,115664,174377,228270,171946,211150,209987,200561,223368,147868,200848,194045,134858,228336,235116,161030,-9464,127716,250984,-8388607,1,2663,2663,2666,751,2479,-10110976,1,1,15,1,287,0,0,0,1
443348912,197837,201368,219971,184953,238012,115668,174118,228296,171902,210979,209750,200394,223678,147971,200675,193850,134700,228184,234940,160959,-9577,127542,250808,-8388607,1,2668,2664,2663,757,2478,-10110976,1,1,15,1,287,0,0,0,1
443348913,198037,201486,220260,184913,237944,115688,174319,228312,172001,210862,209959,200234,223698,148028,200973,193859,134579,228294,235018,160971,-9414,127734,251000,-8388607,1,2663,2667,2655,756,2477,-10110976,1,1,15,1,287,0,0,0,1
443348914,198054,201746,220287,185131,237994,115720,174369,228450,171915,211116,209834,200500,223741,148024,200928,194144,134490,228185,234903,160983,-9352,127797,250993,-8388607,1,2659,2660,2664,754,2484,-10110976,1,1,15,1,287,0,0,0,1
443348915,198121,201710,220120,185201,238160,115670,174340,228304,172019,210969,210020,200360,223758,148243,200847,194121,134305,227859,234753,160884,-9502,127697,250969,-8388607,1,2665,2663,2665,755,2476,-10110976,1,1,15,1,287,0,0,0,1
443348916,198110,201665,220145,185071,238058,115710,174360,228332,171954,211042,209958,200413,224058,148499,201013,194372,134160,227841,234719,160879,-9371,127721,250902,-8388607,1,2661,2665,2664,760,2471,-10110976,1,1,15,1,287,0,0,0,1
443348917,198298,201722,220046,185071,238126,115894,174531,228494,171899,210911,209962,200579,224163,148633,201158,194256,134013,227850,234762,160745,-9394,127834,250892,-8388607,1,2659,2669,2664,754,2481,-10110976,1,1,15,1,287,0,0,0,1
443348918,198180,201881,220083,185066,238187,115904,174374,228512,172039,210996,209898,200395,224344,148860,201125,194657,134015,227632,234416,160593,-9295,127878,250877,-8388607,1,2665,2664,2666,754,2478,-10110976,1,1,15,1,287,0,0,0,1
443348919,198185,201688,219894,184981,238085,115880,174471,228345,172034,210978,209978,200484,224273,148685,201277,194653,134158,227961,234707,160855,-9353,127976,251089,-8388607,1,2665,2666,2662,759,2475,-10110976,1,1,15,1,287,0,0,0,1
443348920,198141,201592,219954,184890,237964,115969,174419,228420,172114,211077,209901,200290,224310,148701,201316,194448,134292,227961,234631,160747,-9418,127797,250981,-8388607,1,2668,2664,2666,754,2481,-10110976,1,1,15,1,287,0,0,0,1
443348921,197965,201398,219945,184891,237853,115782,174239,228142,171927,211030,209805,200382,224137,148594,201176,194458,134235,227799,234549,160838,-9510,127706,250844,-8388607,1,2661,2662,2666,751,2479,-10110976,1,1,15,1,287,0,0,0,1
443348922,197793,201336,219947,184984,237805,115659,174301,228050,172086,211137,209792,200484,224200,148768,201276,194461,134242,227910,234898,160906,-9481,127648,250937,-8388607,1,2664,2663,2663,756,2477,-10110976,1,1,15,1,287,0,0,0,1
443348923,197917,201355,220045,184926,237988,115761,174205,228267,172198,210937,210092,200574,223951,148508,201019,194207,134422,228356,234977,161013,-9544,127633,250961,-8388607,1,2662,2668,2659,754,2480,-10110976,1,1,15,1,287,0,0,0,1
443348924,197814,201285,220043,184930,237874,115574,174338,228233,172189,210901,209987,200279,223714,148084,200862,194014,134680,228116,235090,161178,-9633,127496,250854,-8388607,1,2663,2662,2659,753,2482,-10110976,1,1,15,1,287,0,0,0,1
443348925,197842,201443,219973,184956,237860,115657,174392,228206,171983,211101,209944,200488,223684,148248,200799,194071,134922,228384,235132,161272,-9440,127669,250939,-8388607,1,2668,2659,2662,757,2476,-10110976,1,1,15,1,287,0,0,0,1
443348926,197982,201454,219983,184988,237932,115495,174458,228251,171775,210794,209924,200484,223619,148105,200817,194027,134967,228563,235128,161064,-9506,127704,250974,-8388607,1,2661,2664,2656,758,2475,-10110976,1,1,15,1,287,0,0,0,1
443348927,197968,201808,220018,184977,238030,115739,174360,228263,171881,210938,209799,200356,223595,147838,200696,193799,134979,228402,235262,161197,-9303,127742,250906,-8388607,1,2657,2664,2664,753,2482,-10110976,1,1,15,1,287,0,0,0,1
443348928,198093,201512,219847,184949,238014,115779,174301,228300,171746,210991,209748,200347,223467,147838,200919,193882,134906,228241,235093,161107,-9477,127793,250877,-8388607,1,2661,2663,2666,757,2478,-10110976,1,1,15,1,287,0,0,0,1
443348929,198192,201702,220025,184966,237953,115737,174308,228314,171816,210934,209816,200329,223542,148049,200834,194053,134586,228232,235137,160988,-9390,127915,250923,-8388607,1,2661,2665,2662,758,2473,-10110976,1,1,15,1,287,0,0,0,1
443348930,198131,201713,220051,185025,238034,115980,174412,228433,171774,210763,209763,200339,223569,148158,200974,194230,134511,228124,235001,160923,-9349,127874,251025,-8388607,1,2659,2670,2662,755,2482,-10110976,1,1,15,1,287,0,0,0,1
443348931,197980,201639,220038,185106,237939,116044,174491,228363,171941,210862,209809,200382,223891,148352,201055,194291,134423,227980,234955,160907,-9420,127786,250836,-8388607,1,2661,2664,2665,752,2478,-10110976,1,1,15,1,287,0,0,0,1
443348932,198071,201553,220174,185048,237942,115825,174474,228393,172043,210964,209792,200373,224054,148561,201063,194451,134247,227831,234815,160936,-9423,127790,250914,-8388607,1,2665,2664,2662,758,2477,-10110976,1,1,15,1,287,0,0,0,1
443348933,198043,201520,220297,184975,238085,116122,174729,228494,172157,211272,209895,200412,224201,148769,201153,194380,134193,227850,234878,161027,-9436,127787,250862,-8388607,1,2661,2669,2662,755,2479,-10110976,1,1,15,1,287,0,0,0,1
443348934,197842,201425,220001,184973,238176,115799,174463,228239,172090,210819,209991,200677,224295,148904,201170,194439,134103,227877,234696,160899,-9586,127684,250927,-8388607,1,2665,2663,2665,753,2481,-10110976,1,1,15,1,287,0,0,0,1
443348935,197841,201459,219998,184862,237859,115741,174146,228222,171877,211037,209945,200671,224126,148713,201166,194480,134242,227836,234764,160775,-9415,127785,250895,-8388607,1,2668,2663,2666,756,2477,-10110976,1,1,15,1,287,0,0,0,1
443348936,197783,201447,219908,184825,238020,115673,174174,228047,171997,210989,209915,200543,224247,148842,201226,194459,134285,227875,234762,160927,-9396,127604,250880,-8388607,1,2661,2667,2664,757,2480,-10110976,1,1,15,1,287,0,0,0,1
443348937,197818,201421,219855,184844,237846,115814,174023,228234,172132,211057,209921,200318,224084,148618,201228,194579,134346,228068,234699,160798,-9488,127680,250891,-8388607,1,2662,2666,2661,752,2483,-10110976,1,1,15,1,287,0,0,0,1
443348938,198015,201553,219957,184739,237772,115770,174178,228167,171771,211055,209946,200464,224144,148721,201131,194523,134432,227984,234806,160934,-9500,127840,251054,-8388607,1,2663,2663,2664,755,2480,-10110976,1,1,15,1,287,0,0,0,1
443348939,197886,201506,219905,184869,237856,115681,174363,228297,171930,211161,210022,200491,224089,148423,201104,194241,134663,228074,234813,160821,-9506,127665,250924,-8388607,1,2662,2665,2661,752,2474,-10110976,1,1,15,1,287,0,0,0,1
443348940,198049,201644,220051,184904,237816,115679,174388,228371,171992,211121,209822,200459,223557,148228,201039,194242,134612,228225,234938,160955,-9396,127837,250846,-8388607,1,2661,2664,2662,755,2482,-10110976,1,1,15,1,287,0,0,0,1
443348941,198118,201587,220240,184991,237862,115571,174266,228330,171984,210964,209693,200413,223495,148229,200907,194155,134832,228203,235134,161138,-9440,127778,250802,-8388607,1,2665,2663,2670,756,2480,-10110976,1,1,15,1,287,0,0,0,1
443348942,198069,201696,220237,185046,238081,115763,174392,228431,171974,211003,209824,200545,223709,148028,200784,194093,134866,228335,235120,161099,-9408,127732,250908,-8388607,1,2665,2664,2662,758,2475,-10110976,1,1,15,1,287,0,0,0,1
443348943,198067,201495,220182,185001,238088,115998,174377,228267,171890,211191,209855,200508,223602,148258,200789,193785,134785,228358,235100,161143,-9418,127762,250898,-8388607,1,2658,2668,2664,753,2479,-10110976,1,1,15,1,287,0,0,0,1
443348944,198186,201631,220150,185072,238310,115993,174556,228406,172049,211018,210034,200636,223500,148118,200800,193881,134792,228448,235255,161184,-9298,128009,251028,-8388607,1,2660,2663,2667,755,2477,-10110976,1,1,15,1,287,0,0,0,1
443348945,198104,201735,220057,184936,238189,115776,174388,228280,171703,211014,209881,200453,223608,148118,200928,193944,134596,228272,235166,161069,-9295,127858,251049,-8388607,1,2668,2662,2662,756,2475,-10110976,1,1,15,1,287,0,0,0,1
443348946,197939,201669,219892,184978,238120,115940,174521,228443,172054,211037,209976,200551,223808,148046,200993,194209,134581,228159,234912,161027,-9374,127741,250901,-8388607,1,2662,2668,2659,755,2480,-10110976,1,1,15,1,287,0,0,0,1
443348947,197995,201740,220028,184940,237994,116033,174519,228477,171952,211046,209820,200618,223646,148311,201062,194225,134572,228064,234983,160975,-9336,127714,250927,-8388607,1,2661,2662,2664,754,2482,-10110976,1,1,15,1,287,0,0,0,1
443348948,197842,201550,219937,184860,238086,115930,174387,228396,172155,211123,210048,200440,224035,148583,201331,194580,134394,228037,234857,160968,-9355,127740,250936,-8388607,1,2662,2661,2664,755,2477,-10110976,1,1,15,1,287,0,0,0,1
443348949,197902,201344,219970,184989,237940,115803,174414,228232,172151,211032,209964,200402,224209,148697,201254,194494,134315,227982,234689,160927,-9477,127754,250923,-8388607,1,2661,2663,2659,758,2479,-10110976,1,1,15,1,287,0,0,0,1
443348950,197941,201357,220018,184919,237861,115698,174075,228202,172090,210974,209735,200413,224192,148713,201434,194329,134154,227983,234689,161002,-9496,127666,250799,-8388607,1,2661,2664,2664,754,2482,-10110976,1,1,15,1,287,0,0,0,1
443348951,197874,201496,220214,184947,237684,115607,174152,228045,171966,211028,209901,200601,224265,148906,201221,194659,134386,227788,234736,160928,-9418,127624,250906,-8388607,1,2666,2663,2662,756,2478,-10110976,1,1,15,1,287,0,0,0,1
443348952,197966,201450,220120,184895,237829,115698,174207,228133,172069,211134,209921,200443,224326,148872,201301,194627,134293,228010,234978,160989,-9450,127644,250909,-8388607,1,2661,2665,2662,759,2473,-10110976,1,1,15,1,287,0,0,0,1
443348953,198079,201601,220069,185032,237918,115786,174150,228359,172041,210816,210150,200445,224346,148823,201132,194703,134561,227936,234991,160980,-9356,127668,250957,-8388607,1,2657,2666,2662,754,2481,-10110976,1,1,15,1,287,0,0,0,1
443348954,198150,201815,220036,185180,237969,115909,174328,228416,171940,210798,209982,200461,224219,148695,201198,194321,134510,228093,234810,160929,-9445,127826,250891,-8388607,1,2661,2665,2667,752,2479,-10110976,1,1,15,1,287,0,0,0,1
443348955,198081,201817,219957,185034,238000,115742,174509,228295,171953,211064,209941,200340,224089,148541,200902,194236,134530,228158,234876,160936,-9383,127722,250910,-8388607,1,2667,2663,2663,756,2475,-10110976,1,1,15,1,287,0,0,0,1
443348956,198262,201929,220023,185182,237885,115729,174368,228382,171951,211104,209993,200562,223906,148369,201022,194160,134688,228181,234997,160895,-9389,127751,250908,-8388607,1,2663,2666,2659,755,2479,-10110976,1,1,15,1,287,0,0,0,1
443348957,198296,201881,220058,185150,238160,115918,174525,228215,171834,210886,209849,200648,223697,148215,200860,194185,134790,228186,234962,161024,-9348,127774,250845,-8388607,1,2663,2672,2666,757,2477,-10110976,1,1,15,1,287,0,0,0,1
443348958,198227,201654,219941,184971,238270,115949,174505,228352,172068,210875,209908,200357,223504,148008,200668,194037,134743,228237,235058,160808,-9497,127646,250884,-8388607,1,2666,2663,2662,755,2476,-10110976,1,1,15,1,287,0,0,0,1
443348959,198168,201659,220058,184957,238227,115803,174372,228435,172013,211105,209955,200435,223610,148015,200759,194009,134592,228193,235045,160984,-9448,127828,251011,-8388607,1,2660,2669,2659,758,2477,-10110976,1,1,15,1,287,0,0,0,1
443348960,198086,201543,220138,184937,238274,115868,174533,228420,172157,211214,210056,200422,223552,147897,200575,193927,134585,228143,235077,161085,-9421,127786,250999,-8388607,1,2657,2665,2661,750,2480,-10110976,1,1,15,1,287,0,0,0,1
443348961,198033,201404,220017,184783,238311,115770,174370,228342,172277,211216,210107,200554,223682,148168,200817,193972,134358,228255,235023,161045,-9477,127678,250924,-8388607,1,2666,2663,2662,757,2477,-10110976,1,1,15,1,287,0,0,0,1
443348962,197866,201403,219984,184851,238073,115878,174360,228325,172028,211290,209915,200454,223811,148131,200950,194054,134425,228045,234857,160981,-9582,127600,251006,-8388607,1,2663,2664,2660,759,2478,-10110976,1,1,15,1,287,0,0,0,1
443348963,197794,201338,219769,184818,238029,115888,174273,228324,172020,211226,210111,200559,223999,148512,201075,194231,134212,228076,235034,161142,-9484,127592,251055,-8388607,1,2654,2667,2666,756,2481,-10110976,1,1,15,1,287,0,0,0,1
443348964,197842,201450,219771,184802,237929,115790,174241,228151,172128,211033,209777,200468,224193,148684,201124,194188,134156,228105,234909,160899,-9506,127641,250964,-8388607,1,2659,2661,2668,750,2477,-10110976,1,1,15,1,287,0,0,0,1
443348965,197777,201365,219815,184798,237798,115751,174235,228207,172001,211009,209890,200521,224303,148642,201319,194436,134227,228026,234834,160851,-9539,127751,251006,-8388607,1,2663,2664,2659,758,2475,-10110976,1,1,15,1,287,0,0,0,1
443348966,197880,201565,219831,184896,237976,115543,174283,228299,171873,210960,209849,200616,224317,148804,201476,194783,134344,227933,234762,160864,-9494,127726,251027,-8388607,1,2662,2668,2663,754,2479,-10110976,1,1,15,1,287,0,0,0,1
443348967,197877,201546,219913,184819,237809,115592,174104,228160,171918,210882,209975,200433,224448,148976,201318,194815,134422,227995,234804,160914,-9497,127748,251049,-8388607,1,2667,2663,2666,751,2478,-10110976,1,1,15,1,287,0,0,0,1
443348968,198124,201617,220053,184928,237868,115611,174191,228056,172012,210736,209824,200352,224227,148921,201443,194608,134395,227946,234786,160918,-9372,127711,251023,-8388607,1,2666,2663,2663,757,2475,-10110976,1,1,15,1,287,0,0,0,1
443348969,198160,201555,220023,184951,237990,115584,174222,228263,171764,210781,209640,200217,224138,148717,201200,194604,134591,228132,235043,161057,-9368,127801,250986,-8388607,1,2661,2667,2659,753,2479,-10110976,1,1,15,1,287,0,0,0,1
443348970,198224,201613,220260,185092,237987,115706,174177,228154,171773,211007,209826,200361,224211,148563,201067,194204,134728,228299,235056,161095,-9408,127834,251006,-8388607,1,2665,2663,2665,749,2481,-10110976,1,1,15,1,287,0,0,0,1
443348971,198337,201736,220184,185043,237926,115708,174219,228327,171771,210760,209776,200402,224005,148373,200840,194111,134675,228367,234938,161055,-9378,127905,250976,-8388607,1,2663,2662,2664,756,2478,-10110976,1,1,15,1,287,0,0,0,1
443348972,198378,201920,220188,185135,237966,115958,174356,228212,171785,210974,209776,200491,223835,148167,200940,194080,134779,228394,235165,161042,-9243,127936,251144,-8388607,1,2667,2666,2662,757,2479,-10110976,1,1,15,1,287,0,0,0,1
443348973,198260,201871,220050,185092,238100,115979,174371,228299,172072,211006,209891,200521,223723,148067,200749,193933,134987,228483,235125,161162,-9307,127973,251238,-8388607,1,2661,2664,2665,754,2482,-10110976,1,1,15,1,287,0,0,0,1
443348974,198066,201842,219966,185013,238191,115833,174552,228518,171894,210992,209972,200457,223663,148048,200768,193993,134802,228362,235128,161146,-9376,127741,251070,-8388607,1,2661,2659,2666,757,2477,-10110976,1,1,15,1,287,0,0,0,1
443348975,197872,201620,219877,184874,238051,115857,174549,228504,172231,210997,210056,200585,223463,147919,200885,194073,134727,228217,235035,161075,-9554,127715,251045,-8388607,1,2659,2672,2661,760,2473,-10110976,1,1,15,1,287,0,0,0,1
443348976,197709,201445,219771,184819,238146,115901,174568,228422,172039,211136,209952,200484,223471,148105,200845,194023,134607,228099,234892,161034,-9506,127702,251243,-8388607,1,2662,2667,2666,756,2481,-10110976,1,1,15,1,287,0,0,0,1
443348977,197687,201336,219863,184770,238136,115941,174521,228333,172109,211056,210068,200517,223758,148233,200900,193972,134402,228137,234823,160997,-9432,127584,251102,-8388607,1,2665,2665,2663,756,2477,-10110976,1,1,15,1,287,0,0,0,1
443348978,197717,201330,219788,184795,238046,115827,174223,228189,172198,211308,210063,200524,223662,148470,200766,194313,134316,228048,234925,160884,-9539,127752,251065,-8388607,1,2665,2666,2663,757,2476,-10110976,1,1,15,1,287,0,0,0,1
443348979,197668,201094,220011,184772,238028,115744,174342,228054,172288,211072,210124,200644,223956,148542,200808,194395,134233,227997,234854,160843,-9560,127664,251133,-8388607,1,2664,2668,2661,750,2481,-10110976,1,1,15,1,287,0,0,0,1
443348980,197916,201257,219957,184774,237899,115728,174223,228161,172101,211032,210088,200365,224203,148816,201125,194557,134175,227862,234690,160824,-9482,127555,251179,-8388607,1,2663,2666,2667,751,2479,-10110976,1,1,15,1,287,0,0,0,1
443348981,198020,201365,220108,185028,237863,115757,174248,228158,171944,210955,210106,200588,224353,148893,201274,194596,134203,227789,234780,160860,-9455,127722,251198,-8388607,1,2670,2666,2662,755,2477,-10110976,1,1,15,1,287,0,0,0,1
443348982,198035,201540,220028,184930,237810,115700,174239,228114,171858,210970,209916,200556,224180,149030,201286,194614,134265,227908,234741,160896,-9433,127718,250983,-8388607,1,2663,2666,2658,755,2480,-10110976,1,1,15,1,287,0,0,0,1
443348983,198328,201898,219959,184964,237874,115734,174411,228229,171871,211021,209841,200452,224341,148966,201335,194655,134240,228001,234672,160954,-9471,127766,251130,-8388607,1,2663,2662,2664,753,2482,-10110976,1,1,15,1,287,0,0,0,1
443348984,198280,201863,220059,185026,237845,115574,174114,228246,171865,210871,209888,200222,224212,148625,201190,194531,134358,228152,234896,160932,-9364,127757,251050,-8388607,1,2665,2659,2658,757,2478,-10110976,1,1,15,1,287,0,0,0,1
443348985,198229,201727,220032,185028,237947,115629,174174,228237,171836,210813,209817,200217,224100,148635,201169,194355,134584,228238,234876,160910,-9376,127821,251088,-8388607,1,2662,2667,2664,759,2477,-10110976,1,1,15,1,287,0,0,0,1
443348986,198286,201822,220200,185205,238115,115733,174287,228424,171784,210751,209785,200339,224013,148300,201157,194176,134938,228350,235132,160999,-9369,127758,251073,-8388607,0,2661,2665,2665,752,2484,-10110976,1,1,14,1,287,0,0,0,1
443348987,198199,201823,220073,185207,238179,115814,174469,228351,171906,210840,209785,200438,223933,148249,201063,194220,134876,228369,235048,161175,-9317,127824,251089,-8388607,0,2665,2664,2664,756,2478,-10110976,1,1,14,1,287,0,0,0,1
443348988,198131,201603,220120,185094,238137,115932,174366,228440,172033,210904,209758,200638,223627,148165,200877,193991,134660,228483,235124,161169,-9406,127649,251105,-8388607,0,2673,2663,2662,759,2475,-10110976,1,1,14,1,287,0,0,0,1
443348989,197989,201623,220152,185072,238189,115951,174386,228313,171898,211124,209781,200556,223556,147980,200793,193960,134943,228416,235259,161211,-9600,127582,251277,-8388607,0,2659,2668,2664,753,2482,-10110976,1,1,14,1,287,0,0,0,1
443348990,197937,201351,220112,184938,238167,115892,174483,228528,172042,211293,209950,200547,223503,148003,200813,193936,134770,228413,235299,161246,-9456,127715,251182,-8388607,0,2661,2663,2668,751,2479,-10110976,1,1,14,1,287,0,0,0,1
443348991,197682,201252,219851,184801,237964,115818,174391,228275,171874,211198,210056,200703,223434,147994,200678,193973,134603,228233,235074,161240,-9547,127749,251219,-8388607,0,2666,2666,2662,757,2475,-10110976,1,1,14,1,287,0,0,0,1
443348992,197730,201176,219733,184700,237798,115714,174279,228131,172205,211124,209992,200493,223413,148173,200693,193943,134277,228066,234769,160892,-9384,127628,251138,-8388607,0,2661,2668,2662,755,2479,-10110976,1,1,14,1,287,0,0,0,1
443348993,197813,201284,219860,184781,237970,115696,174341,228101,172182,211263,210079,200596,223668,148358,200962,194165,134275,228124,234855,160955,-9597,127716,251303,-8388607,0,2668,2666,2666,751,2482,-10110976,1,1,14,1,287,0,0,0,1
443348994,197833,201280,219846,184797,237943,115706,174204,228138,172471,211027,210097,200538,223921,148393,201128,194183,134158,227983,234694,160914,-9564,127684,251125,-8388607,0,2666,2663,2662,756,2477,-10110976,1,1,14,1,287,0,0,0,1
443348995,197805,201451,219986,184899,237882,115688,174359,228297,172162,211173,209983,200462,223945,148478,201334,194259,134114,227886,234797,160889,-9604,127687,251177,-8388607,0,2661,2666,2666,758,2477,-10110976,1,1,14,1,287,0,0,0,1
443348996,198043,201564,220093,185023,238087,115802,174375,228300,172112,211076,210224,200553,224225,148549,201337,194456,134179,227668,234727,160767,-9504,127703,251279,-8388607,0,2658,2662,2671,755,2481,-10110976,1,1,14,1,287,0,0,0,1
443348997,198072,201654,219871,185084,237969,115684,174160,228269,172016,211037,209945,200508,224309,148943,201243,194530,134022,227719,234560,160525,-9556,127740,251153,-8388607,0,2665,2663,2666,756,2476,-10110976,1,1,14,1,287,0,0,0,1
443348998,198177,201623,220171,185181,237979,115952,174438,228331,171741,211007,209824,200370,224254,148793,201151,194509,134100,227735,234647,160726,-9416,127707,251307,-8388607,0,2665,2667,2661,756,2474,-10110976,1,1,14,1,287,0,0,0,1
443348999,198158,201816,220065,184998,238073,115866,174299,228432,171704,210864,209917,200439,224244,148919,201128,194382,134196,227920,234668,160887,-9298,127738,251286,-8388607,0,2662,2668,2665,753,2483,-10110976,1,1,14,1,287,0,0,0,1
443349000,198485,201911,220200,185075,237937,115899,174652,228513,171938,210902,209823,200590,224371,148740,201117,194538,134455,228090,234787,160816,-9387,127899,251288,-8388607,0,2661,2665,2670,747,2477,-10110976,1,1,14,1,287,0,0,0,1
443349001,198414,201854,220050,185140,238025,115820,174324,228559,171933,210868,209980,200619,224109,148720,201090,194385,134468,228189,234802,161052,-9393,127860,251199,-8388607,0,2664,2666,2663,758,2476,-10110976,1,1,14,1,287,0,0,0,1
443349002,198195,201710,220011,185052,238224,115870,174567,228362,171904,211006,209823,200443,223844,148520,201106,194378,134623,228413,235034,161123,-9504,127976,251256,-8388607,0,2661,2666,2662,754,2480,-10110976,1,1,14,1,287,0,0,0,1
443349003,198117,201640,219890,185011,238071,115789,174452,228430,172008,210885,209895,200401,223766,148319,201112,194185,134820,228459,235232,161203,-9382,127796,251251,-8388607,0,2665,2663,2666,751,2477,-10110976,1,1,14,1,287,0,0,0,1
443349004,197880,201514,219850,184791,237947,115772,174357,228267,171905,211046,209943,200521,223715,148215,201067,194015,134963,228262,235267,161086,-9570,127673,251210,-8388607,0,2665,2659,2666,757,2476,-10110976,1,1,14,1,287,0,0,0,1
443349005,197783,201245,219757,184743,237944,115693,174076,228082,172109,211054,210009,200422,223663,147980,200903,194027,134727,228351,235271,161112,-9569,127600,251199,-8388607,0,2661,2666,2658,755,2479,-10110976,1,1,14,1,287,0,0,0,1
443349006,197762,201285,219884,184905,237745,115761,173864,228090,172147,211196,210049,200494,223693,148075,200891,194047,134684,228433,235273,161202,-9573,127623,251378,-8388607,0,2660,2665,2664,753,2479,-10110976,1,1,14,1,287,0,0,0,1
443349007,197701,201338,219983,184804,237780,115559,174065,228105,171919,211177,209925,200551,223682,148145,201064,193897,134709,228271,235013,160999,-9519,127591,251320,-8388607,0,2663,2659,2664,756,2478,-10110976,1,1,14,1,287,0,0,0,1
443349008,197592,201306,219881,184813,237531,115689,174192,228206,172013,211021,209887,200523,223737,148272,200903,194035,134494,228231,235100,160984,-9606,127762,251288,-8388607,0,2664,2666,2659,760,2481,-10110976,1,1,14,1,287,0,0,0,1
443349009,197803,201339,219850,184860,237828,115625,174273,228217,172040,211036,209885,200482,223819,148450,201038,194237,134350,227939,234985,160983,-9571,127630,251153,-8388607,0,2663,2665,2664,757,2481,-10110976,1,1,14,1,287,0,0,0,1
443349010,197916,201523,219916,184889,237841,115472,174299,228230,172041,211193,209724,200459,223876,148593,201110,194391,134201,227966,234708,161037,-9399,127891,251117,-8388607,0,2663,2662,2666,755,2477,-10110976,1,1,14,1,287,0,0,0,1
443349011,198023,201729,220021,184789,237929,115775,174466,228388,171831,210891,209498,200496,224161,148446,201269,194394,134172,228003,234846,160927,-9375,127798,251226,-8388607,0,2659,2665,2663,758,2477,-10110976,1,1,14,1,287,0,0,0,1
443349012,198286,201820,220080,184990,238301,115921,174415,228403,171665,210765,209865,200473,224327,148606,201261,194564,134254,227901,234877,160883,-9376,127808,251222,-8388607,0,2662,2670,2663,754,2481,-10110976,1,1,14,1,287,0,0,0,1
443349013,198295,201872,220134,185145,238142,115990,174292,228447,171689,210799,209791,200327,224247,148501,201380,194278,134180,227563,234754,160725,-9464,127756,251202,-8388607,0,2664,2664,2666,749,2478,-10110976,1,1,14,1,287,0,0,0,1
443349014,198304,201792,220351,185075,238425,115996,174448,228423,171770,210965,209903,200512,224270,148841,201283,194565,134238,228002,234754,160748,-9477,127846,251148,-8388607,0,2665,2665,2662,757,2475,-10110976,1,1,14,1,287,0,0,0,1
443349015,198417,201912,220265,185206,238262,116014,174532,228615,171822,210959,209941,200486,224230,148630,201068,194338,134509,227990,234753,160982,-9331,127967,251221,-8388607,0,2663,2669,2659,755,2480,-10110976,1,1,14,1,287,0,0,0,1
443349016,198326,201756,220224,185175,238157,115854,174570,228514,171892,211000,209790,200393,224042,148497,200973,194197,134470,228042,234936,160931,-9372,127783,251292,-8388607,0,2660,2666,2665,751,2481,-10110976,1,1,14,1,287,0,0,0,1
443349017,197996,201783,220099,185248,238229,116004,174505,228632,172044,211382,210138,200502,224094,148513,200785,194298,134676,227980,234752,160767,-9351,127797,251325,-8388607,0,2661,2659,2664,756,2478,-10110976,1,1,14,1,287,0,0,0,1
443349018,197942,201710,219888,184940,238006,115780,174521,228469,172049,211136,209925,200465,223670,148149,200760,194078,134533,228245,234921,161025,-9438,127728,251164,-8388607,0,2662,2665,2662,760,2477,-10110976,1,1,14,1,287,0,0,0,1
443349019,197867,201630,219930,184918,238056,115820,174309,228302,171850,211069,209878,200581,223766,148048,200809,194023,134652,228228,235150,161147,-9526,127636,251228,-8388607,0,2663,2662,2665,753,2480,-10110976,1,1,14,1,287,0,0,0,1
443349020,197613,201428,219815,184736,237990,115601,174165,228295,172198,211069,209981,200653,223599,147970,200720,193929,134428,228061,235024,161025,-9607,127780,251215,-8388607,0,2668,2662,2664,755,2480,-10110976,1,1,14,1,287,0,0,0,1
443349021,197694,201392,219739,184801,237797,115819,174056,228177,172132,211223,210123,200499,223539,147921,200889,194027,134537,228167,235064,161017,-9564,127780,251331,-8388607,0,2664,2665,2661,758,2475,-10110976,1,1,14,1,287,0,0,0,1
443349022,197800,201363,219910,184735,237870,115752,174112,228001,171985,211126,209956,200587,223633,148160,200908,193888,134585,228068,235049,161168,-9575,127647,251284,-8388607,0,2657,2667,2663,754,2480,-10110976,1,1,14,1,287,0,0,0,1
443349023,197678,201236,219769,184800,237914,115675,174305,228085,172041,211088,209843,200622,223781,148309,200869,194051,134639,228150,234826,160988,-9461,127724,251121,-8388607,0,2663,2662,2666,753,2478,-10110976,1,1,14,1,287,0,0,0,1
443349024,197809,201414,220038,184819,237823,115532,174225,228288,171852,210770,209832,200446,223659,148401,201177,194075,134462,228043,234943,161016,-9481,127566,251249,-8388607,0,2665,2664,2664,760,2473,-10110976,1,1,14,1,287,0,0,0,1
443349025,197851,201414,220047,184856,237998,115604,174332,228156,171685,210976,209849,200491,223874,148528,201300,194264,134306,228022,234812,160767,-9470,127735,251130,-8388607,0,2661,2666,2662,754,2476,-10110976,1,1,14,1,287,0,0,0,1
443349026,197952,201569,220090,185039,238138,115770,174483,228460,171716,210816,209758,200285,224124,148673,201065,194318,134526,228005,234819,160852,-9404,127819,251362,-8388607,0,2661,2660,2663,749,2477,-10110976,1,1,14,1,287,0,0,0,1
443349027,198026,201690,219957,184870,238201,115900,174435,228372,171712,210642,209601,200308,224126,148771,201154,194340,134578,228067,234781,160998,-9394,127662,251303,-8388607,0,2663,2665,2662,755,2478,-10110976,1,1,14,1,287,0,0,0,1
443349028,198194,201723,220133,185032,238224,115952,174398,228468,171694,210875,209654,200300,224394,149026,201273,194436,134494,228071,234982,161065,-9360,127863,251310,-8388607,0,2660,2666,2658,758,2480,-10110976,1,1,14,1,287,0,0,0,1
443349029,198325,201780,219954,185139,238185,115927,174402,228427,171762,210929,209919,200415,224196,148847,201533,194511,134422,228132,235064,161124,-9440,127880,251299,-8388607,0,2666,2661,2663,755,2482,-10110976,1,1,14,1,287,0,0,0,1
443349030,198271,201792,219936,185027,238117,115841,174237,228353,171709,210768,209803,200491,224124,148661,201160,194358,134561,228113,234967,160954,-9436,127847,251230,-8388607,0,2667,2663,2661,753,2477,-10110976,1,1,14,1,287,0,0,0,1
443349031,198118,201598,220033,184994,238103,115758,174391,228414,171846,210995,209911,200389,223937,148403,201186,194400,134667,228179,234858,161004,-9438,127833,251225,-8388607,0,2661,2667,2661,757,2478,-10110976,1,1,14,1,287,0,0,0,1
443349032,197952,201562,220050,184919,237994,115866,174412,228220,171994,210925,209974,200272,223911,148473,200961,194198,134603,228105,234990,160937,-9418,127790,251268,-8388607,0,2658,2663,2664,751,2482,-10110976,1,1,14,1,287,0,0,0,1
443349033,197906,201448,219925,184874,237909,115641,174421,228254,172148,211252,210087,200653,223874,148325,201069,194054,134672,228111,235003,160892,-9511,127606,251238,-8388607,0,2659,2661,2668,756,2478,-10110976,1,1,14,1,287,0,0,0,1
443349034,197887,201225,219965,184812,237847,115511,174179,228230,172030,211412,210012,200591,223676,148183,200738,194003,134612,228199,235012,160910,-9648,127716,251232,-8388607,0,2663,2668,2664,760,2473,-10110976,1,1,14,1,287,0,0,0,1
443349035,197756,201201,219822,184931,237780,115676,174181,228100,172238,211496,210079,200667,223783,148344,200759,194179,134589,228097,234977,161033,-9659,127730,251170,-8388607,0,2666,2666,2663,752,2481,-10110976,1,1,14,1,287,0,0,0,1
443349036,197779,201440,219933,184939,237914,115704,174200,228250,172235,211211,210206,200798,223658,148310,200748,194160,134564,228054,234934,161048,-9552,127661,251386,-8388607,0,2664,2663,2672,752,2477,-10110976,1,1,14,1,287,0,0,0,1
443349037,197896,201373,219878,184849,237772,115585,174085,228067,172139,211087,210003,200536,223691,148285,200722,193941,134296,227943,234849,160928,-9613,127628,251172,-8388607,0,2664,2668,2666,757,2471,-10110976,1,1,14,1,287,0,0,0,1
443349038,197811,201564,219921,184855,237907,115563,174383,228400,172077,210883,210040,200518,223757,148142,200823,193995,134308,228141,234847,160879,-9461,127807,251198,-8388607,0,2659,2667,2662,755,2477,-10110976,1,1,14,1,287,0,0,0,1
443349039,198050,201621,220032,184901,238079,115797,174336,228237,171969,210869,209911,200514,223679,148230,200829,194037,134245,228016,234821,160870,-9450,127941,251267,-8388607,0,2662,2667,2666,754,2477,-10110976,1,1,14,1,287,0,0,0,1
443349040,198132,201767,220109,185055,238178,115996,174332,228371,172061,211064,210022,200596,224028,148432,201319,194247,134370,228181,234930,161012,-9334,127949,251238,-8388607,0,2668,2659,2666,757,2473,-10110976,1,1,14,1,287,0,0,0,1
443349041,198211,201717,220145,185024,238285,115690,174457,228496,171844,211041,209773,200396,224051,148576,201358,194324,134360,228050,234811,160879,-9329,127911,251246,-8388607,0,2660,2669,2659,757,2477,-10110976,1,1,14,1,287,0,0,0,1
443349042,198231,201732,220136,185132,238300,115857,174474,228424,171752,210906,209888,200383,224136,148606,201118,194551,134418,228008,234817,161004,-9352,127903,251244,-8388607,0,2660,2662,2666,755,2481,-10110976,1,1,14,1,287,0,0,0,1
443349043,198259,201764,220285,185074,238240,115923,174777,228619,171960,210894,209886,200536,224185,148795,201489,194753,134654,228214,234943,161001,-9333,127846,251425,-8388607,0,2662,2661,2666,757,2477,-10110976,1,1,14,1,287,0,0,0,1
443349044,198256,201749,220257,185129,238323,115960,174693,228558,171703,210964,209885,200453,224109,148733,201303,194429,134559,228232,234974,160818,-9396,127821,251284,-8388607,0,2663,2665,2661,757,2479,-10110976,1,1,14,1,287,0,0,0,1
443349045,198134,201752,220071,184996,238240,115925,174394,228509,171707,211112,209753,200420,224046,148950,201140,194437,134678,228192,235051,160983,-9368,127888,251209,-8388607,0,2659,2668,2665,752,2481,-10110976,1,1,14,1,287,0,0,0,1
443349046,198087,201485,220082,184897,238011,115919,174430,228368,172003,210968,209780,200495,224116,148647,201308,194537,134705,228286,235149,161225,-9351,127889,251304,-8388607,0,2665,2664,2666,755,2478,-10110976,1,1,14,1,287,0,0,0,1
443349047,197994,201451,219965,184755,238125,115790,174169,228326,171951,211092,209928,200352,224044,148337,201265,194375,134740,228266,235176,161019,-9390,127745,251217,-8388607,0,2665,2664,2662,759,2476,-10110976,1,1,14,1,287,0,0,0,1
443349048,197832,201454,219962,184763,238036,115626,174162,228077,172119,211072,210026,200763,224099,148148,201260,194232,134744,228354,235178,161107,-9582,127677,251336,-8388607,0,2655,2668,2661,755,2479,-10110976,1,1,14,1,287,0,0,0,1
443349049,197764,201354,219840,184854,237877,115596,174104,227829,172046,211004,210054,200551,223954,148149,200887,194081,134676,228220,235116,161025,-9566,127648,251406,-8388607,0,2661,2664,2666,751,2479,-10110976,1,1,14,1,287,0,0,0,1
443349050,197931,201339,220081,185004,237785,115702,174157,227996,172171,211333,210150,200826,223761,148300,200913,194080,134727,228177,235017,161058,-9432,127867,251389,-8388607,0,2668,2666,2664,756,2478,-10110976,1,1,14,1,287,0,0,0,1
443349051,197892,201421,220075,184982,237702,115514,174241,228053,172261,211159,210087,200721,223713,148207,200898,194234,134583,228227,234975,161104,-9413,127721,251323,-8388607,0,2663,2666,2659,759,2479,-10110976,1,1,14,1,287,0,0,0,1
443349052,198185,201534,219997,185008,237770,115580,174241,228210,171995,211197,209861,200384,223618,147965,200708,194001,134408,227976,234819,160852,-9532,127750,251209,-8388607,0,2663,2663,2664,751,2484,-10110976,1,1,14,1,287,0,0,0,1
443349053,198212,201724,220011,185040,237882,115795,174516,228317,171966,210999,209883,200467,223680,148306,200818,194203,134373,227869,234753,161064,-9405,127892,251335,-8388607,0,2664,2663,2664,755,2477,-10110976,1,1,14,1,287,0,0,0,1
443349054,198220,201792,220175,185072,238158,115816,174447,228235,171935,210965,209875,200488,223591,148358,200937,194204,134218,227910,234758,160921,-9359,127821,251233,-8388607,0,2662,2667,2664,757,2479,-10110976,1,1,14,1,287,0,0,0,1
443349055,198391,201765,220248,185127,238304,115975,174343,228476,171867,210920,209864,200527,224027,148357,201022,194382,134275,227872,234749,160744,-9298,127892,251303,-8388607,0,2659,2664,2664,754,2482,-10110976,1,1,14,1,287,0,0,0,1
443349056,198467,201953,220264,185195,238489,116073,174538,228684,171951,210943,209856,200310,223991,148536,201388,194568,134337,228064,234881,160981,-9398,127891,251360,-8388607,0,2665,2663,2666,756,2478,-10110976,1,1,14,1,287,0,0,0,1
443349057,198270,201822,220113,185187,238414,116068,174445,228746,171726,210964,209931,200272,223933,148545,201361,194564,134342,228263,234862,161059,-9341,127884,251391,-8388607,0,2662,2668,2664,756,2473,-10110976,1,1,14,1,287,0,0,0,1
443349058,198237,201788,220229,185223,238472,116138,174740,228745,172019,211124,209965,200580,224110,148625,201460,194469,134541,228284,234948,161022,-9319,127789,251420,-8388607,0,2661,2668,2666,755,2481,-10110976,1,1,14,1,287,0,0,0,1
443349059,198155,201624,220243,184927,238218,116079,174712,228624,171773,210918,209944,200503,224115,148499,201228,194474,134559,228391,235011,161010,-9488,127797,251314,-8388607,0,2661,2664,2663,749,2473,-10110976,1,1,14,1,287,0,0,0,1
443349060,197856,201437,219963,184887,238255,115737,174476,228342,171978,211104,209991,200564,224158,148502,201213,194462,134721,228303,234978,161159,-9491,127792,251428,-8388607,0,2660,2665,2666,759,2473,-10110976,1,1,14,1,287,0,0,0,1
443349061,197672,201325,219925,184892,238087,115742,174489,228473,172093,211264,210007,200448,224182,148573,201214,194467,134680,228280,235049,161125,-9567,127682,251483,-8388607,0,2662,2669,2662,755,2481,-10110976,1,1,14,1,287,0,0,0,1
443349062,197714,201230,219832,184727,237919,115588,174181,228366,172232,211105,210059,200680,224065,148610,201229,194346,134893,228432,235190,161079,-9552,127690,251322,-8388607,0,2666,2663,2665,751,2479,-10110976,1,1,14,1,287,0,0,0,1
443349063,197694,201307,219825,184851,237834,115525,174141,228069,172238,211342,210155,200680,223963,148169,201069,194349,134712,228287,235091,161020,-9457,127773,251298,-8388607,0,2665,2666,2663,754,2477,-10110976,1,1,14,1,287,0,0,0,1
443349064,197799,201399,219647,184870,237677,115608,173977,227858,172170,211122,210138,200505,223912,148220,201065,194474,134593,228101,235003,160986,-9574,127668,251342,-8388607,0,2660,2667,2659,756,2481,-10110976,1,1,14,1,287,0,0,0,1
443349065,197781,201410,219816,184822,237460,115481,173959,227951,172220,211321,210090,200561,223621,148102,201049,194183,134564,228166,234819,160988,-9463,127780,251389,-8388607,0,2661,2664,2662,753,2482,-10110976,1,1,14,1,287,0,0,0,1
443349066,198103,201437,220008,185106,237831,115557,174170,228122,172243,211309,210096,200622,223662,148202,201009,194149,134561,228259,235024,161129,-9380,127698,251429,-8388607,0,2665,2659,2664,756,2478,-10110976,1,1,14,1,287,0,0,0,1
443349067,198146,201680,220016,184985,237953,115691,174408,228166,171990,211205,210163,200444,223772,148474,201025,194445,134336,228258,235074,161052,-9321,127784,251298,-8388607,0,2663,2664,2660,756,2479,-10110976,1,1,14,1,287,0,0,0,1
443349068,198197,201647,220138,185157,237926,115736,174496,228574,171988,211075,209975,200420,223788,148304,201126,194409,134389,228128,234864,160933,-9412,127820,251336,-8388607,0,2658,2661,2664,752,2481,-10110976,1,1,14,1,287,0,0,0,1
443349069,198344,202016,220253,185213,238225,115819,174636,228396,171856,211128,209898,200473,223788,148199,201112,194323,134187,227970,234669,160894,-9299,127760,251415,-8388607,0,2662,2661,2666,752,2477,-10110976,1,1,14,1,287,0,0,0,1
443349070,198274,201881,220233,185204,238237,115969,174568,228467,171798,210886,209867,200218,223772,148433,201011,194197,134305,228101,234830,161028,-9347,127803,251353,-8388607,0,2661,2665,2662,758,2475,-10110976,1,1,14,1,287,0,0,0,1
443349071,198377,201862,220320,185247,238458,116163,174641,228517,171827,210950,209897,200441,223897,148632,201188,194358,134314,228071,234892,161024,-9289,127866,251406,-8388607,0,2661,2668,2662,753,2480,-10110976,1,1,14,1,287,0,0,0,1
443349072,198144,201852,220234,185260,238407,116174,174546,228676,171843,210876,209823,200466,224161,148667,201244,194509,134401,227970,234869,161052,-9394,127758,251453,-8388607,0,2665,2661,2665,752,2477,-10110976,1,1,14,1,287,0,0,0,1
443349073,198128,201617,220178,185141,238307,116106,174615,228653,171908,210945,209873,200209,223964,148496,201278,194246,134453,228063,235009,160983,-9361,127734,251352,-8388607,0,2668,2663,2662,757,2475,-10110976,1,1,14,1,287,0,0,0,1
443349074,197973,201582,219898,184851,238267,115910,174538,228585,171932,210999,209935,200138,223976,148356,201110,194271,134688,228204,234873,160866,-9403,127679,251316,-8388607,0,2661,2667,2659,755,2479,-10110976,1,1,14,1,287,0,0,0,1
443349075,197871,201285,219764,184868,238229,115635,174428,228430,171913,210999,209822,200369,223792,148438,200976,194248,134636,228280,234855,160939,-9541,127664,251384,-8388607,0,2663,2666,2663,749,2479,-10110976,1,1,14,1,287,0,0,0,1
443349076,197743,201193,219794,184763,237919,115640,174330,228327,172088,211108,210026,200454,223943,148395,201083,194094,134601,228278,234917,161044,-9499,127738,251427,-8388607,0,2668,2663,2659,757,2477,-10110976,1,1,14,1,287,0,0,0,1
443349077,197523,201187,219880,184880,237674,115319,174222,228001,172007,211230,209984,200611,223865,148483,200934,194038,134568,228389,234974,161045,-9605,127572,251436,-8388607,0,2662,2665,2664,759,2479,-10110976,1,1,14,1,287,0,0,0,1
443349078,197639,201277,219950,184841,237699,115424,174168,227896,172232,211277,209884,200537,223789,148325,200924,194178,134510,228191,234831,160949,-9619,127633,251409,-8388607,0,2662,2664,2661,751,2480,-10110976,1,1,14,1,287,0,0,0,1
443349079,197761,201329,219718,184822,237578,115398,174101,227934,172114,211190,210040,200568,223820,148117,200866,194291,134614,228043,234728,160852,-9603,127565,251333,-8388607,0,2663,2663,2666,755,2477,-10110976,1,1,14,1,287,0,0,0,1
443349080,197823,201413,219982,184943,237726,115615,174073,228041,172294,211247,210193,200698,223951,148585,201076,194407,134528,228169,234875,160854,-9393,127697,251518,-8388607,0,2664,2667,2661,756,2477,-10110976,1,1,14,1,287,0,0,0,1
443349081,198099,201500,220009,184922,237824,115524,174165,228160,172139,211156,210077,200424,223929,148430,201127,194215,134515,228011,234832,160884,-9413,127726,251446,-8388607,0,2659,2668,2663,754,2483,-10110976,1,1,14,1,287,0,0,0,1
443349082,198308,201778,220020,185078,237865,115696,174141,228332,172119,211111,209927,200466,223895,148390,201145,194122,134160,227890,234716,160779,-9229,127979,251499,-8388607,0,2665,2664,2666,754,2478,-10110976,1,1,14,1,287,0,0,0,1
443349083,198374,201720,220204,185090,238097,116024,174363,228331,172127,210994,210033,200483,223946,148515,200924,194310,134367,227807,234570,160900,-9346,127920,251436,-8388607,0,2667,2664,2666,757,2471,-10110976,1,1,14,1,287,0,0,0,1
443349084,198445,201927,220324,185109,238205,116079,174357,228605,171904,211032,209904,200552,223935,148584,201205,194464,134312,228018,234791,160983,-9316,127952,251472,-8388607,0,2662,2668,2657,753,2479,-10110976,1,1,14,1,287,0,0,0,1
443349085,198355,201834,220373,185256,238291,116016,174545,228478,171839,210916,209583,200313,224010,148497,201177,194575,134474,228049,234846,160967,-9250,127908,251378,-8388607,0,2661,2667,2665,751,2477,-10110976,1,1,14,1,287,0,0,0,1
443349086,198248,201877,220193,185116,238525,115951,174834,228573,171870,210952,209935,200421,223909,148486,201309,194534,134455,228127,234869,161010,-9429,127806,251527,-8388607,0,2663,2659,2659,756,2476,-10110976,1,1,14,1,287,0,0,0,1
443349087,198060,201817,220204,185081,238217,115896,174651,228653,171902,210899,209843,200308,224066,148530,201250,194254,134685,228253,235058,161236,-9537,127706,251521,-8388607,0,2663,2666,2658,757,2479,-10110976,1,1,14,1,287,0,0,0,1
443349088,198001,201502,220021,184827,238223,115961,174606,228468,171899,210971,209785,200359,223820,148453,201120,194262,134701,228246,235041,161177,-9449,127803,251396,-8388607,0,2672,2660,2666,750,2484,-10110976,1,1,14,1,287,0,0,0,1
443349089,197866,201531,219888,184818,238340,115999,174555,228381,171875,210860,209945,200410,223959,148556,201253,194266,134941,228421,235096,161143,-9447,127701,251538,-8388607,0,2663,2659,2658,755,2478,-10110976,1,1,14,1,287,0,0,0,1
443349090,197738,201487,219879,184871,238092,115882,174354,228358,172009,211228,210022,200633,223973,148448,201142,194592,135052,228488,235375,161301,-9355,127666,251618,-8388607,0,2661,2665,2662,760,2478,-10110976,1,1,14,1,287,0,0,0,1
443349091,197576,201191,219903,184836,237981,115837,174254,228181,172194,211002,210009,200536,223758,148319,200887,194365,134980,228574,235257,161087,-9455,127697,251460,-8388607,0,2657,2665,2664,754,2488,-10110976,1,1,14,1,287,0,0,0,1
443349092,197764,201229,219927,184856,237853,115639,174032,227988,172282,211273,210203,200698,223977,148548,200984,194386,134824,228393,235050,160988,-9592,127538,251558,-8388607,0,2661,2663,2666,755,2478,-10110976,1,1,14,1,287,0,0,0,1
443349093,197855,201423,219899,184834,237851,115653,174063,228237,172265,211117,210055,200726,223853,148394,201157,194240,134791,228289,235081,161125,-9574,127618,251606,-8388607,0,2663,2666,2662,758,2475,-10110976,1,1,14,1,287,0,0,0,1
443349094,197819,201320,220014,184826,237696,115565,174140,227904,172194,211234,210066,200574,223785,148327,201048,194370,134503,228225,234802,160816,-9546,127605,251405,-8388607,0,2661,2668,2664,751,2477,-10110976,1,1,14,1,287,0,0,0,1
443349095,197990,201505,220091,184924,237635,115409,174209,228157,172067,211148,209804,200619,223762,148561,201002,194320,134376,228026,234606,160971,-9618,127750,251383,-8388607,0,2664,2664,2666,753,2481,-10110976,1,1,14,1,287,0,0,0,1
443349096,198159,201781,220159,185080,237893,115578,174377,228366,172083,211027,209847,200471,223915,148276,200949,194252,134129,227857,234727,160883,-9411,127844,251427,-8388607,0,2666,2663,2666,757,2475,-10110976,1,1,14,1,287,0,0,0,1
443349097,198366,201914,220127,185247,237935,115775,174317,228237,171936,211059,209937,200619,223915,148469,200987,194309,134068,227846,234636,160894,-9355,127864,251567,-8388607,0,2661,2666,2656,756,2480,-10110976,1,1,14,1,287,0,0,0,1
443349098,198333,202015,220183,185280,238233,116005,174415,228277,171966,210893,209687,200399,223959,148539,201035,194128,134058,227709,234766,160731,-9386,127918,251654,-8388607,0,2663,2663,2666,752,2481,-10110976,1,1,14,1,287,0,0,0,1
443349099,198397,201839,220241,185262,238202,115823,174290,228231,171611,210900,209757,200350,224056,148488,201137,194223,134083,227883,234711,160803,-9209,127886,251508,-8388607,0,2668,2666,2661,753,2475,-10110976,1,1,14,1,287,0,0,0,1
443349100,198400,201971,220301,185126,238213,116089,174587,228440,171871,210919,209720,200362,223955,148566,201042,194193,134273,228051,234819,160820,-9300,127871,251478,-8388607,0,2662,2668,2659,759,2480,-10110976,1,1,14,1,287,0,0,0,1
443349101,198183,201728,220049,185044,238171,116013,174456,228208,171872,210793,209862,200440,223844,148458,200932,194256,134327,228084,234883,160906,-9327,127844,251574,-8388607,0,2657,2664,2664,753,2481,-10110976,1,1,14,1,287,0,0,0,1
443349102,198002,201522,220016,184879,238253,115811,174452,228511,171970,210850,209951,200379,223745,148545,200901,194243,134388,228087,234980,160896,-9371,127742,251361,-8388607,0,2663,2662,2664,756,2478,-10110976,1,1,14,1,287,0,0,0,1
443349103,197735,201292,219693,184714,238093,115810,174441,228412,171880,210871,209739,200327,223881,148516,200840,194126,134565,228277,234906,160991,-9455,127702,251363,-8388607,0,2663,2664,2662,759,2478,-10110976,1,1,14,1,287,0,0,0,1
443349104,197646,201294,219743,184847,237958,115733,174587,228353,172043,211060,209796,200393,223900,148414,201063,194326,135019,228429,235185,161183,-9516,127567,251560,-8388607,0,2663,2667,2664,752,2483,-10110976,1,1,14,1,287,0,0,0,1
443349105,197515,201260,219567,184635,237911,115677,174399,228224,172060,211099,209869,200368,223884,148326,200911,194190,134932,228508,235266,161219,-9640,127563,251476,-8388607,0,2665,2664,2668,754,2474,-10110976,1,1,14,1,287,0,0,0,1
443349106,197510,201184,219713,184691,237785,115633,174145,228034,172030,211178,209916,200527,223991,148216,201019,193999,134881,228576,235199,161339,-9564,127559,251519,-8388607,0,2662,2666,2663,758,2475,-10110976,1,1,14,1,287,0,0,0,1
443349107,197431,201268,219709,184610,237695,115580,174024,228065,171953,211167,210149,200444,224062,148461,200958,194277,134727,228647,235244,161110,-9677,127570,251517,-8388607,0,2662,2670,2663,754,2481,-10110976,1,1,14,1,287,0,0,0,1
443349108,197730,201350,219851,184686,237827,115597,174165,227974,172081,210972,210062,200432,223829,148385,200909,193998,134767,228278,235098,161025,-9552,127616,251516,-8388607,0,2664,2663,2666,750,2477,-10110976,1,1,14,1,287,0,0,0,1
443349109,197970,201490,219748,184808,237843,115462,174129,227866,171990,211136,210054,200707,223969,148369,200989,194311,134373,228181,234952,160752,-9485,127633,251492,-8388607,0,2663,2663,2663,754,2476,-10110976,1,1,14,1,287,0,0,0,1
443349110,198146,201734,219953,184905,237945,115662,174143,227944,172029,210786,209910,200453,224150,148531,201026,194290,134358,227986,234773,160743,-9392,127740,251488,-8388607,0,2662,2663,2659,754,2479,-10110976,1,1,14,1,287,0,0,0,1
443349111,198307,201782,220249,185056,238017,115475,174320,228328,171997,210935,210082,200533,224007,148383,200980,194094,134256,227913,234625,160715,-9291,127753,251457,-8388607,0,2661,2663,2666,751,2482,-10110976,1,1,14,1,287,0,0,0,1
443349112,198400,201950,220361,185139,238073,115622,174516,228255,171913,210918,209766,200307,224054,148417,200979,194255,134105,227712,234544,160717,-9412,127829,251457,-8388607,0,2662,2661,2665,755,2477,-10110976,1,1,14,1,287,0,0,0,1
443349113,198533,201953,220345,185214,238231,115738,174444,228355,171946,210699,209990,200348,223980,148403,200829,194318,134073,227680,234616,160805,-9293,127824,251467,-8388607,0,2661,2667,2662,760,2475,-10110976,1,1,14,1,287,0,0,0,1
443349114,198515,201956,220403,185199,238385,115970,174471,228289,171807,210983,209743,200387,223819,148267,200918,194164,133969,227781,234597,160898,-9276,127873,251582,-8388607,0,2659,2665,2661,754,2481,-10110976,1,1,14,1,287,0,0,0,1
443349115,198307,201867,220305,185166,238340,116046,174522,228474,171831,210892,209641,200286,224004,148414,201025,194132,134062,227989,234787,160832,-9417,127811,251624,-8388607,0,2663,2663,2668,756,2478,-10110976,1,1,14,1,287,0,0,0,1
443349116,198261,201853,220248,185063,238505,116107,174655,228571,171986,210959,209761,200348,223950,148290,200957,194245,134428,228205,234840,160853,-9489,127836,251503,-8388607,0,2661,2665,2659,759,2473,-10110976,1,1,14,1,287,0,0,0,1
443349117,198045,201548,219929,184986,238482,116203,174623,228604,171934,211136,209691,200523,223921,148375,201098,194252,134668,228250,234965,161021,-9502,127718,251599,-8388607,0,2661,2668,2666,755,2481,-10110976,1,1,14,1,287,0,0,0,1
443349118,197746,201373,219780,184800,238244,115942,174599,228567,171981,210957,209866,200619,223866,148422,201064,194285,134741,228492,235273,161065,-9600,127677,251555,-8388607,0,2668,2668,2666,752,2477,-10110976,1,1,14,1,287,0,0,0,1
443349119,197721,201187,219846,184710,238110,116014,174516,228496,172028,211103,210131,200402,223902,148345,200859,193986,135024,228491,235223,161188,-9654,127558,251509,-8388607,0,2668,2666,2662,757,2475,-10110976,1,1,14,1,287,0,0,0,1
443349120,197493,201116,219703,184677,237970,115724,174254,228187,172251,211047,210025,200570,224064,148470,200999,194456,134840,228522,235190,161082,-9590,127516,251489,-8388607,0,2664,2668,2661,753,2480,-10110976,1,1,14,1,287,0,0,0,1
443349121,197619,201165,219917,184744,237894,115562,174182,228068,172171,211181,210073,200434,223916,148192,200954,194254,134968,228382,235171,161182,-9508,127627,251594,-8388607,0,2663,2662,2664,752,2484,-10110976,1,1,14,1,287,0,0,0,1
443349122,197656,201207,219955,184695,237738,115606,174127,228008,172259,211255,210125,200358,223775,148317,200699,194262,134778,228378,235060,161173,-9446,127607,251686,-8388607,0,2668,2665,2666,756,2477,-10110976,1,1,14,1,287,0,0,0,1
443349123,197914,201418,219966,184832,237824,115447,174081,228048,171980,210972,210080,200427,223914,148202,200963,194137,134669,228187,235009,160986,-9439,127755,251587,-8388607,0,2660,2666,2659,758,2477,-10110976,1,1,14,1,287,0,0,0,1
443349124,198007,201572,219866,184898,237726,115407,173962,228090,171960,211221,209984,200522,224008,148364,201178,194389,134460,228083,234830,160966,-9338,127797,251505,-8388607,0,2663,2665,2664,753,2482,-10110976,1,1,14,1,287,0,0,0,1
443349125,198191,201688,220165,184986,237975,115693,174183,228045,171941,211171,209809,200578,223982,148556,200987,194468,134360,228072,234739,160824,-9357,127855,251699,-8388607,0,2667,2663,2666,754,2477,-10110976,1,1,14,1,287,0,0,0,1
443349126,198281,201994,220186,185093,237890,115714,174327,228062,171792,210887,209776,200481,224129,148483,201001,194095,134246,228099,234700,160834,-9401,127805,251579,-8388607,0,2663,2665,2662,758,2478,-10110976,1,1,14,1,287,0,0,0,1
443349127,198332,202093,220165,185144,238007,115556,174329,228227,171638,210842,209909,200243,223995,148417,201091,194151,134117,227781,234632,160776,-9374,127687,251487,-8388607,0,2659,2666,2664,754,2481,-10110976,1,1,14,1,287,0,0,0,1
443349128,198365,202112,220406,185241,238114,115694,174400,228563,171698,210772,209739,200427,223878,148361,201002,194320,134240,227935,234704,160751,-9280,127655,251547,-8388607,0,2661,2662,2666,754,2478,-10110976,1,1,14,1,287,0,0,0,1
443349129,198409,201987,220279,185237,238079,115933,174523,228709,171836,210937,209787,200228,223990,148334,201069,194513,134332,228032,234930,160880,-9251,127912,251570,-8388607,0,2664,2663,2662,757,2475,-10110976,1,1,14,1,287,0,0,0,1
443349130,198269,201713,220144,185024,238265,115856,174638,228586,171953,210664,209787,200423,223987,148427,201107,194215,134295,228010,234882,160829,-9360,127878,251552,-8388607,0,2664,2667,2661,753,2479,-10110976,1,1,14,1,287,0,0,0,1
443349131,197997,201487,220092,184891,238235,116025,174559,228531,171872,210846,209821,200426,223979,148403,200985,194472,134431,228198,234919,160937,-9491,127845,251634,-8388607,0,2661,2663,2666,750,2482,-10110976,1,1,14,1,287,0,0,0,1
443349132,197829,201280,219860,184745,238264,115937,174518,228201,171826,210983,209670,200405,223794,148337,201012,194170,134438,228239,235044,161004,-9588,127560,251572,-8388607,0,2664,2663,2663,756,2476,-10110976,1,1,14,1,287,0,0,0,1
443349133,197499,201165,219791,184677,238075,115834,174438,228324,171912,211034,209993,200411,223744,148481,201040,194241,134716,228342,235033,161105,-9543,127593,251580,-8388607,0,2660,2668,2658,758,2480,-10110976,1,1,14,1,287,0,0,0,1
443349134,197429,201182,219695,184652,238052,115654,174273,228236,172005,211208,210022,200570,223791,148408,200963,194162,134650,228409,234982,161090,-9623,127591,251577,-8388607,0,2661,2663,2665,754,2479,-10110976,1,1,14,1,287,0,0,0,1
443349135,197645,201229,219901,184737,237920,115687,174367,228225,172224,211220,210005,200553,223930,148324,200969,194088,135006,228358,235215,161108,-9579,127614,251624,-8388607,0,2667,2662,2665,756,2478,-10110976,1,1,14,1,287,0,0,0,1
443349136,197533,201233,219731,184684,237948,115711,174105,228127,172071,211231,209962,200454,223933,148231,201055,194271,134793,228492,235035,161083,-9627,127459,251394,-8388607,0,2661,2659,2664,760,2478,-10110976,1,1,14,1,287,0,0,0,1
443349137,197762,201368,219897,184761,237975,115518,174281,228081,172017,211188,209959,200488,223779,148341,200939,194362,134793,228304,235102,161004,-9572,127701,251656,-8388607,0,2659,2663,2664,753,2482,-10110976,1,1,14,1,287,0,0,0,1
443349138,197835,201618,220082,184954,237879,115603,174322,228249,172099,211293,209948,200670,223824,148383,201275,194417,134690,228197,235000,160949,-9472,127748,251545,-8388607,0,2661,2662,2666,754,2476,-10110976,1,1,14,1,287,0,0,0,1
443349139,198091,201704,220265,185046,237789,115709,174289,228270,172060,210950,210018,200475,223718,148428,200959,194332,134462,227984,234785,160869,-9329,127735,251528,-8388607,0,2661,2668,2666,760,2477,-10110976,1,1,14,1,287,0,0,0,1
443349140,198402,201870,220305,185009,237989,115909,174340,228151,171982,210832,209798,200207,224071,148382,201071,194319,134058,227794,234702,160705,-9458,127847,251536,-8388607,0,2661,2666,2662,754,2479,-10110976,1,1,14,1,287,0,0,0,1
443349141,198540,201913,220464,185258,238021,115836,174306,228348,171773,210850,209777,200489,223924,148349,201115,194257,134248,227892,234763,160814,-9324,127951,251627,-8388607,0,2665,2664,2663,749,2476,-10110976,1,1,14,1,287,0,0,0,1
443349142,198717,201990,220308,185162,238115,115884,174434,228302,171735,210769,209714,200359,223998,148485,200982,194257,134090,227785,234721,160739,-9344,127923,251543,-8388607,0,2658,2663,2666,757,2473,-10110976,1,1,14,1,287,0,0,0,1
443349143,198480,202090,220243,185148,238451,115993,174528,228404,171735,210831,209730,200463,224006,148471,201059,194346,134122,227983,234888,160881,-9297,127897,251463,-8388607,0,2660,2666,2658,753,2479,-10110976,1,1,14,1,287,0,0,0,1
443349144,198446,201970,220198,185093,238378,115825,174557,228454,171917,210994,209603,200495,223996,148487,200971,194229,134192,228019,234960,160846,-9378,127886,251590,-8388607,0,2661,2664,2664,751,2479,-10110976,1,1,14,1,287,0,0,0,1
443349145,198072,201712,219988,184897,238234,115948,174571,228474,171673,210984,209715,200305,224054,148241,201052,194122,134288,228170,234750,160851,-9434,127820,251466,-8388607,0,2665,2664,2662,756,2476,-10110976,1,1,14,1,287,0,0,0,1
443349146,197745,201562,219839,184728,238027,115954,174505,228367,171850,211046,209872,200278,223878,148265,200924,194158,134618,228040,235014,161002,-9430,127822,251479,-8388607,0,2662,2665,2662,760,2477,-10110976,1,1,14,1,287,0,0,0,1
443349147,197717,201346,219737,184723,238008,115890,174477,228301,172126,211088,209909,200564,224070,148675,201302,194388,134892,228260,235132,161150,-9476,127529,251508,-8388607,0,2661,2664,2665,752,2484,-10110976,1,1,14,1,287,0,0,0,1
443349148,197536,201214,219783,184696,237875,115695,174260,228154,172106,211059,210107,200404,224050,148493,201198,194436,134918,228282,235098,161063,-9650,127462,251386,-8388607,0,2665,2663,2664,755,2478,-10110976,1,1,14,1,287,0,0,0,1
443349149,197510,201130,219782,184660,237956,115666,173944,228086,171960,211133,210086,200398,223877,148513,200969,194096,134894,228481,235205,161259,-9755,127498,251524,-8388607,0,2661,2664,2659,758,2479,-10110976,1,1,14,1,287,0,0,0,1
443349150,197562,201108,219670,184757,237662,115578,174054,228110,171997,211113,209952,200473,223870,148360,200908,194141,134916,228463,235077,161026,-9592,127516,251449,-8388607,0,2661,2666,2662,754,2481,-10110976,1,1,14,1,287,0,0,0,1
443349151,197605,201190,219877,184737,237791,115433,174011,228034,171946,211067,210112,200549,223918,148370,201022,194356,134751,228314,235014,161076,-9461,127687,251466,-8388607,0,2665,2665,2666,755,2479,-10110976,1,1,14,1,287,0,0,0,1
443349152,197860,201320,219841,184640,237957,115638,174197,228044,171973,211124,209971,200510,223937,148306,200836,194186,134554,228313,234904,161105,-9482,127641,251541,-8388607,0,2665,2666,2659,758,2473,-10110976,1,1,14,1,287,0,0,0,1
443349153,197934,201487,219923,184837,237838,115489,174039,228178,171894,211176,209805,200325,223907,148372,200792,194120,134440,228108,234791,160909,-9446,127722,251519,-8388607,0,2661,2668,2662,754,2479,-10110976,1,1,14,1,287,0,0,0,1
443349154,198226,201704,219970,185214,238015,115717,174447,228334,172061,210838,209958,200394,223983,148415,200936,194293,134382,228159,234780,160747,-9430,127915,251406,-8388607,0,2662,2666,2662,754,2477,-10110976,1,1,14,1,287,0,0,0,1
443349155,198389,202067,220169,185197,238057,115897,174479,228444,171983,211159,209872,200481,223967,148398,201116,194338,134330,227921,234829,160758,-9275,127971,251530,-8388607,0,2668,2666,2662,756,2476,-10110976,1,1,14,1,287,0,0,0,1
443349156,198382,202117,220303,185241,237969,115915,174328,228396,171753,210911,209816,200307,223843,148394,201012,194239,134084,227777,234770,160797,-9331,127828,251566,-8388607,0,2664,2665,2659,758,2480,-10110976,1,1,14,1,287,0,0,0,1
443349157,198622,202134,220367,185447,238309,116161,174418,228433,172041,210986,209702,200259,223754,148361,200735,194369,134086,227815,234855,160817,-9310,127936,251500,-8388607,0,2662,2661,2666,752,2484,-10110976,1,1,14,1,287,0,0,0,1
443349158,198517,202095,220494,185392,238395,116194,174568,228653,171772,210917,209803,200421,223784,148297,200958,193947,134196,227760,234898,160888,-9263,127993,251644,-8388607,0,2665,2662,2666,757,2477,-10110976,1,1,14,1,287,0,0,0,1
443349159,198351,202004,220252,185133,238441,116082,174685,228628,172073,210904,209851,200374,224019,148491,201010,194097,134236,227966,235016,160873,-9417,127911,251389,-8388607,0,2659,2667,2659,757,2477,-10110976,1,1,14,1,287,0,0,0,1
443349160,198137,201738,220184,185004,238357,115963,174500,228591,171816,211157,209802,200501,223992,148414,200915,194331,134411,228092,234986,160962,-9392,127919,251568,-8388607,0,2659,2661,2666,751,2484,-10110976,1,1,14,1,287,0,0,0,1
443349161,197934,201467,219828,184765,238088,116008,174409,228269,171979,211258,209888,200524,223762,148472,201184,194267,134476,228289,234881,160876,-9464,127680,251447,-8388607,0,2665,2664,2666,755,2478,-10110976,1,1,14,1,287,0,0,0,1
443349162,197917,201263,219949,184696,238082,115714,174345,228166,172303,211158,209995,200596,223969,148506,201206,194235,134628,228466,235085,161109,-9411,127701,251571,-8388607,0,2667,2665,2661,754,2475,-10110976,1,1,14,1,287,0,0,0,1
443349163,197807,201222,219816,184556,237927,115594,174300,228205,172056,211088,209879,200541,223836,148319,200931,194233,134829,228361,235156,161273,-9506,127604,251607,-8388607,0,2664,2669,2664,754,2479,-10110976,1,1,14,1,287,0,0,0,1
443349164,197655,201263,219803,184615,237769,115656,174246,228027,172236,211122,210038,200672,224102,148421,201293,194489,134837,228302,235161,161088,-9555,127569,251478,-8388607,0,2661,2662,2666,751,2478,-10110976,1,1,14,1,287,0,0,0,1
443349165,197606,201087,219757,184565,237670,115498,174109,228039,171974,211212,210045,200633,224039,148474,201080,194280,134704,228373,235126,160865,-9558,127550,251513,-8388607,0,2661,2664,2659,756,2475,-10110976,1,1,14,1,287,0,0,0,1
443349166,197593,201381,219826,184659,237706,115439,174077,228192,172097,211033,209905,200402,223849,148416,201070,194375,134849,228513,235145,161047,-9506,127632,251557,-8388607,0,2661,2666,2659,754,2479,-10110976,1,1,14,1,287,0,0,0,1
443349167,197731,201443,219822,184835,237835,115535,174170,228031,171962,211043,209928,200474,224007,148572,201165,194229,134571,228105,234820,160958,-9474,127530,251416,-8388607,0,2666,2666,2671,751,2484,-10110976,1,1,14,1,287,0,0,0,1
443349168,197933,201496,220038,184950,238020,115780,174183,228101,171848,210936,210058,200628,224085,148476,201088,194300,134617,228201,234933,160862,-9492,127780,251553,-8388607,0,2667,2662,2663,756,2476,-10110976,1,1,14,1,287,0,0,0,1
443349169,198076,201710,220228,185059,238168,115771,174268,228203,171886,210885,209934,200472,223990,148390,201077,194524,134492,228057,234917,160891,-9503,127777,251407,-8388607,0,2662,2667,2659,756,2479,-10110976,1,1,14,1,287,0,0,0,1
443349170,198323,201773,220344,185061,238168,115720,174278,228338,171846,210786,209781,200437,223768,148213,200937,194143,134284,228145,234779,160986,-9417,127766,251480,-8388607,0,2659,2664,2664,754,2484,-10110976,1,1,14,1,287,0,0,0,1
443349171,198368,201804,220121,185041,238182,115785,174540,228526,171846,210625,209864,200301,223839,148229,200836,194241,134125,228055,234675,160860,-9439,127828,251424,-8388607,0,2662,2661,2665,756,2478,-10110976,1,1,14,1,287,0,0,0,1
443349172,198452,201810,220272,185088,238384,115808,174540,228444,172010,211150,209678,200266,223776,148121,201004,194294,134287,228020,234836,160840,-9299,127865,251539,-8388607,0,2661,2665,2662,757,2475,-10110976,1,1,14,1,287,0,0,0,1
443349173,198254,201763,220112,184927,238283,115909,174644,228498,171915,210934,209639,200336,223622,148105,200937,194168,134265,228024,234649,160785,-9331,127838,251377,-8388607,0,2661,2663,2664,752,2481,-10110976,1,1,14,1,287,0,0,0,1
443349174,198240,201558,219949,184877,238223,115923,174400,228521,171965,210979,209866,200412,223799,148242,200877,194299,134371,227914,234939,160941,-9513,127639,251500,-8388607,0,2661,2663,2665,750,2478,-10110976,1,1,14,1,287,0,0,0,1
443349175,197939,201480,220029,184859,238253,115975,174311,228377,172204,211122,209996,200417,223834,148178,200880,194199,134387,228102,234961,160940,-9477,127644,251476,-8388607,0,2664,2664,2662,758,2473,-10110976,1,1,14,1,287,0,0,0,1
443349176,197949,201546,219959,185050,237974,115895,174305,228127,172118,211142,209828,200413,223792,148279,200732,194143,134410,227999,234971,160859,-9523,127737,251457,-8388607,0,2661,2668,2664,754,2479,-10110976,1,1,14,1,287,0,0,0,1
443349177,197779,201397,219978,185168,238033,115755,174242,228260,172067,211018,210065,200452,223967,148498,200946,194067,134625,228409,234941,160822,-9466,127609,251527,-8388607,0,2665,2667,2666,752,2477,-10110976,1,1,14,1,287,0,0,0,1
443349178,197788,201513,220116,184939,237843,115601,174315,228198,172046,211031,210101,200511,223985,148483,201114,194332,134712,228291,234935,161087,-9646,127498,251535,-8388607,0,2668,2666,2662,758,2476,-10110976,1,1,14,1,287,0,0,0,1
443349179,197680,201324,219979,184978,237917,115561,174175,228248,171947,211262,210096,200717,224080,148600,200889,194320,134725,228277,235040,161198,-9610,127615,251471,-8388607,0,2662,2667,2661,752,2476,-10110976,1,1,14,1,287,0,0,0,1
443349180,197847,201399,220016,184783,237698,115505,174113,228127,171961,211149,209921,200701,223995,148546,201029,194315,134695,228218,234851,160962,-9536,127507,251432,-8388607,0,2660,2663,2666,756,2484,-10110976,1,1,14,1,287,0,0,0,1
443349181,198094,201513,220061,184796,237727,115647,174299,228160,171932,210945,209831,200379,223946,148505,201223,194227,134590,228056,234912,161021,-9352,127585,251445,-8388607,0,2663,2663,2664,756,2477,-10110976,1,1,14,1,287,0,0,0,1
443349182,198217,201600,220058,184874,237936,115709,174317,228241,171890,211080,210090,200388,224030,148591,201045,194324,134527,228134,234956,160965,-9380,127680,251481,-8388607,0,2664,2665,2659,758,2480,-10110976,1,1,14,1,287,0,0,0,1
443349183,198295,201682,220032,184901,238230,115877,174393,228323,172147,211069,209921,200621,224109,148382,201333,194376,134633,228207,235008,160879,-9382,127714,251461,-8388607,0,2661,2664,2659,754,2482,-10110976,1,1,14,1,287,0,0,0,1
443349184,198292,201767,220138,185048,238143,116070,174352,228408,171959,210784,209888,200391,223948,148308,200951,194361,134467,228066,234944,160865,-9397,127687,251442,-8388607,0,2665,2661,2666,756,2477,-10110976,1,1,14,1,287,0,0,0,1
443349185,198345,201726,220155,185170,238438,115904,174343,228484,171863,210939,209825,200417,223973,148519,201059,194252,134582,228072,234963,160878,-9344,127779,251470,-8388607,0,2661,2664,2662,759,2475,-10110976,1,1,14,1,287,0,0,0,1
443349186,198198,201745,220173,185060,238476,116022,174674,228505,172134,210998,209874,200358,224022,148413,201041,194153,134511,228314,234833,160887,-9502,127736,251493,-8388607,0,2657,2666,2662,754,2479,-10110976,1,1,14,1,287,0,0,0,1
443349187,198000,201608,220014,185168,238403,116051,174489,228587,171898,210856,209778,200393,224044,148425,201082,194272,134358,228109,234810,160897,-9466,127631,251600,-8388607,0,2663,2665,2668,750,2477,-10110976,1,1,14,1,287,0,0,0,1
443349188,197844,201468,220044,185052,238316,115882,174624,228498,172047,211002,209951,200588,223876,148344,200903,194107,134470,228036,234792,160946,-9432,127759,251360,-8388607,0,2666,2663,2663,754,2473,-10110976,1,1,14,1,287,0,0,0,1
443349189,197957,201504,220025,185074,238224,115816,174537,228412,172081,211232,210034,200711,223829,148341,201073,194201,134551,228144,234992,161049,-9441,127765,251453,-8388607,0,2659,2668,2661,753,2480,-10110976,1,1,14,1,287,0,0,0,1
443349190,197741,201302,219965,184772,238142,115915,174215,228083,172167,211224,209992,200306,223950,148341,200851,194168,134464,227997,235018,161184,-9542,127814,251592,-8388607,0,2662,2661,2667,749,2484,-10110976,1,1,14,1,287,0,0,0,1
443349191,197795,201232,219920,184670,237938,115646,174255,228239,171861,210991,209963,200363,223892,148334,200950,194104,134647,228198,235074,160996,-9519,127767,251516,-8388607,0,2668,2662,2664,755,2476,-10110976,1,1,14,1,287,0,0,0,1
443349192,197787,201219,219764,184704,237868,115487,174106,228037,172064,211183,210001,200463,223887,148414,201187,194404,134540,228295,235122,161205,-9538,127728,251449,-8388607,0,2661,2666,2659,758,2480,-10110976,1,1,14,1,287,0,0,0,1
443349193,197809,201311,219832,184805,237714,115480,173975,228013,171975,211019,209658,200323,223948,148346,201011,194186,134598,228126,234938,160930,-9473,127701,251552,-8388607,0,2663,2664,2663,754,2482,-10110976,1,1,14,1,287,0,0,0,1
443349194,197905,201280,219943,184782,237733,115547,174137,228019,171934,210846,209801,200329,223865,148531,201019,194280,134606,228075,235016,160955,-9366,127731,251458,-8388607,0,2667,2662,2665,752,2478,-10110976,1,1,14,1,287,0,0,0,1
443349195,198030,201564,220173,184883,237814,115607,174283,228164,171921,210979,209855,200480,224064,148605,201187,194357,134609,228094,234829,160940,-9426,127736,251410,-8388607,0,2661,2667,2664,758,2475,-10110976,1,1,14,1,287,0,0,0,1
443349196,197953,201635,220225,184910,237995,115556,174191,228228,171870,210941,210087,200457,224011,148606,201195,194293,134538,228037,234843,160727,-9503,127773,251589,-8388607,0,2659,2667,2663,756,2481,-10110976,1,1,14,1,287,0,0,0,1
443349197,198077,201758,220360,185157,238051,115656,174282,228134,171789,210901,210010,200529,224041,148537,201225,194238,134466,227917,234901,160896,-9488,127832,251546,-8388607,0,2660,2669,2668,752,2478,-10110976,1,1,14,1,287,0,0,0,1
443349198,198317,201800,220298,185179,238275,115871,174446,228384,171881,211035,209692,200433,223971,148527,201101,194156,134454,228029,234696,160759,-9317,127752,251419,-8388607,0,2664,2665,2664,759,2471,-10110976,1,1,14,1,287,0,0,0,1
443349199,198191,201899,220299,185083,238288,115927,174427,228551,171798,210877,209859,200351,223903,148318,200861,194161,134354,227943,234898,161010,-9514,127772,251538,-8388607,0,2664,2668,2663,751,2477,-10110976,1,1,14,1,287,0,0,0,1
443349200,198230,201977,220227,185138,238444,116205,174702,228549,172040,211048,209854,200559,223796,148408,200887,194099,134333,228026,234909,161008,-9351,127776,251598,-8388607,0,2666,2664,2663,749,2481,-10110976,1,1,14,1,287,0,0,0,1
443349201,198067,201788,220019,184905,238401,115963,174553,228619,172051,211083,209707,200384,223786,148246,200983,194324,134307,228063,235061,161020,-9439,127865,251642,-8388607,0,2664,2662,2666,757,2471,-10110976,1,1,14,1,287,0,0,0,1
443349202,198171,201590,219963,184939,238377,115967,174567,228540,172114,211166,209800,200534,223847,148270,200969,194208,134512,228293,235040,160885,-9390,127891,251634,-8388607,0,2661,2668,2661,755,2481,-10110976,1,1,14,1,287,0,0,0,1
443349203,197914,201331,219737,184748,238317,115886,174435,228334,172154,211095,209926,200681,223777,148215,200961,194156,134417,228221,234845,161087,-9414,127620,251568,-8388607,0,2671,2665,2667,752,2481,-10110976,1,1,14,1,287,0,0,0,1
443349204,197858,201415,219854,184908,238250,115791,174318,228217,172225,211173,210183,200592,223886,148293,201006,194123,134586,228309,234943,161059,-9385,127754,251658,-8388607,0,2672,2657,2664,754,2476,-10110976,1,1,14,1,287,0,0,0,1
443349205,197770,201213,219732,184888,237894,115730,174209,228130,171947,211136,209969,200583,223991,148315,201043,194165,134707,228198,234915,160966,-9502,127573,251664,-8388607,0,2661,2664,2662,758,2477,-10110976,1,1,14,1,287,0,0,0,1
443349206,197672,201266,219992,184909,237792,115493,174001,228073,172100,211134,210096,200570,223918,148362,201118,194189,134779,228201,235131,161054,-9469,127594,251683,-8388607,0,2659,2669,2661,751,2483,-10110976,1,1,14,1,287,0,0,0,1
443349207,197697,201282,219870,184725,237782,115643,173995,228110,172025,211082,209839,200368,224100,148451,201121,194265,134670,228047,235068,160941,-9507,127620,251598,-8388607,0,2663,2662,2664,754,2478,-10110976,1,1,14,1,287,0,0,0,1
443349208,197710,201293,219862,184892,237648,115465,174024,228024,171899,211131,209705,200388,224040,148458,201075,194233,134519,228118,235009,160956,-9534,127712,251681,-8388607,0,2660,2673,2662,758,2473,-10110976,1,1,14,1,287,0,0,0,1
443349209,198029,201483,219859,184779,237610,115485,174109,227956,171940,210994,209777,200371,224043,148538,201259,194389,134633,228189,234919,160918,-9562,127767,251736,-8388607,0,2661,2668,2664,754,2481,-10110976,1,1,14,1,287,0,0,0,1
443349210,198106,201735,220071,184865,237792,115592,174044,228113,171711,210642,209596,200363,223925,148650,201186,194296,134511,228019,234824,160970,-9491,127701,251751,-8388607,0,2665,2664,2668,753,2478,-10110976,1,1,14,1,287,0,0,0,1
443349211,198136,201877,220028,184861,237974,115850,174372,228156,172030,210936,209786,200296,223903,148502,201091,194436,134495,228212,234736,160858,-9458,127785,251783,-8388607,0,2668,2666,2662,755,2474,-10110976,1,1,14,1,287,0,0,0,1
443349212,198380,201789,220125,185049,238145,115800,174273,228312,171821,210942,209639,200280,223919,148585,201224,194156,134470,228046,234746,160902,-9340,127857,251760,-8388607,0,2661,2668,2663,755,2477,-10110976,1,1,14,1,287,0,0,0,1
443349213,198421,201939,220271,185124,238344,115942,174404,228577,171763,210629,209907,200407,223761,148343,201190,194351,134454,228087,234839,160942,-9343,127593,251819,-8388607,0,2664,2666,2663,751,2482,-10110976,1,1,14,1,287,0,0,0,1
443349214,198389,201812,220261,185125,238309,115895,174601,228594,171815,210749,209716,200229,223930,148076,200975,194145,134375,228172,234879,160907,-9281,127801,251822,-8388607,0,2668,2663,2662,756,2478,-10110976,1,1,14,1,287,0,0,0,1
443349215,198169,201661,220136,185131,238275,115955,174720,228576,171972,211083,209918,200416,223833,148332,200983,194089,134459,228048,234919,160956,-9375,127772,251854,-8388607,0,2663,2667,2655,755,2477,-10110976,1,1,14,1,287,0,0,0,1
443349216,198161,201698,220247,185016,238322,116036,174578,228592,171894,210967,209981,200490,223613,148292,200895,194160,134468,228008,235038,160972,-9452,127879,251825,-8388607,0,2661,2663,2666,754,2486,-10110976,1,1,14,1,287,0,0,0,1
443349217,197926,201679,220058,184978,238323,115960,174646,228542,171965,211237,210016,200532,223610,148135,200898,194166,134523,228277,234947,160926,-9449,127857,251799,-8388607,0,2664,2662,2666,756,2479,-10110976,1,1,14,1,287,0,0,0,1
443349218,197899,201571,219858,184789,237996,115791,174489,228321,172134,211291,209917,200643,223730,148209,200982,194132,134361,228100,235082,161012,-9552,127738,251795,-8388607,0,2662,2668,2657,759,2475,-10110976,1,1,14,1,287,0,0,0,1
443349219,197754,201389,219804,184743,237953,115751,174269,228103,172203,211077,209952,200681,223771,148113,200924,194056,134359,228208,235028,160948,-9573,127755,251810,-8388607,0,2661,2668,2664,754,2484,-10110976,1,1,14,1,287,0,0,0,1
443349220,197766,201374,219876,184777,237981,115586,174300,228180,172004,211110,209868,200381,223872,148168,200979,194126,134427,228256,234961,160969,-9495,127673,251800,-8388607,0,2665,2664,2668,753,2478,-10110976,1,1,14,1,287,0,0,0,1
443349221,197648,201298,219930,184789,237900,115499,174101,228051,172130,211105,210088,200491,223905,148487,201094,194211,134320,228088,234869,160972,-9530,127742,251879,-8388607,0,2670,2665,2661,758,2473,-10110976,1,1,14,1,287,0,0,0,1
443349222,197646,201200,219885,184706,237751,115635,174119,228107,172064,210858,209931,200400,223843,148664,201083,194451,134353,228080,234855,160907,-9554,127582,251852,-8388607,0,2655,2668,2662,752,2481,-10110976,1,1,14,1,287,0,0,0,1
443349223,197843,201335,220021,184725,237814,115360,174064,228217,171850,210936,209842,200546,224077,148548,201034,194382,134407,227938,234771,160930,-9425,127711,251784,-8388607,0,2664,2668,2663,747,2481,-10110976,1,1,14,1,287,0,0,0,1
443349224,197854,201285,220085,184726,237942,115332,174083,228107,171889,210836,210100,200554,224162,148788,201277,194435,134518,228084,234833,160758,-9464,127772,251811,-8388607,0,2672,2666,2666,757,2476,-10110976,1,1,14,1,287,0,0,0,1
443349225,198014,201509,220147,185065,238015,115705,174260,228228,171857,210913,209896,200491,224056,148661,201260,194381,134533,228031,234918,160864,-9383,127764,251810,-8388607,0,2663,2666,2659,755,2479,-10110976,1,1,14,1,287,0,0,0,1
443349226,198027,201638,220087,184956,237912,115691,174437,228323,171869,210894,209786,200339,223987,148491,201107,194268,134517,227959,234812,160828,-9420,127741,251803,-8388607,0,2663,2661,2664,754,2482,-10110976,1,1,14,1,287,0,0,0,1
443349227,198170,201783,219985,185076,238011,115891,174442,228334,171872,210873,209867,200357,224012,148475,201242,194562,134550,228183,234944,160942,-9541,127842,251988,-8388607,0,2665,2661,2661,751,2475,-10110976,1,1,14,1,287,0,0,0,1
443349228,198044,201838,220144,184958,238334,115993,174462,228614,171855,210830,209614,200360,223741,148467,201189,194385,134657,228173,234864,160977,-9437,127786,251930,-8388607,0,2662,2667,2661,756,2479,-10110976,1,1,14,1,287,0,0,0,1
443349229,198220,201832,220023,184859,238359,116079,174374,228695,172005,210956,209623,200445,223981,148319,201041,194314,134681,228164,234959,160919,-9414,127892,251881,-8388607,0,2661,2664,2659,755,2482,-10110976,1,1,14,1,287,0,0,0,1
443349230,198019,201761,219911,184826,238207,116057,174468,228492,171923,210932,209958,200350,224024,148252,201181,194159,134543,228101,234970,160959,-9462,127791,251815,-8388607,0,2666,2663,2667,756,2478,-10110976,1,1,14,1,287,0,0,0,1
443349231,198019,201634,220118,184829,238095,115844,174523,228470,171984,210844,210124,200497,223697,148031,200971,194063,134503,228180,234966,161027,-9625,127711,251908,-8388607,0,2661,2666,2664,758,2475,-10110976,1,1,14,1,287,0,0,0,1
443349232,198037,201492,220094,184984,238012,115905,174333,228240,171930,210998,209918,200325,223650,147975,200816,194069,134615,228247,235174,160984,-9459,127622,251931,-8388607,0,2661,2668,2661,754,2480,-10110976,1,1,14,1,287,0,0,0,1
443349233,197822,201390,219968,184893,237958,115742,174195,228135,172201,211043,210135,200511,223781,148144,200885,194223,134625,228076,234998,160985,-9515,127667,251879,-8388607,0,2661,2664,2668,753,2478,-10110976,1,1,14,1,287,0,0,0,1
443349234,197951,201415,220141,184937,237933,115623,174272,228249,172093,211110,210041,200466,223732,148358,200894,193969,134694,228140,235018,160986,-9546,127659,251890,-8388607,0,2663,2666,2660,758,2475,-10110976,1,1,14,1,287,0,0,0,1
443349235,197915,201249,219858,184799,237760,115626,174225,228089,172040,211057,209799,200440,223740,148499,200951,193993,134555,228054,234944,160957,-9561,127721,251886,-8388607,0,2661,2670,2662,754,2480,-10110976,1,1,14,1,287,0,0,0,1
443349236,197999,201463,219888,184881,237966,115590,174199,228009,172211,210957,209950,200319,223849,148459,201070,194229,134346,228014,234794,160807,-9458,127774,251857,-8388607,0,2665,2666,2661,753,2477,-10110976,1,1,14,1,287,0,0,0,1
443349237,197931,201582,219869,184738,237726,115567,173974,227979,171880,210935,209857,200430,223876,148487,200951,194109,134265,227909,234704,160853,-9463,127700,251906,-8388607,0,2663,2661,2663,756,2478,-10110976,1,1,14,1,287,0,0,0,1
443349238,198020,201765,219958,184930,237966,115815,174264,228153,171870,210964,210057,200478,223893,148544,200870,194255,134313,228039,234769,160836,-9512,127753,252006,-8388607,0,2660,2670,2664,757,2477,-10110976,1,1,14,1,287,0,0,0,1
443349239,198131,201834,220082,185012,237962,115776,174268,228283,171969,210850,209908,200556,224159,148492,201196,194370,134265,228130,234754,160851,-9611,127793,251938,-8388607,0,2660,2663,2666,753,2487,-10110976,1,1,14,1,287,0,0,0,1
443349240,198230,201860,220005,185111,238031,115786,174361,228288,171845,210912,209727,200416,224147,148562,201132,194439,134367,227921,234861,160993,-9443,127804,251864,-8388607,0,2664,2663,2665,755,2477,-10110976,1,1,14,1,287,0,0,0,1
443349241,198173,201740,220078,185003,238208,115845,174370,228377,171748,210907,209887,200245,224009,148458,201277,194454,134370,228033,234762,160948,-9388,127716,251871,-8388607,0,2665,2666,2663,759,2479,-10110976,1,1,14,1,287,0,0,0,1
443349242,198136,201806,220336,185111,238178,115837,174438,228493,171906,211002,209691,200322,224229,148463,201177,194384,134370,228129,234909,160884,-9378,127750,252019,-8388607,0,2661,2664,2664,754,2481,-10110976,1,1,14,1,287,0,0,0,1
443349243,198022,201668,220164,185026,238242,115847,174546,228512,171918,210671,209748,200088,224001,148437,201042,194483,134522,228137,234945,160856,-9592,127831,252014,-8388607,0,2664,2661,2668,754,2477,-10110976,1,1,14,1,287,0,0,0,1
443349244,197997,201641,219959,184958,238141,115986,174362,228430,171899,210911,209737,200234,223841,148332,201081,194374,134507,228240,235149,161020,-9508,127740,251971,-8388607,0,2661,2664,2664,758,2471,-10110976,1,1,14,1,287,0,0,0,1
443349245,197953,201505,220078,184811,238412,115963,174456,228463,172021,211058,209792,200331,223920,148264,201021,194352,134767,228135,235122,161011,-9497,127738,252014,-8388607,0,2661,2666,2662,755,2480,-10110976,1,1,14,1,287,0,0,0,1
443349246,197862,201422,220051,184730,238165,115833,174303,228303,171974,211049,209896,200588,223862,148609,201074,194077,134602,228301,235105,161091,-9472,127733,251939,-8388607,0,2661,2663,2666,752,2477,-10110976,1,1,14,1,287,0,0,0,1
443349247,197959,201388,219875,184759,238016,115748,174186,228278,172110,211072,209974,200508,223837,148220,200834,194023,134669,228238,235115,161108,-9532,127681,251916,-8388607,0,2668,2664,2662,756,2475,-10110976,1,1,14,1,287,0,0,0,1
443349248,197892,201381,219919,184766,237998,115801,174285,227985,172124,211074,210113,200645,223866,148379,201122,194104,134736,228147,235056,161185,-9476,127642,252027,-8388607,0,2661,2666,2658,753,2479,-10110976,1,1,14,1,287,0,0,0,1
443349249,197775,201527,220057,184777,237768,115720,174203,228164,171998,211076,209920,200646,223943,148373,201003,194283,134806,228111,235226,161018,-9354,127871,251982,-8388607,0,2659,2661,2665,750,2477,-10110976,1,1,14,1,287,0,0,0,1
443349250,197768,201361,220062,184883,237904,115667,174201,228063,171949,211132,209879,200445,223767,148265,200901,194204,134594,227888,234980,161173,-9467,127817,251972,-8388607,0,2668,2659,2664,756,2476,-10110976,1,1,14,1,287,0,0,0,1
443349251,197821,201429,219929,185033,237814,115526,174174,227993,172137,211037,209775,200407,223931,148419,201000,194159,134562,228060,235063,160903,-9511,127790,252035,-8388607,0,2661,2667,2661,760,2478,-10110976,1,1,14,1,287,0,0,0,1
443349252,198000,201668,219963,184978,237780,115595,174256,228049,171798,210865,209712,200439,223868,148627,200961,194241,134392,228148,234874,160942,-9512,127741,251799,-8388607,0,2658,2665,2664,751,2481,-10110976,1,1,14,1,287,0,0,0,1
443349253,197991,201589,220072,185032,237910,115658,174248,228061,171881,210920,209857,200411,223849,148534,200866,194298,134410,227978,234833,160847,-9392,127645,251878,-8388607,0,2661,2664,2663,756,2478,-10110976,1,1,14,1,287,0,0,0,1
443349254,198303,201884,220300,185169,238218,115785,174334,228367,172002,210902,209860,200613,224099,148594,201141,194299,134327,227835,234747,160841,-9326,127858,251953,-8388607,0,2661,2667,2662,758,2478,-10110976,1,1,14,1,287,0,0,0,1
443349255,198408,201824,220238,185076,238267,116043,174498,228510,171918,210919,210046,200335,224046,148573,201109,194352,134360,227910,234840,160733,-9321,127912,252068,-8388607,0,2656,2670,2664,756,2479,-10110976,1,1,14,1,287,0,0,0,1
443349256,198127,201819,219980,185068,238453,115998,174516,228456,171922,210794,209739,200395,224025,148350,201122,194278,134365,227952,234793,160750,-9408,127792,251975,-8388607,0,2663,2668,2667,756,2478,-10110976,1,1,14,1,287,0,0,0,1
443349257,198069,201736,219969,184833,238448,116055,174468,228650,171811,210982,209978,200589,223968,148416,201059,194443,134436,228001,234896,161026,-9355,127814,252014,-8388607,0,2667,2666,2663,759,2476,-10110976,1,1,14,1,287,0,0,0,1
443349258,198141,201705,220015,185011,238424,115960,174523,228669,171959,211059,209910,200463,223854,148415,201215,194389,134466,228131,234880,160880,-9458,127888,252016,-8388607,0,2661,2667,2664,754,2477,-10110976,1,1,14,1,287,0,0,0,1
443349259,197848,201635,219934,184949,238249,116032,174526,228469,171990,211146,209965,200561,223838,148295,201028,194229,134523,228190,235071,161007,-9372,127685,251962,-8388607,0,2663,2663,2661,754,2480,-10110976,1,1,14,1,287,0,0,0,1
443349260,197756,201385,219938,184836,238047,115983,174420,228319,172193,211044,209973,200522,223772,148280,200985,194276,134574,228218,234903,160980,-9601,127638,251888,-8388607,0,2668,2663,2666,757,2477,-10110976,1,1,14,1,287,0,0,0,1
443349261,197811,201407,219932,184902,238124,115865,174340,228450,172129,211359,210130,200656,223981,148357,201068,194315,134672,228226,235120,161111,-9503,127603,251983,-8388607,0,2661,2669,2664,756,2480,-10110976,1,1,14,1,287,0,0,0,1
443349262,197600,201361,219768,184701,237850,115623,174134,228122,172113,211110,209961,200452,223882,148347,200889,194284,134662,228416,235157,161148,-9622,127586,251993,-8388607,0,2664,2664,2661,750,2481,-10110976,1,1,14,1,287,0,0,0,1
443349263,197507,201434,219888,184827,237946,115771,174215,227950,172348,211334,209997,200506,223884,148422,201261,194299,134739,228447,235024,161041,-9486,127655,251986,-8388607,0,2665,2659,2664,756,2480,-10110976,1,1,14,1,287,0,0,0,1
443349264,197759,201535,219815,184741,237708,115553,174112,228034,171980,211087,209851,200478,224035,148452,201071,194252,134642,228241,234972,161097,-9434,127622,251907,-8388607,0,2662,2661,2661,758,2479,-10110976,1,1,14,1,287,0,0,0,1
443349265,197938,201469,219876,184701,237763,115701,174103,228017,171919,211151,209934,200516,224033,148463,201095,194278,134610,228116,234911,161018,-9487,127820,251973,-8388607,0,2657,2666,2664,753,2482,-10110976,1,1,14,1,287,0,0,0,1
443349266,197965,201665,219934,184822,237909,115540,174184,228025,171791,210994,209746,200459,223876,148269,201069,194395,134576,228213,234976,161030,-9353,127775,252048,-8388607,0,2663,2662,2666,756,2478,-10110976,1,1,14,1,287,0,0,0,1
443349267,198054,201637,220133,185082,237857,115668,174329,228176,172030,210928,209779,200321,224033,148444,201014,194373,134474,228140,235037,160903,-9505,127830,251948,-8388607,0,2665,2664,2662,758,2475,-10110976,1,1,14,1,287,0,0,0,1
443349268,198077,201642,220068,184982,238076,115717,174374,228218,171854,210867,209736,200506,224056,148476,201028,194114,134375,227933,234876,160897,-9443,127779,251962,-8388607,0,2664,2668,2664,752,2481,-10110976,1,1,14,1,287,0,0,0,1
443349269,198164,201816,220148,184992,238091,115916,174480,228478,171824,210848,209550,200085,224091,148488,200972,194207,134346,228214,234864,160863,-9417,127745,251955,-8388607,0,2659,2663,2668,751,2477,-10110976,1,1,14,1,287,0,0,0,1
443349270,198188,201714,220118,184972,238315,115967,174460,228498,171853,210824,209640,200167,223879,148523,201167,194363,134329,228216,234887,161106,-9369,127690,251935,-8388607,0,2663,2664,2662,757,2476,-10110976,1,1,14,1,287,0,0,0,1
443349271,198183,201767,220236,185174,238323,116108,174501,228668,172084,210851,209775,200511,223789,148474,201085,194285,134667,228281,235094,161210,-9260,127794,251996,-8388607,0,2661,2668,2657,754,2481,-10110976,1,1,14,1,287,0,0,0,1
443349272,198073,201664,219986,184971,238206,116004,174550,228365,171860,211162,209963,200322,223943,148419,201079,194283,134420,228160,235044,161023,-9322,127641,252024,-8388607,0,2661,2663,2664,754,2481,-10110976,1,1,14,1,287,0,0,0,1
443349273,198039,201744,219989,184911,238271,115849,174527,228382,171860,210865,209883,200157,223815,148218,201104,194145,134340,228052,234777,160903,-9582,127613,251933,-8388607,0,2668,2663,2666,757,2477,-10110976,1,1,14,1,287,0,0,0,1
443349274,198002,201616,219976,184864,237972,115947,174483,228186,171947,211207,209956,200462,223850,148328,201164,194122,134561,228154,234912,160996,-9471,127741,252007,-8388607,0,2666,2666,2659,758,2477,-10110976,1,1,14,1,287,0,0,0,1
443349275,198046,201697,220094,185029,237978,115831,174271,228152,172013,210994,209945,200570,223772,148268,201102,194254,134583,228194,235119,161056,-9369,127871,252076,-8388607,0,2659,2663,2665,754,2481,-10110976,1,1,14,1,287,0,0,0,1
443349276,197941,201444,220061,184873,237785,115758,174190,228231,171978,210951,209834,200302,223699,148293,200742,193932,134535,228114,234911,160862,-9472,127638,252128,-8388607,0,2661,2662,2664,754,2477,-10110976,1,1,14,1,287,0,0,0,1
443349277,197898,201448,219975,185043,237900,115520,174273,228194,172113,211132,210013,200560,223742,148385,200791,194062,134327,227992,235091,160993,-9453,127668,252107,-8388607,0,2672,2661,2660,758,2478,-10110976,1,1,14,1,287,0,0,0,1
443349278,197709,201463,220076,184863,237919,115521,174328,228123,172148,211091,209905,200492,223680,148499,200751,194131,134452,228101,234968,160951,-9532,127664,252042,-8388607,0,2662,2666,2665,755,2481,-10110976,1,1,14,1,287,0,0,0,1
443349279,197745,201561,220067,184825,237920,115623,174204,228240,172093,211137,210071,200332,223885,148462,200890,194075,134430,228018,234871,160861,-9444,127719,252128,-8388607,0,2665,2662,2666,753,2478,-10110976,1,1,14,1,287,0,0,0,1
443349280,197869,201537,219890,184885,237801,115544,174231,228000,171831,211043,209854,200560,223688,148614,200897,194060,134276,228217,234948,160916,-9420,127886,252118,-8388607,0,2666,2667,2661,754,2477,-10110976,1,1,14,1,287,0,0,0,1
443349281,198099,201621,219992,185014,237924,115815,174275,228269,172012,211160,210030,200499,223936,148399,200988,194116,134355,228058,234921,160938,-9498,127787,252083,-8388607,0,2657,2668,2659,754,2480,-10110976,1,1,14,1,287,0,0,0,1
443349282,198042,201596,219986,184860,238092,115808,174380,228081,171899,210965,210117,200678,223953,148268,200915,194292,134259,227935,234891,160928,-9460,127587,252071,-8388607,0,2661,2662,2666,750,2482,-10110976,1,1,14,1,287,0,0,0,1
443349283,198131,201532,220009,184876,238106,115662,174480,228239,171855,210813,210069,200569,224036,148579,201003,194275,134577,228316,234819,160947,-9366,127681,251927,-8388607,0,2666,2668,2661,754,2477,-10110976,1,1,14,1,287,0,0,0,1
443349284,198055,201589,220123,185050,238323,115943,174392,228414,171886,211046,209865,200615,223945,148522,201309,194330,134695,228208,235073,160967,-9451,127732,252121,-8388607,0,2668,2668,2661,757,2477,-10110976,1,1,14,1,287,0,0,0,1
443349285,198065,201581,220097,184933,238107,115741,174450,228300,171860,210882,209587,200283,224186,148384,201225,194384,134694,228200,234952,160948,-9435,127739,252031,-8388607,0,2662,2663,2665,753,2482,-10110976,1,1,14,1,287,0,0,0,1
443349286,198023,201571,220028,184860,238227,115842,174479,228385,171906,210831,209685,200243,224107,148376,201170,194283,134833,228296,235029,161140,-9424,127652,252044,-8388607,0,2663,2659,2662,758,2478,-10110976,1,1,14,1,287,0,0,0,1
443349287,197951,201533,219842,184927,238002,115721,174321,228204,171923,211032,209743,200284,223977,148536,200917,194280,134811,228183,235139,161019,-9450,127601,252070,-8388607,0,2664,2667,2660,759,2480,-10110976,1,1,14,1,287,0,0,0,1
443349288,197978,201475,219972,184888,238080,115830,174330,228221,171942,210913,209974,200456,224032,148637,201193,194083,134744,228325,235184,161118,-9325,127809,252130,-8388607,0,2661,2664,2664,754,2483,-10110976,1,1,14,1,287,0,0,0,1
443349289,197954,201576,220033,185204,238008,115728,174187,228307,171804,211041,209870,200340,224011,148553,201057,194202,134767,228216,235030,161067,-9333,127726,252051,-8388607,0,2665,2659,2666,755,2478,-10110976,1,1,14,1,287,0,0,0,1
443349290,197935,201565,220107,185088,237738,115584,174181,228178,171998,211243,210062,200613,224121,148429,201116,194443,134787,228219,235036,161076,-9677,127612,252040,-8388607,0,2661,2664,2662,760,2475,-10110976,1,1,14,1,287,0,0,0,1
443349291,197822,201485,220061,184971,237919,115624,174258,228206,171829,211042,210169,200569,223774,148316,201040,194309,134556,228099,235156,161162,-9517,127672,252095,-8388607,0,2657,2666,2662,754,2481,-10110976,1,1,14,1,287,0,0,0,1
443349292,198069,201601,220067,184979,237909,115703,174271,228249,171820,210996,210015,200508,223945,148482,201094,194268,134621,228162,235007,160870,-9368,127649,252047,-8388607,0,2661,2661,2668,753,2478,-10110976,1,1,14,1,287,0,0,0,1
443349293,198093,201559,220068,185042,237999,115811,174298,228275,172183,211037,209961,200553,223909,148172,200990,194168,134509,228119,234924,160826,-9434,127833,252113,-8388607,0,2665,2665,2659,756,2478,-10110976,1,1,14,1,287,0,0,0,1
443349294,198032,201724,220080,185036,237964,115827,174494,228251,172085,211249,210102,200664,223914,148260,200931,194257,134422,228234,234879,160790,-9438,127729,252055,-8388607,0,2661,2668,2659,754,2482,-10110976,1,1,14,1,287,0,0,0,1
443349295,198002,201702,220153,185042,237987,115736,174470,228131,172076,211153,210026,200603,223888,148280,200861,194215,134371,227919,234660,160573,-9510,127741,252004,-8388607,0,2665,2664,2666,750,2484,-10110976,1,1,14,1,287,0,0,0,1
443349296,198129,201676,220227,185044,238190,115775,174298,228217,172135,211045,209944,200581,223777,148184,200910,194097,134183,227878,234715,160666,-9528,127648,251994,-8388607,0,2663,2663,2665,756,2478,-10110976,1,1,14,1,287,0,0,0,1
443349297,198207,201571,220055,185133,238199,115728,174537,228316,172096,211059,209924,200528,223858,148397,200998,194251,134241,228015,234657,160793,-9496,127717,252046,-8388607,0,2661,2666,2658,759,2477,-10110976,1,1,14,1,287,0,0,0,1
443349298,198092,201667,220080,184991,238379,115838,174541,228565,172084,211207,209823,200652,223945,148270,201260,194300,134282,228054,234878,161011,-9373,127739,252008,-8388607,0,2662,2665,2665,754,2481,-10110976,1,1,14,1,287,0,0,0,1
443349299,198006,201688,220074,184901,238226,115824,174624,228520,171939,210986,209848,200498,223827,148351,201067,194312,134458,228104,234930,160931,-9365,127603,252091,-8388607,0,2667,2659,2664,756,2478,-10110976,1,1,14,1,287,0,0,0,1
443349300,197919,201556,219957,184834,238176,115967,174509,228549,171986,210944,209835,200361,223715,148407,201142,194357,134527,228241,234988,160972,-9523,127749,252087,-8388607,0,2662,2668,2664,760,2477,-10110976,1,1,14,1,287,0,0,0,1
443349301,197901,201598,219962,184904,238268,115886,174265,228357,171890,210889,209789,200435,223832,148497,201165,194294,134647,228166,234960,160887,-9449,127669,252024,-8388607,0,2660,2668,2666,756,2481,-10110976,1,1,14,1,287,0,0,0,1
443349302,197917,201605,220087,184872,238243,115946,174424,228351,171968,210898,209967,200555,223947,148473,201161,194513,134764,228461,235138,161193,-9477,127692,252173,-8388607,0,2659,2665,2668,758,2476,-10110976,1,1,14,1,287,0,0,0,1
443349303,197962,201493,220217,185013,238118,115787,174396,228268,171949,211125,209969,200267,223956,148497,201228,194551,134770,228406,235244,161156,-9504,127747,252138,-8388607,0,2661,2664,2662,756,2475,-10110976,1,1,14,1,287,0,0,0,1
443349304,198112,201564,220019,185042,238070,115674,174430,228237,171994,211192,209790,200599,224032,148722,201135,194534,134839,228401,235259,161246,-9382,127593,252173,-8388607,0,2661,2668,2663,754,2481,-10110976,1,1,14,1,287,0,0,0,1
443349305,198146,201640,220224,185077,237863,115526,174300,228097,172063,210957,209852,200475,223978,148526,201065,194295,134773,228424,235191,161197,-9396,127607,252098,-8388607,0,2665,2662,2666,751,2478,-10110976,1,1,14,1,287,0,0,0,1
443349306,197995,201652,220074,184962,237895,115572,174353,228021,172135,211157,209964,200413,223980,148573,201240,194338,134888,228240,235071,161149,-9491,127776,252068,-8388607,0,2668,2662,2662,755,2475,-10110976,1,1,14,1,287,0,0,0,1
443349307,197984,201621,219978,184924,237838,115847,174118,228264,171880,211065,209989,200612,224005,148520,200851,194349,134714,228068,234949,161057,-9435,127669,252033,-8388607,0,2658,2668,2659,752,2480,-10110976,1,1,14,1,287,0,0,0,1
443349308,198069,201622,220078,184889,237842,115548,174056,228031,172000,211010,209978,200416,223965,148507,200957,194311,134405,228070,234877,161019,-9496,127710,252034,-8388607,0,2660,2666,2666,752,2481,-10110976,1,1,14,1,287,0,0,0,1
443349309,198224,201699,220190,185015,238058,115871,174234,228296,172223,211228,210219,200653,224002,148399,201199,194382,134503,228070,234955,161054,-9404,127831,252101,-8388607,0,2667,2659,2664,756,2478,-10110976,1,1,14,1,287,0,0,0,1
443349310,198055,201683,220098,185176,237909,115843,174294,228352,172088,211194,210073,200655,223971,148384,201138,194288,134338,228039,235029,160851,-9449,127783,252089,-8388607,0,2662,2663,2661,755,2479,-10110976,1,1,14,1,287,0,0,0,1
443349311,198155,201685,220078,185121,238101,115782,174377,228327,172114,211122,210103,200721,223782,148291,201075,194192,134292,227984,234713,160690,-9456,127759,252114,-8388607,0,2663,2666,2664,753,2482,-10110976,1,1,14,1,287,0,0,0,1
443349312,198122,201622,220100,184990,238227,115821,174566,228468,172147,211243,210001,200632,223825,148191,201007,194335,134317,228048,234894,160879,-9532,127584,252050,-8388607,0,2661,2665,2666,754,2477,-10110976,1,1,14,1,287,0,0,0,1
443349313,198043,201766,220052,184852,238244,115895,174515,228420,171993,211178,209897,200408,223909,148502,200981,194172,134235,227842,234734,160980,-9562,127643,252115,-8388607,0,2661,2665,2660,757,2474,-10110976,1,1,14,1,287,0,0,0,1
443349314,197998,201488,219967,184800,238416,115942,174468,228661,171945,211194,210094,200398,223942,148418,201023,194267,134420,227971,235088,160890,-9524,127778,252136,-8388607,0,2659,2668,2663,752,2481,-10110976,1,1,14,1,287,0,0,0,1
443349315,198095,201640,220180,184942,238295,116165,174574,228501,171993,211031,210104,200655,223994,148391,201083,194258,134443,228011,234924,160903,-9467,127861,252162,-8388607,0,2665,2663,2668,754,2478,-10110976,1,1,14,1,287,0,0,0,1
443349316,198130,201691,220106,184987,238137,116014,174419,228475,172037,211133,209973,200542,223936,148374,201209,194365,134584,228116,234976,160890,-9322,127786,252120,-8388607,0,2666,2666,2663,752,2475,-10110976,1,1,14,1,287,0,0,0,1
443349317,198155,201766,220193,185168,238096,115988,174474,228499,172059,211076,209968,200566,223922,148493,201327,194345,134731,228293,235157,161096,-9377,127865,252174,-8388607,0,2660,2666,2662,755,2479,-10110976,1,1,14,1,287,0,0,0,1
443349318,198166,201674,220137,185287,238072,115715,174142,228224,171851,211056,209874,200397,223787,148504,201047,194435,134781,228236,234990,161047,-9417,127788,252070,-8388607,0,2661,2662,2666,753,2481,-10110976,1,1,14,1,287,0,0,0,1
443349319,198175,201710,220200,185149,237837,115734,174179,228178,172152,211090,209827,200349,224024,148472,201202,194431,134722,228285,235151,161237,-9408,127788,252207,-8388607,0,2664,2663,2662,756,2476,-10110976,1,1,14,1,287,0,0,0,1
443349320,198110,201769,220066,184997,237807,115660,174281,228130,172136,210929,209780,200296,224002,148367,201164,194218,134559,228164,235130,161095,-9418,127828,252142,-8388607,0,2663,2666,2659,757,2477,-10110976,1,1,14,1,287,0,0,0,1
443349321,198250,201820,219973,184941,237941,115592,174365,228275,172119,210997,209929,200442,223999,148501,201192,194400,134632,228262,235175,161246,-9338,127806,252165,-8388607,0,2663,2663,2665,751,2481,-10110976,1,1,14,1,287,0,0,0,1
443349322,198098,201764,220141,184998,237962,115758,174201,228030,172131,211138,209777,200637,224005,148529,201230,194371,134691,228125,235086,160908,-9474,127749,252091,-8388607,0,2662,2661,2666,757,2477,-10110976,1,1,14,1,287,0,0,0,1
443349323,198037,201661,219983,184983,237997,115785,174216,228303,172092,211165,209988,200591,224017,148423,201219,194526,134449,228299,235080,161025,-9436,127856,252146,-8388607,0,2663,2668,2664,759,2477,-10110976,1,1,14,1,287,0,0,0,1
443349324,198124,201690,220225,185030,238037,115907,174444,228412,171808,211040,209951,200613,223710,148277,200967,194411,134345,228212,235067,160978,-9319,127824,252147,-8388607,0,2659,2664,2664,755,2482,-10110976,1,1,14,1,287,0,0,0,1
443349325,197974,201496,220080,184814,238072,115866,174260,228100,172048,210994,210114,200592,223966,148461,201055,194385,134414,227963,235043,160965,-9468,127734,252193,-8388607,0,2665,2663,2668,754,2477,-10110976,1,1,14,1,287,0,0,0,1
443349326,197966,201389,220064,184901,238287,115891,174511,228376,171991,211164,209991,200428,223992,148213,200991,194315,134233,227921,234744,160719,-9488,127673,252190,-8388607,0,2668,2664,2662,758,2474,-10110976,1,1,14,1,287,0,0,0,1
443349327,197831,201393,220029,184776,238190,115947,174459,228434,172085,211178,210121,200555,223834,148236,201115,194080,134183,227868,234840,160860,-9436,127619,252165,-8388607,0,2660,2668,2662,753,2480,-10110976,1,1,14,1,287,0,0,0,1
443349328,197928,201512,219918,184836,238177,115925,174560,228443,172063,211138,210071,200601,223909,148267,201118,194406,134529,228132,234928,160950,-9419,127799,252185,-8388607,0,2661,2664,2666,751,2481,-10110976,1,1,14,1,287,0,0,0,1
443349329,197967,201549,219844,184920,238350,115933,174571,228592,172232,211172,209978,200578,223700,148408,201288,194397,134565,228213,235001,161104,-9487,127867,252131,-8388607,0,2664,2663,2663,755,2471,-10110976,1,1,14,1,287,0,0,0,1
443349330,197804,201513,219846,184853,238065,115780,174295,228207,172108,211146,209741,200364,223673,148322,201042,194261,134441,228077,234859,160925,-9523,127833,252191,-8388607,0,2661,2664,2664,757,2480,-10110976,1,1,14,1,287,0,0,0,1
443349331,197886,201566,220035,184962,238041,115642,174227,228110,171774,211026,209814,200574,223890,148182,201142,194300,134447,228117,234990,161010,-9448,127761,252196,-8388607,0,2663,2662,2659,750,2482,-10110976,1,1,14,1,287,0,0,0,1
443349332,198035,201658,220294,185005,238014,115600,174269,228008,171761,210955,209734,200499,223987,148509,201033,194242,134435,227992,234875,161217,-9472,127804,252122,-8388607,0,2666,2661,2664,755,2478,-10110976,1,1,14,1,287,0,0,0,1
443349333,198179,201778,220104,185094,237910,115619,174229,227977,171889,211062,209955,200519,223820,148385,200957,194250,134565,228029,234790,160994,-9445,127677,252218,-8388607,0,2659,2667,2662,755,2479,-10110976,1,1,14,1,287,0,0,0,1
443349334,198274,201771,220193,184959,238103,115662,174282,228220,171932,210826,209948,200596,224111,148557,201319,194272,134698,228070,234954,160983,-9522,127809,252217,-8388607,0,2658,2661,2665,748,2482,-10110976,1,1,14,1,287,0,0,0,1
443349335,198234,201806,219997,184875,238033,115659,174233,228190,171833,211026,210014,200375,224045,148639,201096,194557,134528,228017,234810,160885,-9428,127766,252171,-8388607,0,2664,2661,2665,752,2478,-10110976,1,1,14,1,287,0,0,0,1
443349336,198353,201916,220139,184948,238158,115646,174338,228421,172116,210930,210067,200387,223981,148643,201141,194460,134527,227961,234823,160907,-9321,127933,252320,-8388607,0,2663,2664,2664,760,2477,-10110976,1,1,14,1,287,0,0,0,1
443349337,198327,201971,220284,185002,238034,115791,174308,228300,172118,211012,209968,200351,223784,148478,201031,194573,134534,228218,234970,160842,-9414,127843,252278,-8388607,0,2662,2666,2663,754,2481,-10110976,1,1,14,1,287,0,0,0,1
443349338,198147,201704,220114,184925,237996,115835,174296,228299,171965,211021,210057,200598,223910,148630,200965,194464,134448,227969,234932,160917,-9573,127825,252253,-8388607,0,2661,2664,2666,754,2477,-10110976,1,1,14,1,287,0,0,0,1
443349339,197916,201649,220012,185010,238224,115726,174450,228250,172082,211096,209895,200568,223864,148268,200991,194378,134286,227980,234962,160921,-9569,127715,252271,-8388607,0,2663,2666,2666,758,2478,-10110976,1,1,14,1,287,0,0,0,1
443349340,197974,201585,220034,184843,238151,115920,174296,228242,172193,211111,209955,200544,223774,148389,201082,194376,134401,228176,234999,161011,-9469,127771,252377,-8388607,0,2661,2666,2658,754,2479,-10110976,1,1,14,1,287,0,0,0,1
443349341,197888,201479,220006,184889,238213,115861,174273,228387,172120,211073,209940,200516,223739,148215,201051,194133,134373,228147,235014,161082,-9418,127761,252291,-8388607,0,2663,2662,2666,750,2479,-10110976,1,1,14,1,287,0,0,0,1
443349342,197807,201425,219941,184900,238209,115903,174506,228342,171888,211146,210014,200515,223904,148430,201023,194261,134434,228221,235032,161015,-9430,127822,252332,-8388607,0,2665,2663,2661,750,2476,-10110976,1,1,14,1,287,0,0,0,1
443349343,197848,201533,220026,184921,238180,116009,174364,228358,171995,211120,210021,200748,223857,148289,200980,194036,134666,228278,235082,161062,-9564,127728,252283,-8388607,0,2662,2668,2661,754,2481,-10110976,1,1,14,1,287,0,0,0,1
443349344,197919,201583,220041,184839,237969,115661,174531,228363,172041,211041,210048,200576,223866,148361,201151,194261,134639,228403,235082,161026,-9383,127771,252295,-8388607,0,2662,2664,2665,753,2480,-10110976,1,1,14,1,287,0,0,0,1
443349345,197998,201483,220073,184873,237994,115616,174403,228242,172005,210866,209947,200521,224085,148440,201070,194450,134659,228329,234995,161025,-9420,127601,252387,-8388607,0,2663,2662,2664,756,2478,-10110976,1,1,14,1,287,0,0,0,1
443349346,197910,201436,220058,184913,237763,115581,174114,228238,171960,210897,209874,200471,224138,148362,201236,194559,134554,228193,235057,160982,-9502,127834,252214,-8388607,0,2663,2666,2659,759,2478,-10110976,1,1,14,1,287,0,0,0,1
443349347,198091,201643,219935,184953,238053,115764,174363,228320,172184,211151,209884,200434,224105,148466,201161,194547,134587,228158,235046,161075,-9334,127771,252181,-8388607,0,2661,2668,2666,756,2481,-10110976,1,1,14,1,287,0,0,0,1
443349348,198056,201672,220031,184823,237945,115634,174266,228236,171980,211029,209802,200295,224051,148436,201079,194559,134483,228145,235071,160962,-9414,127821,252258,-8388607,0,2664,2663,2666,752,2476,-10110976,1,1,14,1,287,0,0,0,1
443349349,198070,201757,219972,184937,237893,115677,174300,228369,171878,211154,209945,200387,223954,148487,201187,194354,134474,228153,235034,161115,-9462,127888,252286,-8388607,0,2661,2664,2662,758,2475,-10110976,1,1,14,1,287,0,0,0,1
443349350,198233,201748,220167,185147,238196,115854,174364,228415,171890,211082,209988,200672,224106,148611,201099,194280,134471,228050,234879,160966,-9231,127917,252302,-8388607,0,2659,2668,2663,754,2481,-10110976,1,1,14,1,287,0,0,0,1
443349351,198215,201718,220223,185020,238066,115670,174480,228191,172108,211248,210323,200855,224045,148586,201271,194300,134270,227919,234978,160918,-9408,127864,252195,-8388607,0,2661,2664,2668,752,2477,-10110976,1,1,14,1,287,0,0,0,1
443349352,198110,201641,220112,185023,238032,115787,174276,228330,171930,211168,210086,200593,223843,148415,200880,194243,134371,228054,234965,160878,-9377,127760,252194,-8388607,0,2666,2663,2664,755,2475,-10110976,1,1,14,1,287,0,0,0,1
443349353,198010,201646,220235,185084,237990,115809,174325,228347,171995,211073,209949,200400,223706,148274,200898,194267,134288,227928,234898,160936,-9408,127704,252236,-8388607,0,2661,2668,2659,753,2479,-10110976,1,1,14,1,287,0,0,0,1
443349354,198007,201686,220158,185185,238015,115774,174253,228417,171982,211176,209936,200472,223939,148210,200975,193990,134404,228150,234755,160853,-9382,127770,252282,-8388607,0,2664,2665,2661,751,2479,-10110976,1,1,14,1,287,0,0,0,1
443349355,197856,201617,220084,184929,237989,115720,174389,228360,171925,211009,209783,200351,223591,148151,200947,193941,134348,228102,234745,160706,-9413,127745,252295,-8388607,0,2667,2668,2663,755,2477,-10110976,1,1,14,1,287,0,0,0,1
443349356,198028,201584,219971,184824,238252,115817,174603,228387,172044,210992,209976,200667,223619,148303,200808,194002,134560,228292,234880,160807,-9451,127680,252287,-8388607,0,2662,2667,2660,756,2479,-10110976,1,1,14,1,287,0,0,0,1
443349357,197929,201494,219912,184896,238098,115632,174530,228491,171926,211136,209809,200328,223882,148264,200704,194070,134576,228175,234916,160922,-9358,127665,252368,-8388607,0,2663,2667,2661,755,2482,-10110976,1,1,14,1,287,0,0,0,1
443349358,197961,201643,220098,184949,238228,115847,174352,228467,171885,210960,209893,200483,223790,148374,200965,194141,134712,228160,235037,160986,-9467,127799,252363,-8388607,0,2665,2661,2664,756,2477,-10110976,1,1,14,1,287,0,0,0,1
443349359,198028,201510,220202,184826,238124,115745,174336,228155,171768,210910,209986,200296,223865,148426,201064,194026,134487,228215,234972,161007,-9568,127660,252318,-8388607,0,2661,2664,2661,758,2475,-10110976,1,1,14,1,287,0,0,0,1
443349360,197892,201432,220068,184850,238031,115748,174188,228164,171832,210919,209895,200318,223913,148529,200982,194123,134645,228216,235026,160884,-9483,127697,252263,-8388607,0,2660,2669,2664,752,2481,-10110976,1,1,14,1,287,0,0,0,1
443349361,198032,201527,219939,184867,238002,115757,174086,228346,171874,210841,209975,200329,224203,148626,200945,194133,134613,228049,234824,160923,-9436,127731,252375,-8388607,0,2661,2662,2666,754,2478,-10110976,1,1,14,1,287,0,0,0,1
443349362,197992,201472,220001,184825,238004,115735,174377,228194,171997,210854,209893,200423,224085,148643,200867,194423,134378,228193,234937,161084,-9314,127746,252258,-8388607,0,2668,2661,2666,757,2471,-10110976,1,1,14,1,287,0,0,0,1
443349363,198047,201615,220012,184925,237897,115566,174357,228289,171947,211004,209907,200255,224212,148898,201149,194456,134268,228216,235018,161092,-9302,127861,252308,-8388607,0,2661,2666,2662,754,2480,-10110976,1,1,14,1,287,0,0,0,1
443349364,198050,201691,220167,184768,237841,115644,174296,228359,172164,211017,209927,200324,223994,148761,201063,194549,134231,228011,234885,160908,-9455,127829,252274,-8388607,0,2663,2664,2670,749,2481,-10110976,1,1,14,1,287,0,0,0,1
443349365,198033,201780,220088,184715,237942,115693,174284,228268,172011,211186,210100,200629,223865,148767,201032,194332,134459,228178,234970,160934,-9548,127735,252411,-8388607,0,2663,2662,2663,755,2476,-10110976,1,1,14,1,287,0,0,0,1
443349366,198100,201635,220105,184916,237934,115653,174215,228161,171978,211076,209970,200434,223993,148446,201208,194504,134323,228086,234982,160937,-9318,127857,252296,-8388607,0,2660,2664,2659,755,2478,-10110976,1,1,14,1,287,0,0,0,1
443349367,198190,201614,219943,184877,237919,115851,174064,228071,171952,211186,209723,200512,223854,148367,201020,194472,134499,228068,234885,160875,-9488,127843,252309,-8388607,0,2663,2662,2663,754,2482,-10110976,1,1,14,1,287,0,0,0,1
443349368,197908,201459,220077,184989,238050,115720,174310,228053,171959,211092,210015,200485,223868,148221,200946,194277,134535,228157,234975,160883,-9396,127774,252395,-8388607,0,2668,2659,2662,756,2478,-10110976,1,1,14,1,287,0,0,0,1
443349369,198002,201737,220138,184936,238095,115864,174418,228318,171991,211026,210066,200715,223836,148130,201034,194027,134623,228224,234952,160967,-9378,127801,252408,-8388607,0,2663,2663,2662,757,2478,-10110976,1,1,14,1,287,0,0,0,1
443349370,197968,201675,220141,184935,238221,115889,174311,228411,171923,211003,209796,200445,223851,148186,200972,193998,134568,228254,234894,160960,-9508,127667,252420,-8388607,0,2657,2664,2664,753,2482,-10110976,1,1,14,1,287,0,0,0,1
443349371,197977,201702,220234,185157,238066,115904,174316,228503,171786,210737,209769,200439,223829,148072,200757,194079,134574,228195,235022,161015,-9449,127868,252313,-8388607,0,2659,2661,2666,753,2478,-10110976,1,1,14,1,287,0,0,0,1
443349372,197988,201691,220288,185047,238011,115884,174458,228320,171727,210913,209717,200096,223741,148196,200914,194093,134639,228172,234929,160970,-9389,127736,252431,-8388607,0,2664,2661,2664,760,2473,-10110976,1,1,14,1,287,0,0,0,1
443349373,198133,201797,220247,185061,238081,115885,174395,228362,171972,210741,209715,200294,223815,148195,201037,194228,134552,228234,234937,160915,-9502,127656,252443,-8388607,0,2662,2668,2662,754,2481,-10110976,1,1,14,1,287,0,0,0,1
443349374,198314,201884,220266,185053,238138,115770,174459,228263,171851,210747,209807,200312,223889,148342,201122,194191,134737,228233,235045,161099,-9453,127683,252339,-8388607,0,2661,2663,2666,751,2478,-10110976,1,1,14,1,287,0,0,0,1
443349375,198176,201859,220148,185019,238142,115772,174281,228292,171780,210709,209826,200393,224075,148498,201022,194354,134602,228066,234984,161124,-9342,127758,252310,-8388607,0,2666,2663,2663,754,2475,-10110976,1,1,14,1,287,0,0,0,1
443349376,198127,201842,220166,185026,238097,115767,174326,228323,171667,210892,210044,200553,223977,148549,201087,194396,134491,228085,234910,161124,-9320,127866,252370,-8388607,0,2660,2666,2666,754,2479,-10110976,1,1,14,1,287,0,0,0,1
443349377,197943,201764,220110,184932,238006,115850,174386,228355,171942,210811,210039,200592,224061,148653,201105,194466,134645,228139,234825,160787,-9351,127747,252345,-8388607,0,2666,2664,2668,753,2481,-10110976,1,1,14,1,287,0,0,0,1
443349378,198094,201568,220025,184904,237946,115750,174421,228394,172156,211232,210024,200512,223886,148514,200965,194333,134373,228200,234711,160934,-9339,127695,252382,-8388607,0,2668,2663,2664,755,2479,-10110976,1,1,14,1,287,0,0,0,1
443349379,197884,201457,220073,184943,237975,115689,174407,228171,172250,211236,210026,200519,224056,148826,201194,194339,134405,227988,234716,160922,-9400,127702,252480,-8388607,0,2663,2668,2664,760,2481,-10110976,1,1,14,1,287,0,0,0,1
443349380,197796,201391,219931,184895,237820,115519,174332,228137,172132,211238,210064,200599,224040,148626,200960,194265,134156,227895,234735,160862,-9487,127576,252364,-8388607,0,2662,2662,2665,754,2481,-10110976,1,1,14,1,287,0,0,0,1
443349381,197787,201323,219919,184864,237924,115641,174325,228244,172167,211431,209763,200522,223707,148441,200947,194258,134187,227951,234851,160868,-9641,127705,252365,-8388607,0,2663,2660,2666,756,2477,-10110976,1,1,14,1,287,0,0,0,1
443349382,197796,201457,219877,184798,238003,115746,174233,228384,172000,211318,210005,200585,223932,148482,201035,193986,134289,227938,234945,160810,-9643,127728,252377,-8388607,0,2661,2665,2664,760,2477,-10110976,1,1,14,1,287,0,0,0,1
443349383,197908,201363,219954,184699,238106,115784,174371,228461,171850,211298,210011,200542,223878,148299,201088,194329,134336,228176,235000,160851,-9496,127610,252441,-8388607,0,2658,2669,2664,754,2484,-10110976,1,1,14,1,287,0,0,0,1
443349384,197991,201387,219889,184724,238159,115865,174352,228380,171811,211121,209843,200567,223901,148280,200941,194138,134446,228144,235082,160952,-9296,127788,252372,-8388607,0,2661,2663,2670,754,2477,-10110976,1,1,14,1,287,0,0,0,1
443349385,197949,201442,219965,184833,238010,115732,174325,228291,171798,210904,209833,200361,223721,148211,200818,194057,134524,228282,234998,160927,-9357,127691,252255,-8388607,0,2666,2665,2662,756,2475,-10110976,1,1,14,1,287,0,0,0,1
443349386,197803,201446,219917,184909,238123,115851,174122,228569,171628,210969,209809,200444,223940,148503,201014,194462,134612,228289,234799,160766,-9452,127794,252410,-8388607,0,2661,2668,2662,755,2481,-10110976,1,1,14,1,287,0,0,0,1
443349387,198096,201511,220016,184892,238055,115948,174296,228325,171515,210761,209900,200309,223893,148457,200835,194376,134588,228074,234948,160956,-9449,127667,252300,-8388607,0,2661,2664,2664,751,2484,-10110976,1,1,14,1,287,0,0,0,1
443349388,198050,201526,220215,185111,238126,115850,174172,228468,171846,210918,209685,200247,223776,148420,200990,194401,134695,228199,234988,160957,-9321,127743,252433,-8388607,0,2665,2664,2659,756,2475,-10110976,1,1,14,1,287,0,0,0,1
443349389,198170,201689,220170,185043,237874,115754,174299,228346,171716,210799,209766,200164,224011,148354,201027,194119,134669,228264,235105,161128,-9490,127804,252365,-8388607,0,2663,2668,2661,755,2477,-10110976,1,1,14,1,287,0,0,0,1
443349390,198074,201631,220088,185085,237915,115700,174297,228230,171834,210860,209769,200449,224154,148510,201185,194361,134751,228272,235004,161113,-9475,127721,252341,-8388607,0,2663,2663,2666,749,2482,-10110976,1,1,14,1,287,0,0,0,1
443349391,198057,201669,220037,184940,237881,115754,174317,228262,171980,211021,209858,200348,223912,148405,201171,194382,134439,228078,235043,160968,-9396,127657,252475,-8388607,0,2663,2659,2664,755,2478,-10110976,1,1,14,1,287,0,0,0,1
443349392,198079,201660,220032,184943,238038,115598,174426,228256,172136,211114,209903,200426,224177,148511,201159,194431,134385,228128,234906,160980,-9348,127801,252364,-8388607,0,2659,2667,2662,756,2477,-10110976,1,1,14,1,287,0,0,0,1
443349393,198062,201661,219985,184960,238027,115677,174251,228073,172143,211212,210012,200678,224026,148353,201132,194430,134285,228134,234964,160802,-9348,127904,252482,-8388607,0,2657,2665,2663,753,2482,-10110976,1,1,14,1,287,0,0,0,1
443349394,198010,201446,219949,184911,238145,115638,174175,228168,172255,211316,210140,200450,223922,148264,201098,194675,134211,228024,234665,160704,-9562,127659,252198,-8388607,0,2663,2663,2666,755,2478,-10110976,1,1,14,1,287,0,0,0,1
443349395,197839,201531,219840,184833,238214,115743,174289,228228,172169,211045,209974,200527,223744,148388,201191,194302,134488,227969,234672,160976,-9589,127601,252309,-8388607,0,2661,2665,2661,760,2474,-10110976,1,1,14,1,287,0,0,0,1
443349396,197953,201421,220044,184886,238134,115953,174362,228400,172261,211186,210075,200747,223681,148443,201023,194177,134351,228154,234757,160783,-9600,127678,252480,-8388607,0,2661,2668,2663,753,2477,-10110976,1,1,14,1,287,0,0,0,1
443349397,198014,201426,220054,185054,238201,115965,174375,228436,172121,211207,210074,200453,223767,148354,200960,194200,134445,228074,234718,160887,-9309,127752,252453,-8388607,0,2660,2664,2664,754,2478,-10110976,1,1,14,1,287,0,0,0,1
443349398,197968,201498,219930,184913,238144,115708,174394,228479,172105,211217,210020,200461,223956,148296,200986,194112,134331,228110,234872,160804,-9438,127633,252461,-8388607,0,2666,2665,2662,759,2473,-10110976,1,1,14,1,287,0,0,0,1
443349399,198014,201542,219910,184895,238092,115768,174444,228540,171953,211031,209720,200383,223924,148411,200907,194136,134466,228097,234908,160765,-9565,127769,252308,-8388607,0,2663,2669,2660,755,2480,-10110976,1,1,14,1,287,0,0,0,1
443349400,198096,201689,220118,184935,238127,115726,174420,228283,171798,210866,209726,200223,223894,148403,200907,194243,134525,228026,234887,160993,-9433,127669,252438,-8388607,0,2665,2663,2666,751,2479,-10110976,1,1,14,1,287,0,0,0,1
443349401,197995,201671,219998,185068,237981,115477,174340,228105,171683,210654,209824,200344,223810,148070,200909,194112,134604,227990,234899,160952,-9404,127715,252453,-8388607,0,2664,2665,2663,757,2477,-10110976,1,1,14,1,287,0,0,0,1
443349402,198123,201737,220040,184985,238057,115629,174186,228099,171676,210696,209680,200401,223821,148327,200945,194273,134397,228181,234989,160978,-9439,127851,252434,-8388607,0,2661,2668,2659,757,2477,-10110976,1,1,14,1,287,0,0,0,1
443349403,198122,201755,219955,184935,237903,115642,174109,228117,171682,210606,209898,200494,223854,148449,200813,194302,134624,228229,234830,160950,-9438,127821,252424,-8388607,0,2655,2664,2663,753,2481,-10110976,1,1,14,1,287,0,0,0,1
443349404,198124,201617,220047,185000,237840,115569,174226,228144,171720,210632,209975,200452,224031,148507,201026,194155,134685,228240,234911,161187,-9544,127701,252422,-8388607,0,2667,2661,2668,757,2477,-10110976,1,1,14,1,287,0,0,0,1
443349405,198156,201544,220102,184933,237846,115611,174107,228248,172003,210916,209921,200361,223880,148577,201029,194478,134580,228153,235025,161102,-9408,127663,252319,-8388607,0,2663,2665,2664,760,2476,-10110976,1,1,14,1,287,0,0,0,1
443349406,198087,201364,220093,184869,237806,115591,174067,228250,171970,211003,209998,200367,223828,148537,201034,194262,134513,228269,234975,160931,-9423,127728,252463,-8388607,0,2662,2666,2664,754,2484,-10110976,1,1,14,1,287,0,0,0,1
443349407,197845,201373,220046,184876,237825,115735,174214,228253,172173,211064,209940,200597,224134,148535,201009,194416,134460,228273,235083,161063,-9471,127657,252665,-8388607,0,2664,2663,2668,756,2477,-10110976,1,1,14,1,287,0,0,0,1
443349408,197994,201508,219975,184999,238106,115690,174215,228308,172137,211060,209931,200409,223895,148420,201086,194252,134583,228029,235086,161078,-9500,127543,252407,-8388607,0,2661,2664,2662,757,2475,-10110976,1,1,14,1,287,0,0,0,1
443349409,197803,201586,219999,185007,238145,115719,174519,228216,172149,211050,209900,200345,224048,148250,201028,194003,134425,228214,235061,161066,-9421,127683,252511,-8388607,0,2659,2663,2666,755,2477,-10110976,1,1,14,1,287,0,0,0,1
443349410,197895,201474,220008,184860,238162,115825,174306,228222,172034,211181,210009,200557,223740,148270,200917,194395,134463,228227,234989,161082,-9417,127765,252473,-8388607,0,2665,2662,2666,751,2479,-10110976,1,1,14,1,287,0,0,0,1
443349411,197990,201560,219857,184753,238254,115721,174251,228245,171995,211014,209864,200175,223775,148294,201056,194159,134416,228255,234756,161014,-9435,127838,252465,-8388607,0,2663,2663,2662,755,2475,-10110976,1,1,14,1,287,0,0,0,1
443349412,198056,201430,219887,184817,238166,115745,174340,228390,171968,210909,209844,200495,223802,148215,200964,194177,134435,228163,234743,160878,-9519,127741,252445,-8388607,0,2661,2666,2658,755,2480,-10110976,1,1,14,1,287,0,0,0,1
443349413,198109,201514,219928,184934,238301,115845,174327,228313,171870,210967,209846,200533,223809,148348,200994,194378,134500,228263,234732,160889,-9353,127797,252431,-8388607,0,2659,2663,2665,752,2482,-10110976,1,1,14,1,287,0,0,0,1
443349414,198069,201609,220106,185063,238123,115787,174349,228255,171754,210889,209766,200429,223852,148215,200941,194169,134420,228036,234731,160652,-9520,127768,252587,-8388607,0,2665,2665,2664,754,2477,-10110976,1,1,14,1,287,0,0,0,1
443349415,198274,201751,220266,184987,238040,115705,174279,228413,172073,210891,209855,200335,223900,148233,201200,194247,134433,228017,234792,160980,-9438,127780,252512,-8388607,0,2663,2667,2662,757,2478,-10110976,1,1,14,1,287,0,0,0,1
443349416,198317,201914,220238,185081,237890,115631,174340,228368,171716,210660,209727,200135,223984,148380,201015,194048,134428,227920,234720,160905,-9551,127723,252429,-8388607,0,2662,2666,2666,754,2486,-10110976,1,1,14,1,287,0,0,0,1
443349417,198192,201704,220189,184990,238011,115697,174372,228363,171918,210999,209740,200367,223963,148400,201063,194188,134289,228108,234790,160932,-9483,127711,252518,-8388607,0,2665,2663,2663,756,2477,-10110976,1,1,14,1,287,0,0,0,1
443349418,198030,201596,220001,184857,237988,115565,174307,228066,171960,210994,209812,200408,224045,148399,200956,194003,134273,228045,234815,160955,-9505,127744,252409,-8388607,0,2661,2666,2662,760,2476,-10110976,1,1,14,1,287,0,0,0,1
443349419,198051,201585,219992,184862,237980,115646,174283,228223,171967,210962,209915,200674,224078,148540,201024,194247,134409,227978,234808,160852,-9326,127788,252503,-8388607,0,2664,2670,2664,754,2485,-10110976,1,1,14,1,287,0,0,0,1
443349420,198073,201550,219888,184834,237992,115786,174212,228167,172155,211063,210194,200609,223957,148344,200931,194391,134420,228169,234759,160904,-9386,127809,252502,-8388607,0,2665,2665,2665,752,2481,-10110976,1,1,14,1,287,0,0,0,1
443349421,197930,201251,219904,184777,237936,115725,174139,228134,172176,211113,210127,200601,224101,148443,200930,194284,134423,228200,234888,160922,-9576,127711,252500,-8388607,0,2664,2666,2666,762,2473,-10110976,1,1,14,1,287,0,0,0,1
443349422,197736,201420,219989,184886,237999,115887,174477,228334,172146,211134,210097,200718,223866,148420,200990,194345,134619,228202,235107,160999,-9647,127735,252566,-8388607,0,2662,2668,2661,752,2480,-10110976,1,1,14,1,287,0,0,0,1
443349423,197864,201389,219931,184916,237970,115837,174396,228286,172086,210934,210073,200563,223965,148535,201148,194353,134502,228169,235070,160961,-9564,127736,252607,-8388607,0,2664,2664,2667,751,2482,-10110976,1,1,14,1,287,0,0,0,1
443349424,197709,201234,220041,184941,237985,115654,174363,228593,172113,211082,210091,200333,223953,148450,201035,194332,134564,228171,235195,161068,-9598,127744,252552,-8388607,0,2664,2663,2661,754,2477,-10110976,1,1,14,1,287,0,0,0,1
443349425,197746,201361,219893,184717,238124,115848,174389,228422,171970,211060,209938,200440,223901,148490,201008,194196,134568,228193,235124,161061,-9562,127656,252585,-8388607,0,2662,2667,2659,757,2477,-10110976,1,1,14,1,287,0,0,0,1
443349426,197878,201325,219823,184771,238289,115780,174590,228382,172077,211044,209890,200427,223995,148238,201005,194181,134620,228265,235152,160805,-9558,127561,252477,-8388607,0,2664,2665,2664,753,2481,-10110976,1,1,14,1,287,0,0,0,1
443349427,197919,201518,219936,184826,238212,115808,174415,228340,171900,210895,209820,200390,223939,148269,201045,194169,134625,228216,235119,160995,-9501,127713,252617,-8388607,0,2665,2661,2666,757,2477,-10110976,1,1,14,1,287,0,0,0,1
443349428,197887,201542,219873,184879,238037,115790,174175,228142,171707,210769,209667,200233,223779,148374,200944,194297,134597,228146,234722,160981,-9521,127660,252422,-8388607,0,2662,2665,2661,751,2471,-10110976,1,1,14,1,287,0,0,0,1
443349429,198129,201551,220121,184951,238010,115670,174193,228122,171738,210823,209673,200284,223946,148273,201067,194190,134436,228259,234988,160952,-9578,127841,252505,-8388607,0,2657,2664,2662,754,2481,-10110976,1,1,14,1,287,0,0,0,1
443349430,198149,201549,220055,184966,238001,115688,173928,228252,171634,210846,209791,200265,223999,148496,201060,194234,134475,228216,234873,161061,-9371,127777,252462,-8388607,0,2663,2672,2668,757,2477,-10110976,1,1,14,1,287,0,0,0,1
443349431,198159,201639,220125,185180,237649,115662,174143,228271,171662,210931,209862,200597,223865,148293,201056,194312,134393,228183,234946,160837,-9395,127884,252508,-8388607,0,2665,2664,2662,759,2475,-10110976,1,1,14,1,287,0,0,0,1
443349432,198072,201673,220064,184964,237684,115462,174008,228128,171730,210863,209942,200373,223921,148421,201012,194261,134197,227917,234913,160815,-9400,127683,252568,-8388607,0,2661,2668,2668,754,2482,-10110976,1,1,14,1,287,0,0,0,1
443349433,198079,201704,220098,185054,237758,115664,174014,228329,172052,211043,209960,200354,224019,148411,200955,194263,134585,227948,234979,161075,-9505,127859,252560,-8388607,0,2661,2663,2666,752,2478,-10110976,1,1,14,1,287,0,0,0,1
443349434,198088,201603,219965,185086,237852,115595,174240,228333,172179,211272,210089,200708,224112,148525,201086,194253,134373,227992,234867,161043,-9405,127693,252653,-8388607,0,2663,2665,2664,755,2475,-10110976,1,1,14,1,287,0,0,0,1
443349435,198014,201700,220086,185075,238112,115563,174373,228192,172259,211115,209874,200593,223800,148574,201069,194188,134396,227906,234849,160907,-9574,127829,252556,-8388607,0,2661,2669,2659,753,2477,-10110976,1,1,14,1,287,0,0,0,1
443349436,197916,201651,220115,185022,238018,115798,174477,228225,171983,211176,210072,200362,223869,148249,201022,193951,134321,228115,234715,160901,-9480,127831,252538,-8388607,0,2661,2663,2667,751,2482,-10110976,1,1,14,1,287,0,0,0,1
443349437,197962,201605,220088,184948,238244,115917,174440,228318,172187,211331,210035,200408,223912,148317,201253,194317,134534,228164,234955,160978,-9534,127690,252590,-8388607,0,2667,2659,2661,756,2478,-10110976,1,1,14,1,287,0,0,0,1
443349438,197875,201439,219975,184855,238392,115946,174599,228447,171949,210980,210205,200410,223832,148284,200867,194154,134446,228176,234886,160835,-9475,127591,252566,-8388607,0,2662,2667,2659,758,2481,-10110976,1,1,14,1,287,0,0,0,1
443349439,198007,201342,220012,184832,238277,116068,174526,228488,172002,210966,209980,200403,223852,148323,201035,194060,134406,228049,234846,161023,-9543,127656,252575,-8388607,0,2660,2664,2664,755,2481,-10110976,1,1,14,1,287,0,0,0,1
443349440,198110,201482,220006,184821,238397,116136,174562,228572,172080,211144,209910,200526,223681,148186,200945,194245,134618,228091,235016,161003,-9387,127790,252633,-8388607,0,2659,2663,2666,756,2478,-10110976,1,1,14,1,287,0,0,0,1
443349441,197887,201605,219956,185001,238152,115881,174520,228434,171740,210819,210021,200396,223750,148408,201069,194242,134680,228083,234906,160996,-9513,127720,252673,-8388607,0,2666,2665,2664,765,2473,-10110976,1,1,14,1,287,0,0,0,1
443349442,198102,201674,220051,184961,238079,115870,174399,228370,171859,210901,209844,200430,223738,148518,201101,194301,134564,228104,235218,161189,-9500,127762,252563,-8388607,0,2661,2666,2664,754,2482,-10110976,1,1,14,1,287,0,0,0,1
443349443,198062,201632,220144,185135,237928,115640,174337,228301,171717,210779,209898,200491,223823,148362,200984,194117,134500,228151,235105,161083,-9628,127719,252591,-8388607,0,2663,2662,2666,754,2476,-10110976,1,1,14,1,287,0,0,0,1
443349444,198029,201613,220007,185114,237863,115396,174044,228030,171747,210889,209807,200232,223969,148306,201030,194331,134581,228111,234777,160905,-9469,127731,252578,-8388607,0,2661,2665,2666,759,2471,-10110976,1,1,14,1,287,0,0,0,1
443349445,198082,201726,220007,184963,237910,115406,174055,227988,171808,210891,209754,200341,224027,148439,201229,194166,134564,228063,234846,161005,-9396,127819,252664,-8388607,0,2657,2667,2662,755,2477,-10110976,1,1,14,1,287,0,0,0,1
443349446,198084,201622,220052,184989,237753,115428,174087,228036,171965,210996,209967,200481,224168,148522,201144,194261,134490,228134,234923,160841,-9405,127651,252515,-8388607,0,2661,2663,2666,752,2481,-10110976,1,1,14,1,287,0,0,0,1
443349447,198075,201571,219984,184876,237799,115538,173962,227991,171986,210746,209988,200373,224194,148488,201091,194436,134520,228098,234891,160906,-9490,127767,252620,-8388607,0,2668,2662,2664,756,2476,-10110976,1,1,14,1,287,0,0,0,1
443349448,198067,201738,220068,184926,237894,115497,174288,228166,171955,210807,209979,200528,224054,148659,201116,194249,134419,227960,234872,160969,-9307,127850,252658,-8388607,0,2663,2667,2662,756,2481,-10110976,1,1,14,1,287,0,0,0,1
443349449,197840,201535,220074,184960,237793,115709,174344,228125,172026,211077,210053,200365,224031,148415,200986,194106,134443,228133,234973,160786,-9416,127618,252562,-8388607,0,2663,2666,2664,751,2484,-10110976,1,1,14,1,287,0,0,0,1
443349450,198064,201496,220136,184871,237877,115835,174387,228269,171975,211042,209981,200497,223977,148569,200923,194336,134297,228088,235079,161024,-9521,127595,252597,-8388607,0,2663,2664,2662,756,2478,-10110976,1,1,14,1,287,0,0,0,1
443349451,197916,201454,220029,184924,238210,115839,174352,228457,171911,211139,209900,200582,223862,148269,201003,194201,134375,228135,235091,160805,-9588,127631,252599,-8388607,0,2663,2663,2659,757,2478,-10110976,1,1,14,1,287,0,0,0,1
443349452,197871,201490,220018,184890,238266,116105,174527,228489,171979,211151,209850,200356,223918,148141,201047,194116,134543,228283,235055,160912,-9469,127786,252565,-8388607,0,2659,2664,2662,754,2482,-10110976,1,1,14,1,287,0,0,0,1
443349453,197839,201602,219863,184836,238402,116050,174597,228467,171977,211186,209930,200618,223891,148220,200964,194337,134630,228165,234822,160908,-9466,127670,252644,-8388607,0,2666,2664,2665,752,2478,-10110976,1,1,14,1,287,0,0,0,1
443349454,197864,201617,219965,184700,238396,116162,174539,228462,172009,211129,210048,200466,223835,148266,201061,194018,134693,228325,234965,160970,-9480,127850,252655,-8388607,0,2661,2665,2661,760,2475,-10110976,1,1,14,1,287,0,0,0,1
443349455,197954,201524,220009,184913,238466,115825,174593,228392,172095,210908,210049,200680,223659,148481,200958,194178,134567,228277,234894,160753,-9494,127822,252691,-8388607,0,2658,2669,2664,752,2479,-10110976,1,1,14,1,287,0,0,0,1
443349456,197938,201522,220003,184888,238170,115811,174366,228534,171927,210782,209969,200303,223776,148392,200943,194057,134442,228074,234625,161068,-9448,127735,252665,-8388607,0,2664,2666,2666,754,2479,-10110976,1,1,14,1,287,0,0,0,1
443349457,197967,201592,220241,184893,237955,115652,174264,228344,171890,210824,209920,200413,224094,148238,200936,194173,134583,228045,234836,161057,-9460,127763,252414,-8388607,0,2666,2661,2663,762,2478,-10110976,1,1,14,1,287,0,0,0,1
443349458,198060,201700,220052,184902,237954,115625,174319,228267,171855,210707,209748,200296,223783,148286,200776,194066,134479,228107,234848,160955,-9423,127786,252474,-8388607,0,2663,2668,2659,753,2479,-10110976,1,1,14,1,287,0,0,0,1
443349459,198053,201605,219915,184987,237802,115402,174080,228175,172066,211024,209793,200413,223927,148289,201105,194223,134344,228049,234964,160720,-9498,127731,252535,-8388607,0,2661,2659,2666,753,2482,-10110976,1,1,14,1,287,0,0,0,1
443349460,197865,201537,219992,184963,237876,115544,174120,228161,171999,211004,209830,200403,223913,148510,201135,194399,134488,228190,234766,161052,-9452,127778,252640,-8388607,0,2664,2662,2658,756,2476,-10110976,1,1,14,1,287,0,0,0,1
443349461,197946,201595,220083,184965,237811,115431,174097,228002,171991,211144,209864,200655,223894,148576,201113,194276,134301,228205,234683,160849,-9392,127851,252637,-8388607,0,2658,2667,2664,758,2479,-10110976,1,1,14,1,287,0,0,0,1
443349462,198004,201686,220118,185028,237837,115434,174117,228066,171895,211196,209989,200642,224077,148702,201341,194505,134395,228284,234859,160985,-9478,127794,252523,-8388607,0,2662,2668,2664,756,2481,-10110976,1,1,14,1,287,0,0,0,1
443349463,197948,201715,220061,185019,237945,115568,174209,228189,172042,211243,209991,200366,224042,148648,201187,194268,134380,228268,235015,160909,-9438,127703,252624,-8388607,0,2665,2659,2664,756,2478,-10110976,1,1,14,1,287,0,0,0,1
443349464,197939,201712,219926,184960,238056,115898,174248,228304,172096,210988,209942,200554,223972,148454,201118,194412,134348,228144,234837,160926,-9563,127608,252532,-8388607,0,2659,2665,2664,760,2473,-10110976,1,1,14,1,287,0,0,0,1
443349465,197956,201558,219933,184862,238337,116027,174339,228282,172214,211038,210177,200565,223994,148649,201141,194418,134573,228141,234981,161072,-9426,127775,252557,-8388607,0,2659,2666,2666,754,2482,-10110976,1,1,14,1,287,0,0,0,1
443349466,197949,201366,219934,184894,238313,116003,174395,228294,172022,211171,209908,200498,223862,148314,200967,194421,134618,228158,235129,160961,-9531,127823,252560,-8388607,0,2661,2664,2666,752,2478,-10110976,1,1,14,1,287,0,0,0,1
443349467,197856,201472,219951,184853,238203,116180,174647,228761,171930,211033,210027,200511,223990,148528,200979,194453,134656,228275,235126,161151,-9464,127562,252642,-8388607,0,2663,2665,2666,760,2473,-10110976,1,1,14,1,287,0,0,0,1
443349468,197766,201442,219838,184854,238146,115857,174532,228397,171962,210868,209647,200372,223922,148303,200948,194285,134659,228208,235035,161091,-9454,127602,252475,-8388607,0,2661,2666,2662,754,2480,-10110976,1,1,14,1,287,0,0,0,1
443349469,197889,201420,219938,184715,238282,115931,174521,228600,171909,210911,209706,200496,223758,148317,200812,194104,134599,228385,235089,160974,-9496,127721,252430,-8388607,0,2664,2662,2667,749,2481,-10110976,1,1,14,1,287,0,0,0,1
443349470,198088,201686,220194,184965,238191,115717,174436,228455,172009,210978,209743,200407,223897,148414,200961,194137,134670,228278,234979,161092,-9230,127823,252489,-8388607,0,2668,2663,2664,758,2476,-10110976,1,1,14,1,287,0,0,0,1
443349471,198077,201636,220108,184931,237976,115861,174345,228175,171874,210985,209837,200389,223802,148200,200733,194140,134646,228277,234907,161059,-9362,127723,252589,-8388607,0,2661,2666,2658,758,2479,-10110976,1,1,14,1,287,0,0,0,1
443349472,197915,201527,220059,184892,238001,115647,174170,227953,171775,210840,209773,200388,223739,148125,200805,194109,134556,228314,234689,160927,-9340,127581,252543,-8388607,0,2663,2662,2662,754,2484,-10110976,1,1,14,1,287,0,0,0,1
443349473,197986,201577,220057,185089,237901,115585,174095,228148,171943,211073,209867,200446,223757,148204,200800,194295,134346,228001,234841,160837,-9482,127913,252460,-8388607,0,2663,2659,2663,753,2476,-10110976,1,1,14,1,287,0,0,0,1
443349474,198151,201689,220091,184976,237779,115741,173993,228114,171964,210926,209803,200365,223745,148366,201022,194193,134340,227813,234903,160822,-9454,127835,252486,-8388607,0,2665,2665,2663,759,2475,-10110976,1,1,14,1,287,0,0,0,1
443349475,198001,201785,219997,184996,237787,115489,174015,228023,172091,210950,209702,200370,223906,148227,200976,194239,134291,227825,234892,160991,-9416,127676,252507,-8388607,0,2657,2665,2659,754,2482,-10110976,1,1,14,1,287,0,0,0,1
443349476,198206,201716,220055,185158,237947,115640,174246,228468,172108,211223,210073,200495,223986,148378,201016,194152,134519,228008,234923,160847,-9521,127781,252571,-8388607,0,2661,2663,2666,755,2478,-10110976,1,1,14,1,287,0,0,0,1
443349477,198183,201603,220145,184963,238019,115787,174383,228340,172205,211242,210035,200499,223929,148516,200993,194502,134239,227990,234852,160940,-9456,127803,252525,-8388607,0,2664,2666,2664,756,2475,-10110976,1,1,14,1,287,0,0,0,1
443349478,198007,201659,220102,185063,238169,115735,174549,228299,172096,211074,209862,200480,224041,148389,201077,194226,134366,228023,234802,160961,-9460,127746,252561,-8388607,0,2663,2665,2662,754,2480,-10110976,1,1,14,1,287,0,0,0,1
443349479,198127,201690,220249,185003,238189,116020,174292,228401,171980,211028,209881,200504,224085,148430,201124,194322,134300,228240,234883,160923,-9290,127768,252590,-8388607,0,2663,2664,2666,751,2477,-10110976,1,1,14,1,287,0,0,0,1
443349480,198020,201603,219912,184860,238379,115944,174400,228467,172105,211003,210086,200603,223848,148447,201048,194365,134426,228138,234695,160890,-9499,127745,252549,-8388607,0,2668,2664,2661,753,2475,-10110976,1,1,14,1,287,0,0,0,1
443349481,198167,201636,220082,184913,238291,116164,174571,228438,171994,211079,209903,200579,224018,148501,201215,194196,134541,228125,234942,160815,-9421,127648,252492,-8388607,0,2661,2668,2658,753,2479,-10110976,1,1,14,1,287,0,0,0,1
443349482,197971,201459,220087,184941,238319,115918,174466,228426,171838,210990,209959,200487,223914,148440,200912,194033,134614,228129,235095,160966,-9417,127824,252472,-8388607,0,2661,2662,2666,753,2482,-10110976,1,1,14,1,287,0,0,0,1
443349483,197824,201591,220026,184938,238162,116017,174532,228489,171937,210819,209855,200284,223882,148281,200976,194174,134741,228103,235110,160956,-9518,127850,252481,-8388607,0,2666,2664,2661,754,2477,-10110976,1,1,14,1,287,0,0,0,1
443349484,197840,201524,220067,184937,237997,115837,174254,228266,171771,210785,209646,200292,223859,148221,201098,194129,134606,227971,234913,161010,-9459,127729,252546,-8388607,0,2663,2666,2659,757,2480,-10110976,1,1,14,1,287,0,0,0,1
443349485,197882,201642,220158,184871,237983,115602,174223,228330,171896,210963,209763,200397,223873,148213,201064,194180,134655,228263,235108,161085,-9403,127693,252496,-8388607,0,2661,2663,2666,753,2481,-10110976,1,1,14,1,287,0,0,0,1
443349486,197920,201596,219973,184898,237849,115616,174133,228133,172079,210970,209735,200176,223903,148301,201207,194279,134780,228053,235018,161029,-9388,127750,252428,-8388607,0,2661,2659,2664,756,2478,-10110976,1,1,14,1,287,0,0,0,1
443349487,198001,201539,220044,184836,237714,115417,174037,228094,171825,210742,209917,200461,223772,148403,201178,194220,134738,228261,234972,160885,-9273,127901,252376,-8388607,0,2661,2664,2660,759,2479,-10110976,1,1,14,1,287,0,0,0,1
443349488,198071,201583,220078,184867,237804,115424,174122,228053,171949,211098,209859,200412,223865,148425,200922,194304,134532,228213,234898,160995,-9573,127788,252550,-8388607,0,2661,2668,2665,754,2482,-10110976,1,1,14,1,287,0,0,0,1
443349489,198054,201450,220048,184913,237865,115576,174091,228134,171953,211046,209917,200527,224060,148329,201025,194363,134502,228084,234945,161066,-9523,127772,252408,-8388607,0,2661,2662,2666,754,2478,-10110976,1,1,14,1,287,0,0,0,1
443349490,198039,201597,220115,184954,237940,115775,174367,228467,171848,210907,210033,200598,224006,148499,201046,194366,134577,228301,235154,161139,-9482,127737,252439,-8388607,0,2665,2666,2663,757,2475,-10110976,1,1,14,1,287,0,0,0,1
443349491,197941,201498,220093,184974,237963,115935,174240,228454,172127,210964,209931,200575,223939,148389,201026,194235,134402,228165,235005,160835,-9402,127773,252399,-8388607,0,2659,2668,2662,752,2481,-10110976,1,1,14,1,287,0,0,0,1
443349492,197834,201552,220061,185041,238030,115986,174288,228589,172093,211094,210201,200545,224099,148571,201005,194336,134411,227950,235051,160854,-9356,127702,252293,-8388607,0,2661,2662,2666,752,2479,-10110976,1,1,14,1,287,0,0,0,1
443349493,197897,201733,219763,184953,238243,115920,174513,228343,172088,210940,209972,200360,223817,148426,200955,194162,134347,227970,235080,160900,-9443,127534,252319,-8388607,0,2664,2666,2663,755,2476,-10110976,1,1,14,1,287,0,0,0,1
443349494,197860,201747,219816,184913,238233,115935,174541,228614,172046,211186,209837,200309,224039,148538,200965,194426,134321,228144,234893,160788,-9547,127775,252411,-8388607,0,2661,2668,2659,755,2479,-10110976,1,1,14,1,287,0,0,0,1
443349495,197835,201660,220118,185036,238209,115977,174573,228452,172040,210985,209899,200276,223898,148501,200934,194158,134359,228203,234830,160945,-9513,127809,252249,-8388607,0,2664,2664,2665,751,2484,-10110976,1,1,14,1,287,0,0,0,1
443349496,197956,201553,219877,184908,238283,115892,174528,228387,171958,210981,210002,200376,223949,148367,200889,194084,134441,228111,234690,161129,-9465,127797,252365,-8388607,0,2666,2661,2664,757,2478,-10110976,1,1,14,1,287,0,0,0,1
443349497,198046,201483,219880,184774,238160,115815,174321,228233,171926,211057,209892,200423,223999,148466,200956,194286,134551,228129,234925,160959,-9537,127739,252373,-8388607,0,2661,2667,2661,756,2479,-10110976,1,1,14,1,287,0,0,0,1
443349498,198039,201491,220085,184832,238134,115847,174269,228063,171951,211092,209874,200708,223852,148474,201047,194523,134529,228195,234854,160910,-9498,127727,252352,-8388607,0,2658,2665,2664,753,2482,-10110976,1,1,14,1,287,0,0,0,1
443349499,197962,201492,220013,184864,237717,115591,174130,227958,171838,210779,209958,200510,223860,148372,200958,194213,134531,228249,234898,161094,-9449,127734,252421,-8388607,0,2664,2664,2664,754,2478,-10110976,1,1,14,1,287,0,0,0,1
443349500,197895,201574,220039,184871,237722,115724,174028,228011,171780,210874,209885,200454,223833,148264,201114,194310,134565,228021,234972,160902,-9405,127688,252355,-8388607,0,2664,2665,2656,761,2473,-10110976,1,1,14,1,287,0,0,0,1
443349501,197851,201625,219987,184989,237697,115457,174085,228050,171892,210784,209838,200444,223761,148262,200926,194091,134482,228105,234857,160932,-9573,127781,252267,-8388607,0,2656,2665,2666,755,2477,-10110976,1,1,14,1,287,0,0,0,1
443349502,198010,201673,219953,184959,237761,115327,174210,228199,171975,210848,209610,200372,223892,148500,200955,194114,134266,228126,234903,160900,-9681,127676,252323,-8388607,0,2664,2665,2663,748,2478,-10110976,1,1,14,1,287,0,0,0,1
443349503,197905,201684,219986,184890,237942,115445,174189,228312,171938,210929,209865,200260,223872,148461,200984,194238,134432,228094,234973,160961,-9483,127827,252362,-8388607,0,2659,2667,2664,758,2476,-10110976,1,1,14,1,287,0,0,0,1
443349504,198123,201720,220077,184932,237980,115705,174377,228202,171876,210918,209661,200359,223913,148355,201033,194201,134423,228249,234842,160963,-9431,127741,252282,-8388607,0,2661,2666,2658,754,2479,-10110976,1,1,14,1,287,0,0,0,1
443349505,198042,201690,219901,184934,238160,115635,174282,228190,171708,211130,209803,200260,223851,148405,201179,194237,134315,228244,234866,160993,-9485,127822,252264,-8388607,0,2666,2662,2663,750,2478,-10110976,1,1,14,1,287,0,0,0,1
443349506,198125,201615,219935,184903,238206,116059,174301,228274,171967,210977,210021,200404,223904,148595,200974,194217,134543,228258,235028,160954,-9410,127676,252241,-8388607,0,2668,2666,2662,756,2476,-10110976,1,1,14,1,287,0,0,0,1
443349507,198151,201609,220055,184866,238352,116006,174545,228611,172050,211201,210095,200592,224036,148399,201186,194439,134622,228250,235157,161017,-9376,127686,252233,-8388607,0,2661,2664,2660,756,2480,-10110976,1,1,14,1,287,0,0,0,1
443349508,198021,201549,220070,184816,238208,115908,174445,228405,171886,210968,209921,200445,223901,148369,201070,194303,134625,228180,235152,161012,-9432,127770,252269,-8388607,0,2659,2664,2664,753,2482,-10110976,1,1,14,1,287,0,0,0,1
443349509,197936,201515,220094,184857,238261,115901,174531,228491,172033,211086,210045,200639,223834,148418,201048,194311,134539,228165,235072,160807,-9382,127797,252299,-8388607,0,2663,2659,2664,756,2479,-10110976,1,1,14,1,287,0,0,0,1
443349510,198019,201536,219993,184881,238161,115969,174471,228497,172067,211028,209953,200458,223892,148331,200953,194178,134597,228260,235048,161028,-9488,127685,252303,-8388607,0,2663,2664,2660,760,2477,-10110976,1,1,14,1,287,0,0,0,1
443349511,197908,201527,219898,184738,237945,115671,174467,228309,171893,211153,209732,200248,223832,148294,201191,194175,134481,228189,234968,160986,-9574,127695,252271,-8388607,0,2662,2665,2664,754,2482,-10110976,1,1,14,1,287,0,0,0,1
443349512,197850,201612,219986,184923,237868,115478,174256,228150,171975,211042,209897,200323,223833,148236,201089,194228,134554,228229,234855,160950,-9507,127766,252354,-8388607,0,2664,2661,2668,755,2478,-10110976,1,1,14,1,287,0,0,0,1
443349513,198000,201559,220075,184895,237861,115801,174220,227998,171964,211075,209976,200554,223979,148705,201250,194391,134398,228181,234589,160910,-9487,127830,252343,-8388607,0,2662,2663,2662,758,2475,-10110976,1,1,14,1,287,0,0,0,1
443349514,197927,201490,219847,184897,237883,115470,174070,227962,171995,210797,209919,200358,223928,148276,200905,194201,134435,227956,234655,160845,-9552,127740,252395,-8388607,0,2660,2668,2662,753,2480,-10110976,1,1,14,1,287,0,0,0,1
443349515,197973,201618,220055,185071,237958,115646,174274,228169,171904,210876,209876,200285,224135,148475,200964,194079,134488,228061,234842,160995,-9550,127746,252366,-8388607,0,2663,2663,2664,750,2482,-10110976,1,1,14,1,287,0,0,0,1
443349516,198132,201700,220211,184994,238013,115617,174146,228178,171872,210848,209903,200414,223984,148564,200966,194281,134270,227799,234824,160875,-9538,127715,252299,-8388607,0,2668,2664,2663,755,2474,-10110976,1,1,14,1,287,0,0,0,1
443349517,198079,201616,220175,185067,238016,115838,174347,228279,171700,210939,210031,200378,223850,148438,201011,194082,134331,228148,235048,161006,-9518,127718,252379,-8388607,0,2662,2667,2659,754,2479,-10110976,1,1,14,1,287,0,0,0,1
443349518,198107,201687,220173,184873,237940,115908,174250,228403,171930,210990,209922,200403,223820,148492,201035,194327,134288,228038,235017,160890,-9384,127732,252283,-8388607,0,2661,2665,2666,754,2479,-10110976,1,1,14,1,287,0,0,0,1
443349519,198066,201658,220122,184925,238119,116061,174552,228346,171896,211062,209886,200396,223843,148411,201075,194349,134433,228083,235002,160888,-9561,127728,252454,-8388607,0,2663,2662,2666,757,2479,-10110976,1,1,14,1,287,0,0,0,1
443349520,198088,201666,220151,184884,238356,116077,174572,228737,172014,211281,209836,200572,223903,148321,201037,194162,134509,228234,234856,161170,-9368,127904,252402,-8388607,0,2661,2671,2664,759,2479,-10110976,1,1,14,1,287,0,0,0,1
443349521,198081,201767,220090,184852,238400,115975,174663,228519,172356,211151,209926,200500,224141,148245,201174,194107,134684,228369,234990,161110,-9381,127835,252451,-8388607,0,2663,2667,2666,755,2481,-10110976,1,1,14,1,287,0,0,0,1
443349522,197943,201569,220072,184977,238440,115995,174629,228469,172160,211257,209865,200370,223732,148332,201101,194170,134660,228393,234948,160954,-9281,127689,252374,-8388607,0,2667,2663,2663,751,2475,-10110976,1,1,14,1,287,0,0,0,1
443349523,197992,201598,220045,184938,238287,115979,174333,228350,172083,211148,210053,200481,223854,148287,200908,194085,134674,228443,235001,160900,-9464,127609,252491,-8388607,0,2661,2667,2661,757,2480,-10110976,1,1,14,1,287,0,0,0,1
443349524,197961,201577,219924,184812,238144,115948,174327,228312,172207,211145,209970,200501,223637,148372,201054,194165,134696,228183,235038,161255,-9537,127714,252372,-8388607,0,2657,2666,2659,754,2483,-10110976,1,1,14,1,287,0,0,0,1
443349525,197767,201440,219930,184797,238032,115801,174302,228212,171916,211045,209978,200539,223681,148262,201179,194308,134615,228041,235093,160977,-9548,127571,252355,-8388607,0,2661,2663,2668,753,2477,-10110976,1,1,14,1,287,0,0,0,1
443349526,197792,201410,220041,184873,237775,115570,174217,228018,171970,210943,209950,200414,223686,148297,201185,194301,134507,228013,235050,160829,-9466,127622,252366,-8388607,0,2663,2669,2666,755,2471,-10110976,1,1,14,1,287,0,0,0,1
443349527,197755,201323,219893,184987,237719,115234,174123,227953,171950,210808,209642,200354,223855,148437,201139,194439,134440,228006,234965,160853,-9564,127599,252356,-8388607,0,2661,2666,2662,754,2479,-10110976,1,1,14,1,287,0,0,0,1
443349528,197875,201381,219896,184889,237715,115404,174127,228153,171873,210805,209707,200436,224144,148555,201215,194239,134377,228023,234789,160927,-9538,127739,252458,-8388607,0,2664,2664,2663,750,2480,-10110976,1,1,14,1,287,0,0,0,1
443349529,197984,201529,220174,184944,237742,115561,174222,228115,171799,210904,209632,200354,224155,148916,201253,194442,134431,228096,234817,161036,-9479,127790,252468,-8388607,0,2663,2659,2662,756,2475,-10110976,1,1,14,1,287,0,0,0,1
443349530,197974,201532,220029,184975,237819,115480,174140,228141,171861,210877,209663,200396,224094,148572,201216,194287,134277,228036,234772,160865,-9421,127761,252413,-8388607,0,2659,2667,2664,755,2477,-10110976,1,1,14,1,287,0,0,0,1
443349531,197954,201689,220073,184979,238006,115674,174234,228259,171991,211047,209822,200452,224237,148529,201149,194320,134240,228050,234740,161030,-9523,127908,252471,-8388607,0,2663,2664,2664,753,2482,-10110976,1,1,14,1,287,0,0,0,1
443349532,198099,201655,219896,184861,238009,115811,174154,228132,171796,210925,209940,200474,223929,148536,201188,194410,134313,227983,234730,160905,-9622,127750,252369,-8388607,0,2666,2659,2663,754,2477,-10110976,1,1,14,1,287,0,0,0,1
443349533,197897,201626,219881,184808,238100,116025,174377,228513,171988,211262,209957,200512,224038,148505,200912,194490,134409,228061,234885,160964,-9373,127746,252464,-8388607,0,2658,2665,2662,758,2477,-10110976,1,1,14,1,287,0,0,0,1
443349534,198015,201601,220066,184978,238133,115943,174475,228454,171870,211054,209869,200399,223754,148325,200835,194178,134522,228214,235049,161048,-9334,127795,252491,-8388607,0,2657,2664,2662,755,2481,-10110976,1,1,14,1,287,0,0,0,1
443349535,197862,201604,220243,185027,238080,115758,174451,228478,172060,210946,209776,200291,223764,148233,200849,194075,134476,228163,234943,160953,-9478,127588,252336,-8388607,0,2661,2665,2667,755,2478,-10110976,1,1,14,1,287,0,0,0,1
443349536,198067,201522,220224,184971,238142,115823,174509,228459,172192,211163,210111,200491,223547,148276,200952,194110,134878,228141,235020,161028,-9393,127676,252449,-8388607,0,2665,2666,2661,760,2474,-10110976,1,1,14,1,287,0,0,0,1
443349537,197886,201443,220164,184858,238099,116068,174390,228538,172093,211224,209978,200563,223631,148396,200960,194018,134785,228252,235020,161093,-9499,127639,252393,-8388607,0,2661,2668,2665,754,2479,-10110976,1,1,14,1,287,0,0,0,1
443349538,197948,201472,220061,184843,238245,115682,174392,228271,172202,211179,209954,200483,223887,148247,201014,194095,134620,228369,235015,161015,-9540,127689,252504,-8388607,0,2665,2664,2666,754,2480,-10110976,1,1,14,1,287,0,0,0,1
443349539,197917,201462,219987,184743,238064,115678,174325,228171,171925,211003,209835,200416,223690,148045,200926,193995,134614,228247,234785,160983,-9311,127709,252315,-8388607,0,2668,2663,2661,758,2477,-10110976,1,1,14,1,287,0,0,0,1
443349540,197967,201516,219984,184914,237865,115638,174028,228112,171852,210994,209735,200365,223868,148120,200877,194110,134570,228148,234928,160838,-9478,127710,252496,-8388607,0,2661,2668,2659,754,2480,-10110976,1,1,14,1,287,0,0,0,1
443349541,197882,201595,219935,184962,237692,115568,174057,228032,171728,210848,209895,200425,223971,148431,201081,194229,134480,228044,234996,160942,-9437,127637,252350,-8388607,0,2659,2663,2666,750,2481,-10110976,1,1,14,1,287,0,0,0,1
443349542,197844,201421,219994,184911,237734,115508,174101,228131,171848,210700,209733,200132,224043,148584,201192,194161,134357,227933,234876,160919,-9545,127762,252319,-8388607,0,2668,2661,2663,753,2476,-10110976,1,1,14,1,287,0,0,0,1
443349543,198043,201604,220014,185012,237795,115604,174128,228092,172013,210817,209882,200329,224122,148780,201261,194356,134420,227943,234916,161102,-9470,127847,252382,-8388607,0,2662,2667,2666,757,2477,-10110976,1,1,14,1,287,0,0,0,1
443349544,197990,201591,219970,184973,237861,115623,174176,227981,171789,210876,209530,200326,224147,148495,201177,194456,134289,228046,234696,160978,-9411,127728,252332,-8388607,0,2659,2665,2665,752,2481,-10110976,1,1,14,1,287,0,0,0,1
443349545,198100,201612,219959,184892,237871,115554,174224,228103,171921,210929,209759,200392,224057,148586,201244,194480,134220,228089,234819,160922,-9418,127854,252326,-8388607,0,2659,2661,2666,754,2477,-10110976,1,1,14,1,287,0,0,0,1
443349546,197903,201610,220121,184850,237970,115869,174445,228200,171868,210944,209681,200311,224088,148585,201197,194399,134291,228195,234870,160956,-9342,127695,252380,-8388607,0,2660,2666,2664,760,2477,-10110976,1,1,14,1,287,0,0,0,1
443349547,197936,201447,220192,184845,238117,115768,174468,228233,172071,211105,209985,200465,224112,148581,201214,194382,134569,228143,234928,160951,-9383,127776,252386,-8388607,0,2661,2669,2666,754,2476,-10110976,1,1,14,1,287,0,0,0,1
443349548,198039,201556,220081,184911,238291,115862,174402,228489,171928,211153,209765,200737,223826,148484,201121,194117,134506,228290,234903,161069,-9314,127742,252313,-8388607,0,2665,2664,2666,755,2478,-10110976,1,1,14,1,287,0,0,0,1
443349549,198013,201540,219934,184855,238200,115897,174446,228357,171950,211064,209860,200458,223904,148434,201053,194160,134608,228172,234922,161018,-9422,127587,252229,-8388607,0,2661,2664,2662,755,2476,-10110976,1,1,14,1,287,0,0,0,1
443349550,198015,201602,220014,184927,238341,115866,174559,228494,172047,211304,210005,200733,223934,148353,201026,194073,134554,228297,235136,161005,-9461,127663,252396,-8388607,0,2661,2668,2659,755,2480,-10110976,1,1,14,1,287,0,0,0,1
443349551,198056,201524,219955,185009,238145,115901,174451,228307,171935,211100,209792,200622,223878,148277,200831,194120,134556,228203,234892,161009,-9466,127664,252235,-8388607,0,2663,2662,2663,751,2479,-10110976,1,1,14,1,287,0,0,0,1
443349552,197939,201617,220001,185015,238176,115793,174499,228192,172081,210922,209892,200369,223564,148223,200832,194227,134481,228138,234954,161068,-9540,127897,252198,-8388607,0,2668,2662,2662,756,2476,-10110976,1,1,14,1,287,0,0,0,1
443349553,198086,201654,220239,185076,238103,115831,174284,228440,171965,211147,209928,200321,223820,148095,200922,194118,134618,228254,235074,161015,-9418,127910,252318,-8388607,0,2664,2668,2661,755,2484,-10110976,1,1,14,1,287,0,0,0,1
443349554,198105,201682,220231,185192,237869,115737,174298,228251,172008,210974,209657,200397,223742,148246,200947,194186,134541,228113,234900,160924,-9459,127879,252297,-8388607,0,2662,2661,2665,750,2484,-10110976,1,1,14,1,287,0,0,0,1
443349555,198170,201591,220283,185144,237910,115592,174238,228270,171840,211008,209821,200390,223806,148315,200963,194231,134376,228145,234845,160941,-9397,127623,252333,-8388607,0,2663,2659,2664,755,2477,-10110976,1,1,14,1,287,0,0,0,1
443349556,198212,201845,220312,185221,237964,115605,174168,228114,171870,210959,209828,200315,224060,148441,201066,194419,134440,228119,234838,161003,-9427,127767,252228,-8388607,0,2658,2663,2662,758,2475,-10110976,1,1,14,1,287,0,0,0,1
443349557,198117,201687,220144,185065,238026,115703,174294,228188,171768,210897,209844,200422,224044,148276,201115,194333,134370,228038,234813,160931,-9428,127886,252258,-8388607,0,2659,2666,2663,755,2482,-10110976,1,1,14,1,287,0,0,0,1
443349558,198252,201684,220032,184868,238037,115681,174301,228115,171691,210942,209876,200350,224052,148358,201081,194393,134328,227941,234813,160818,-9381,127745,252274,-8388607,0,2666,2666,2663,753,2474,-10110976,1,1,14,1,287,0,0,0,1
443349559,198113,201687,219934,184780,238055,115733,174375,228247,171913,210993,209844,200384,224136,148669,201006,194387,134248,227835,234947,160753,-9481,127655,252301,-8388607,0,2672,2663,2662,760,2479,-10110976,1,1,14,1,287,0,0,0,1
443349560,198035,201645,219889,184879,238034,115796,174427,228341,172077,211000,210092,200441,224112,148475,201049,194232,134268,227900,234905,160699,-9407,127768,252238,-8388607,0,2660,2672,2666,754,2479,-10110976,1,1,14,1,287,0,0,0,1
443349561,197968,201557,219913,184893,237954,115888,174308,228582,172086,210968,209848,200525,224042,148363,201012,194405,134367,227974,234859,160679,-9332,127772,252121,-8388607,0,2661,2663,2666,753,2476,-10110976,1,1,14,1,287,0,0,0,1
443349562,197836,201543,220074,184895,238282,115902,174420,228480,172158,211189,209993,200303,223871,148443,201323,194385,134513,228077,234869,160967,-9534,127788,252226,-8388607,0,2664,2665,2663,757,2471,-10110976,1,1,14,1,287,0,0,0,1
443349563,197826,201439,220031,184876,238223,115819,174355,228398,172356,211171,209910,200399,223776,148400,201032,194206,134510,228336,235005,161077,-9594,127640,252213,-8388607,0,2664,2667,2662,753,2479,-10110976,1,1,14,1,287,0,0,0,1
443349564,197802,201386,219957,184872,238106,115928,174354,228392,172149,211270,209837,200596,223816,148472,200996,194215,134658,228231,235024,161064,-9507,127602,252166,-8388607,0,2663,2663,2665,750,2482,-10110976,1,1,14,1,287,0,0,0,1
443349565,197966,201495,219992,184851,238077,115947,174477,228249,172047,211288,210127,200468,223916,148481,201123,194206,134615,228202,235038,160972,-9319,127702,252069,-8388607,0,2665,2660,2666,756,2477,-10110976,1,1,14,1,287,0,0,0,1
443349566,197891,201529,220028,184879,237876,115746,174257,228275,172033,211125,210044,200718,223870,148393,200999,194238,134687,228333,235101,161051,-9386,127917,252155,-8388607,0,2661,2666,2659,759,2479,-10110976,1,1,14,1,287,0,0,0,1
443349567,197978,201435,219968,184908,237913,115643,174251,228169,171890,211060,209864,200605,223944,148384,201020,194241,134725,228119,234913,161104,-9490,127717,252177,-8388607,0,2662,2671,2661,753,2481,-10110976,1,1,14,1,287,0,0,0,1
443349568,198112,201619,219954,184984,237800,115574,174285,228307,172026,210986,210028,200647,223872,148451,200816,194273,134744,228209,234982,161051,-9502,127678,252091,-8388607,0,2665,2663,2665,754,2471,-10110976,1,1,14,1,287,0,0,0,1
443349569,198303,201830,220086,185103,237807,115604,174194,228247,171853,211079,209874,200458,224009,148458,201007,194159,134518,228146,235020,160988,-9447,127844,252107,-8388607,0,2663,2664,2659,759,2479,-10110976,1,1,14,1,287,0,0,0,1
443349570,198235,201674,220253,185045,237877,115759,174220,228309,171996,210809,209814,200350,223995,148252,201185,194176,134544,228012,234880,161069,-9397,127764,252178,-8388607,0,2659,2668,2664,752,2481,-10110976,1,1,14,1,287,0,0,0,1
443349571,198232,201737,220042,185082,237843,115803,174313,228417,171865,210944,209721,200482,223832,148296,201164,194369,134615,227921,234898,160832,-9370,127763,252157,-8388607,0,2661,2664,2666,752,2478,-10110976,1,1,14,1,287,0,0,0,1
443349572,198242,201657,220078,185035,237973,115901,174382,228340,171947,211090,209811,200504,223944,148401,201182,194540,134442,227956,234945,160837,-9512,127769,252103,-8388607,0,2661,2664,2662,757,2475,-10110976,1,1,14,1,287,0,0,0,1
443349573,198122,201649,220139,185172,238128,115863,174474,228358,171826,210837,209860,200143,223860,148293,201075,194295,134371,228060,234886,160971,-9428,127881,252154,-8388607,0,2661,2666,2658,754,2479,-10110976,1,1,14,1,287,0,0,0,1
443349574,198108,201654,220091,184953,238336,115826,174597,228542,172046,211232,209912,200570,223867,148372,201379,194332,134490,228092,234915,161016,-9317,127743,252196,-8388607,0,2664,2663,2666,749,2473,-10110976,1,1,14,1,287,0,0,0,1
443349575,197929,201483,219982,184935,238346,115862,174408,228398,171891,210863,210091,200534,223966,148202,201143,194116,134470,228213,234873,160926,-9493,127597,252014,-8388607,0,2663,2661,2661,755,2477,-10110976,1,1,14,1,287,0,0,0,1
443349576,197884,201378,219887,184914,238237,115838,174414,228307,171998,211166,210146,200618,223796,148266,200923,194195,134356,228082,234906,160908,-9519,127730,251936,-8388607,0,2661,2666,2659,756,2479,-10110976,1,1,14,1,287,0,0,0,1
443349577,197908,201384,219867,184919,238138,115878,174316,228483,172074,211016,210131,200728,223822,148319,201092,194386,134634,228289,235144,161097,-9440,127653,252090,-8388607,0,2657,2663,2664,754,2479,-10110976,1,1,14,1,287,0,0,0,1
443349578,197880,201250,219933,184812,238099,115885,174483,228327,172114,211174,210091,200866,223870,148423,200983,194246,134407,228174,235037,161076,-9362,127852,252038,-8388607,0,2666,2662,2664,756,2477,-10110976,1,1,14,1,287,0,0,0,1
443349579,197866,201449,219940,184802,237986,115627,174316,228339,172179,211085,210044,200734,223889,148400,201305,194375,134582,228176,235051,161087,-9570,127924,252116,-8388607,0,2662,2664,2659,756,2478,-10110976,1,1,14,1,287,0,0,0,1
443349580,197773,201589,219839,184783,237903,115712,174211,228248,172222,211252,209847,200402,223962,148530,201123,194350,134550,228197,234919,160974,-9515,127576,251960,-8388607,0,2664,2666,2668,755,2484,-10110976,1,1,14,1,287,0,0,0,1
443349581,197848,201511,219999,184945,237920,115716,174151,228259,172196,211099,209962,200411,223982,148462,201204,194459,134567,228230,234952,160913,-9459,127783,251998,-8388607,0,2664,2664,2666,755,2475,-10110976,1,1,14,1,287,0,0,0,1
443349582,197957,201512,220162,185088,238102,115567,174248,227992,172041,211023,209969,200417,224044,148462,201201,194332,134606,228056,234949,161009,-9331,127795,252005,-8388607,0,2659,2665,2666,755,2473,-10110976,1,1,14,1,287,0,0,0,1
443349583,198068,201598,220134,184991,238000,115574,174257,228034,171975,210845,209941,200607,223858,148427,201278,194410,134470,228080,234962,161051,-9364,127753,251927,-8388607,0,2663,2665,2664,755,2480,-10110976,1,1,14,1,287,0,0,0,1
443349584,198129,201672,220124,184949,237983,115690,174151,228028,171831,210795,209721,200461,223913,148503,201060,194480,134419,228008,235020,161023,-9443,127795,251841,-8388607,0,2663,2665,2666,752,2477,-10110976,1,1,14,1,287,0,0,0,1
443349585,198211,201701,220076,184902,237991,115642,174309,228142,171824,210856,209740,200447,223828,148466,201054,194236,134411,227958,234952,160923,-9515,127775,251878,-8388607,0,2666,2663,2664,757,2477,-10110976,1,1,14,1,287,0,0,0,1
443349586,198107,201756,220171,184954,237984,115850,174263,228231,171664,210558,209663,200284,223782,148331,200694,194431,134466,228081,235048,160950,-9428,127911,251891,-8388607,0,2661,2666,2664,754,2479,-10110976,1,1,14,1,287,0,0,0,1
443349587,198141,201827,220314,185022,237985,115901,174337,228392,171869,210812,209551,200228,223918,148296,201004,194221,134413,228143,234957,161102,-9385,127902,251969,-8388607,0,2662,2661,2665,751,2483,-10110976,1,1,14,1,287,0,0,0,1
443349588,198154,201544,220090,185081,238199,115802,174414,228362,171929,210938,209756,200375,223731,148389,200781,193987,134487,228123,234988,161182,-9379,127884,251888,-8388607,0,2666,2664,2661,755,2476,-10110976,1,1,14,1,287,0,0,0,1
443349589,198005,201665,220070,184984,238140,115872,174439,228408,172015,211034,209818,200315,223589,148099,200959,193929,134490,228172,235028,160818,-9497,127856,251862,-8388607,0,2663,2666,2662,759,2478,-10110976,1,1,14,1,287,0,0,0,1
443349590,198097,201609,219935,185091,238367,115971,174424,228438,172093,211067,209853,200587,223789,148128,200916,194201,134590,228187,235016,160927,-9504,127737,252008,-8388607,0,2659,2661,2664,753,2484,-10110976,1,1,14,1,287,0,0,0,1
443349591,197941,201630,220085,185009,238318,115852,174414,228214,172016,211109,209915,200479,223744,148134,200792,193967,134704,228313,234888,161052,-9407,127870,251909,-8388607,0,2666,2662,2665,756,2477,-10110976,1,1,14,1,287,0,0,0,1
443349592,198003,201631,220083,185020,238135,115877,174489,228285,172200,211126,210098,200556,223907,148331,201005,194090,134632,228205,234998,160896,-9410,127638,251995,-8388607,0,2662,2664,2659,758,2478,-10110976,1,1,14,1,287,0,0,0,1
443349593,198103,201602,220042,184967,238135,115865,174511,228413,172074,211087,210159,200572,223730,148278,201134,194353,134637,228067,235028,160956,-9358,127682,251923,-8388607,0,2658,2665,2664,752,2480,-10110976,1,1,14,1,287,0,0,0,1
443349594,198119,201454,220148,185100,237965,115742,174352,228474,171973,211043,209963,200635,223859,148505,201133,194418,134503,228136,234913,160953,-9466,127781,251978,-8388607,0,2665,2661,2666,751,2477,-10110976,1,1,14,1,287,0,0,0,1
443349595,197884,201497,220089,184920,237932,115691,174154,228329,171932,210983,209883,200493,224019,148571,201069,194341,134206,228069,234843,160890,-9479,127867,252059,-8388607,0,2664,2661,2666,759,2475,-10110976,1,1,14,1,287,0,0,0,1
443349596,198154,201760,220055,185060,237847,115689,174169,228294,171945,210909,210019,200378,224053,148438,201147,194410,134198,227926,234808,160864,-9490,127901,252058,-8388607,0,2661,2668,2664,753,2479,-10110976,1,1,14,1,287,0,0,0,1
443349597,198145,201677,220019,184864,237811,115625,174103,228222,171945,211057,209934,200243,223905,148539,201195,194399,134179,227932,234770,160806,-9396,127758,251980,-8388607,0,2661,2666,2665,749,2479,-10110976,1,1,14,1,287,0,0,0,1
443349598,198111,201439,220072,184876,237835,115644,174201,228232,172100,211075,209830,200496,224103,148467,201172,194393,134292,227926,234733,160935,-9439,127784,251974,-8388607,0,2663,2667,2663,755,2478,-10110976,1,1,14,1,287,0,0,0,1
443349599,198109,201599,220016,184968,237846,115729,174171,228324,172007,210888,209806,200512,224055,148480,201064,194310,134299,227974,234751,160881,-9476,127925,251889,-8388607,0,2663,2668,2658,755,2477,-10110976,1,1,14,1,287,0,0,0,1
443349600,198044,201535,220097,185026,238070,115786,174423,228321,171807,210820,209848,200616,224116,148586,201071,194276,134474,228117,234874,160994,-9452,127933,251822,-8388607,0,2663,2663,2665,752,2482,-10110976,1,1,14,1,287,0,0,0,1
443349601,198059,201632,220132,185097,238152,115718,174512,228482,171997,210992,209904,200477,223849,148464,201087,194295,134492,228100,234984,161110,-9442,127730,251961,-8388607,0,2665,2662,2666,757,2477,-10110976,1,1,14,1,287,0,0,0,1
443349602,197891,201553,219978,184936,238113,115753,174574,228443,171862,211008,209900,200291,223750,148345,200980,194114,134711,228293,234954,161172,-9553,127647,251925,-8388607,0,2659,2667,2664,757,2477,-10110976,1,1,14,1,287,0,0,0,1
443349603,197935,201704,220098,184997,238207,115895,174418,228431,171932,211036,209917,200640,223715,148345,201101,194199,134713,228228,235128,161080,-9445,127749,251901,-8388607,0,2657,2664,2664,755,2484,-10110976,1,1,14,1,287,0,0,0,1
443349604,198035,201590,219956,184879,238253,115957,174293,228330,172169,210997,209892,200521,223786,148232,201015,194275,134795,228226,235254,161051,-9492,127777,251760,-8388607,0,2663,2664,2666,755,2478,-10110976,1,1,14,1,287,0,0,0,1
443349605,198197,201545,220121,185094,238158,115928,174349,228509,172081,211076,210101,200542,223852,148239,201007,194117,134818,228461,235221,161255,-9432,127664,251764,-8388607,0,2665,2664,2660,759,2475,-10110976,1,1,14,1,287,0,0,0,1
443349606,198094,201523,220162,185030,238197,115890,174323,228257,171996,211071,210141,200555,223797,148381,200931,194199,134702,228280,235130,161081,-9527,127696,251689,-8388607,0,2664,2668,2665,754,2482,-10110976,1,1,14,1,287,0,0,0,1
443349607,198128,201528,220175,184825,238103,115783,174193,228320,172010,211129,209814,200387,223779,148200,201012,193917,134666,228389,234989,161064,-9454,127697,251768,-8388607,0,2664,2668,2666,755,2477,-10110976,1,1,14,1,287,0,0,0,1
443349608,198016,201615,220055,184868,238003,115645,174252,228238,171886,210979,209719,200345,224069,148462,200900,194297,134498,228196,234950,161063,-9410,127723,251630,-8388607,0,2662,2663,2662,756,2475,-10110976,1,1,14,1,287,0,0,0,1
443349609,197839,201558,220044,184917,237938,115558,174186,228329,171904,210830,209799,200299,223937,148401,201084,194137,134256,227925,234724,160901,-9472,127578,251749,-8388607,0,2660,2666,2658,754,2480,-10110976,1,1,14,1,287,0,0,0,1
443349610,198082,201579,220068,184988,237916,115634,174214,228277,171771,210867,209872,200655,223986,148676,200857,194286,134479,227941,234771,160914,-9438,127642,251814,-8388607,0,2663,2662,2664,750,2482,-10110976,1,1,14,1,287,0,0,0,1
443349611,198035,201578,219887,184994,237928,115649,174089,228143,172015,210862,209903,200705,224001,148613,201264,194350,134327,227892,234785,160827,-9401,127702,251612,-8388607,0,2668,2659,2662,756,2477,-10110976,1,1,14,1,287,0,0,0,1
443349612,197984,201507,220137,184974,237852,115409,174020,228186,171868,211021,209797,200543,223954,148396,201001,194158,134121,227804,234698,160826,-9412,127725,251607,-8388607,0,2663,2666,2659,754,2478,-10110976,1,1,14,1,287,0,0,0,1
443349613,197958,201642,220084,184907,237882,115564,174169,228271,171918,210881,210097,200423,224189,148571,201063,194239,134023,227796,234709,160873,-9467,127665,251714,-8388607,0,2661,2662,2664,753,2482,-10110976,1,1,14,1,287,0,0,0,1
443349614,198053,201450,220141,184922,238069,115578,174233,228293,172101,210987,209753,200293,224119,148464,201100,194141,134170,227959,234712,160702,-9441,127669,251671,-8388607,0,2662,2661,2665,756,2478,-10110976,1,1,14,1,287,0,0,0,1
443349615,197879,201410,219917,184873,238013,115768,174319,228289,172017,210892,209673,200357,223789,148354,200922,194125,134273,227955,234721,160844,-9442,127689,251688,-8388607,0,2662,2665,2661,757,2477,-10110976,1,1,14,1,287,0,0,0,1
443349616,197923,201384,220023,184933,238204,115925,174324,228370,172003,211281,209914,200554,224133,148259,201040,194397,134410,228085,234972,160952,-9483,127764,251749,-8388607,0,2661,2665,2660,754,2482,-10110976,1,1,14,1,287,0,0,0,1
443349617,197892,201442,219917,184841,238274,115891,174384,228350,171968,211013,209970,200693,223902,148168,200978,194180,134474,228191,235106,160969,-9494,127749,251710,-8388607,0,2661,2660,2666,754,2476,-10110976,1,1,14,1,287,0,0,0,1
443349618,197788,201615,219976,184722,238358,115762,174422,228349,171945,211066,209676,200418,223884,148168,201065,194043,134713,228371,235229,161035,-9521,127734,251778,-8388607,0,2661,2666,2662,757,2475,-10110976,1,1,14,1,287,0,0,0,1
443349619,197898,201317,219834,184915,238211,115784,174472,228368,171978,211122,210000,200460,223950,148441,201043,193980,134597,228450,235261,161044,-9475,127687,251695,-8388607,0,2658,2668,2663,751,2481,-10110976,1,1,14,1,287,0,0,0,1
443349620,197874,201530,219994,184854,238111,115857,174558,228457,171910,211039,209925,200448,223885,148457,200986,194204,134753,228459,235156,161252,-9524,127609,251604,-8388607,0,2666,2663,2666,750,2482,-10110976,1,1,14,1,287,0,0,0,1
443349621,197896,201515,220128,185050,238145,115707,174347,228364,171936,210813,209885,200314,223819,148409,201061,194150,134865,228411,235264,161140,-9275,127774,251575,-8388607,0,2673,2668,2664,756,2476,-10110976,1,1,14,1,287,0,0,0,1
443349622,197943,201532,219952,184920,238014,115705,174189,228275,171805,210726,209736,200204,223935,148445,201096,194279,134750,228259,234954,161083,-9563,127755,251550,-8388607,0,2664,2667,2659,755,2480,-10110976,1,1,14,1,287,0,0,0,1
443349623,198023,201485,220009,184833,237929,115674,174063,228321,171908,210897,209816,200156,224042,148568,200973,194436,134467,228173,234945,161145,-9614,127706,251546,-8388607,0,2662,2661,2665,753,2484,-10110976,1,1,14,1,287,0,0,0,1
443349624,198270,201683,220201,184920,238034,115606,174160,228123,172044,210999,210003,200407,224048,148556,201186,194505,134607,228157,235053,161146,-9365,127809,251681,-8388607,0,2661,2663,2664,757,2477,-10110976,1,1,14,1,287,0,0,0,1
443349625,198078,201690,220111,185070,237877,115577,174185,228125,171935,211021,210002,200337,224128,148509,201254,194423,134530,228085,235070,161103,-9424,127810,251631,-8388607,0,2663,2664,2660,757,2479,-10110976,1,1,14,1,287,0,0,0,1
443349626,198229,201605,220066,185028,237979,115566,174261,228188,171826,211042,209826,200498,224059,148555,201083,194365,134452,228146,234776,161159,-9361,127920,251700,-8388607,0,2661,2664,2662,755,2482,-10110976,1,1,14,1,287,0,0,0,1
443349627,198119,201739,220160,184998,238130,115765,174325,228161,172019,211023,209865,200547,224080,148673,201020,194424,134363,228052,234901,160992,-9469,127784,251603,-8388607,0,2663,2659,2664,756,2478,-10110976,1,1,14,1,287,0,0,0,1
443349628,198000,201690,220057,184979,237893,115776,174321,228230,171929,210903,209962,200302,223987,148490,201076,194250,134242,228032,234711,160911,-9483,127587,251692,-8388607,0,2661,2664,2662,760,2475,-10110976,1,1,14,1,287,0,0,0,1
443349629,198100,201716,220057,184963,238118,115770,174422,228374,172093,211023,210087,200584,223880,148286,200796,194428,134377,228086,234850,160867,-9527,127785,251633,-8388607,0,2656,2668,2664,753,2481,-10110976,1,1,14,1,287,0,0,0,1
443349630,198044,201613,219837,184901,238019,115927,174411,228478,172090,211101,210005,200441,223776,148335,200907,194226,134272,228103,234889,160659,-9415,127787,251411,-8388607,0,2663,2665,2663,749,2480,-10110976,1,1,14,1,287,0,0,0,1
443349631,198053,201597,220186,184947,238268,116057,174287,228488,172129,211380,209957,200567,223771,148362,200988,194163,134484,228171,234904,160846,-9327,127780,251564,-8388607,0,2665,2664,2662,757,2475,-10110976,1,1,14,1,287,0,0,0,1
443349632,198051,201515,219979,185018,238403,116216,174440,228205,171920,211187,209841,200599,224042,148334,201137,194087,134603,228052,234880,160848,-9315,127682,251622,-8388607,0,2661,2666,2663,754,2480,-10110976,1,1,14,1,287,0,0,0,1
443349633,198045,201534,220005,184937,238284,115976,174409,228404,172015,211086,209815,200351,223817,148257,200926,194155,134503,228098,234864,160867,-9446,127672,251538,-8388607,0,2663,2662,2664,752,2482,-10110976,1,1,14,1,287,0,0,0,1
443349634,197967,201488,219977,184944,238364,115937,174513,228346,172096,211082,209993,200509,223949,148216,201043,193935,134662,228380,235168,160889,-9296,127802,251422,-8388607,0,2663,2659,2662,755,2477,-10110976,1,1,14,1,287,0,0,0,1
443349635,198091,201601,219918,184876,238339,115903,174521,228292,171987,210920,209919,200441,223684,148268,200952,194072,134578,228206,235046,161024,-9277,127750,251603,-8388607,0,2662,2668,2657,753,2475,-10110976,1,1,14,1,287,0,0,0,1
443349636,198167,201529,220054,184915,238254,115811,174501,228302,172108,211072,209791,200410,223880,148196,201101,194364,134374,228218,234972,161149,-9496,127889,251492,-8388607,0,2662,2663,2664,749,2482,-10110976,1,1,14,1,287,0,0,0,1
443349637,198150,201491,220037,184855,237933,115572,174147,228206,171973,210988,209806,200397,223958,148326,200989,194214,134573,228099,235049,161043,-9361,127758,251555,-8388607,0,2667,2659,2664,756,2478,-10110976,1,1,14,1,287,0,0,0,1
443349638,198005,201585,220128,184928,238018,115708,174193,228159,171888,211048,209871,200301,223833,148505,201111,194385,134525,228186,235086,161168,-9500,127762,251584,-8388607,0,2663,2665,2661,760,2478,-10110976,1,1,14,1,287,0,0,0,1
443349639,197908,201556,219996,184938,237863,115690,173920,228344,171976,211051,209766,200433,224017,148363,200811,194262,134568,228013,235040,160916,-9508,127665,251386,-8388607,0,2661,2667,2663,752,2479,-10110976,1,1,14,1,287,0,0,0,1
443349640,197919,201502,220044,185011,237960,115654,174146,228085,172118,210941,209862,200476,223917,148417,201026,194095,134664,228314,235058,161105,-9462,127629,251535,-8388607,0,2661,2663,2666,754,2478,-10110976,1,1,14,1,287,0,0,0,1
443349641,197966,201640,219948,185075,237858,115675,174180,228061,172012,211103,209719,200535,223970,148484,201110,194169,134508,228266,234880,161011,-9465,127604,251548,-8388607,0,2666,2665,2662,757,2475,-10110976,1,1,14,1,287,0,0,0,1
443349642,198020,201593,219945,184993,238008,115491,174208,228207,172113,210996,209927,200590,223957,148371,201040,194422,134561,227947,234790,160999,-9422,127709,251487,-8388607,0,2663,2666,2663,755,2480,-10110976,1,1,14,1,287,0,0,0,1
443349643,197972,201520,219937,185023,238068,115644,174147,228237,172002,210791,209911,200389,224020,148441,201218,194392,134368,228071,234954,160868,-9411,127783,251499,-8388607,0,2665,2663,2663,749,2477,-10110976,1,1,14,1,287,0,0,0,1
443349644,197983,201656,219928,185049,237971,115574,174213,228209,171946,210968,209831,200361,223867,148451,200904,194236,134485,227983,234867,160821,-9433,127757,251463,-8388607,0,2665,2665,2661,758,2477,-10110976,1,1,14,1,287,0,0,0,1
443349645,198062,201570,219920,184997,237989,115734,174367,228483,171971,210782,209930,200511,223860,148371,200999,194331,134501,228137,234866,160894,-9445,127737,251570,-8388607,0,2660,2669,2664,755,2477,-10110976,1,1,14,1,287,0,0,0,1
443349646,198102,201571,220106,185031,238182,115696,174426,228531,171812,210837,209733,200421,223868,148423,200961,194248,134583,228180,234916,160845,-9532,127641,251582,-8388607,0,2657,2664,2664,752,2479,-10110976,1,1,14,1,287,0,0,0,1
443349647,198070,201531,220149,184987,238166,115957,174394,228548,171825,211187,209935,200420,223958,148601,200980,194109,134457,228076,235147,161024,-9459,127917,251456,-8388607,0,2668,2659,2664,757,2476,-10110976,1,1,14,1,287,0,0,0,1
443349648,197907,201350,220014,184955,238269,116082,174423,228410,171900,210996,209734,200578,223896,148325,200857,194291,134443,228122,234927,160970,-9484,127765,251503,-8388607,0,2664,2665,2659,757,2479,-10110976,1,1,14,1,287,0,0,0,1
443349649,198099,201484,220005,184882,238245,115774,174353,228193,171997,210945,209935,200363,223913,148362,201120,194250,134377,228169,234969,160974,-9392,127664,251358,-8388607,0,2659,2663,2664,756,2481,-10110976,1,1,14,1,287,0,0,0,1
443349650,197915,201501,219801,184863,238160,115767,174310,228290,171972,211032,209942,200420,223858,148375,201098,194138,134606,228028,234826,160938,-9442,127698,251444,-8388607,0,2663,2663,2668,746,2475,-10110976,1,1,14,1,287,0,0,0,1
443349651,197994,201614,219966,184854,238168,115643,174283,228229,171948,210979,209940,200333,223797,148464,201031,194139,134610,228086,234874,160857,-9481,127745,251444,-8388607,0,2660,2668,2662,759,2473,-10110976,1,1,14,1,287,0,0,0,1
443349652,197978,201544,219899,184735,238033,115537,174277,228097,171847,210919,209784,200276,223833,148410,200962,194109,134571,227979,234866,160754,-9488,127816,251405,-8388607,0,2659,2668,2664,750,2481,-10110976,1,1,14,1,287,0,0,0,1
443349653,197795,201512,219983,184859,237875,115581,174124,228205,172160,211041,209833,200507,223834,148360,200926,194182,134452,227902,234737,160977,-9650,127664,251423,-8388607,0,2665,2664,2666,752,2478,-10110976,1,1,14,1,287,0,0,0,1
443349654,197696,201464,219912,184791,237840,115559,174161,228224,172134,211093,210127,200566,223816,148305,201121,194243,134474,227936,234981,160970,-9495,127512,251402,-8388607,0,2665,2664,2662,757,2475,-10110976,1,1,14,1,287,0,0,0,1
443349655,197908,201371,219931,184900,237996,115496,173982,228094,171978,211030,210056,200614,223826,148226,200901,194161,134415,228021,234891,160955,-9482,127790,251360,-8388607,0,2662,2668,2659,754,2481,-10110976,1,1,14,1,287,0,0,0,1
443349656,198017,201555,220007,184877,237893,115734,174166,228193,172059,210980,210018,200645,223956,148353,201145,194205,134469,228232,234940,160884,-9363,127778,251424,-8388607,0,2659,2665,2666,749,2481,-10110976,1,1,14,1,287,0,0,0,1
443349657,198073,201455,220049,184898,237945,115673,174127,227988,171940,211055,210084,200488,223941,148356,200962,194047,134346,228200,234923,160899,-9284,127697,251433,-8388607,0,2665,2663,2666,755,2477,-10110976,1,1,14,1,287,0,0,0,1
443349658,198062,201621,220077,184959,238105,115669,174206,228193,171806,211040,209864,200369,224013,148531,200999,194184,134484,228375,235051,161067,-9364,127833,251293,-8388607,0,2666,2665,2660,756,2479,-10110976,1,1,14,1,287,0,0,0,1
443349659,198023,201614,220017,184893,238064,115668,174366,228374,171837,210961,209710,200211,223877,148332,200908,194088,134534,228258,234835,160831,-9601,127695,251372,-8388607,0,2661,2667,2665,754,2482,-10110976,1,1,14,1,287,0,0,0,1
443349660,198135,201645,220070,184984,238285,115633,174417,228381,171792,210819,209761,200296,223888,148376,201178,194179,134522,228386,234942,160915,-9451,127767,251382,-8388607,0,2663,2659,2664,755,2477,-10110976,1,1,14,1,287,0,0,0,1
443349661,198205,201682,220042,184955,238047,115889,174521,228488,171599,210762,209849,200324,223690,148259,201172,194352,134665,228215,235171,161014,-9413,127780,251327,-8388607,0,2660,2664,2659,757,2475,-10110976,1,1,14,1,287,0,0,0,1
443349662,198087,201694,219852,184934,238204,115830,174397,228369,172048,210896,209924,200335,224026,148649,201292,194502,134759,228280,235072,161047,-9466,127687,251396,-8388607,0,2662,2665,2666,756,2481,-10110976,1,1,14,1,287,0,0,0,1
443349663,197965,201560,219817,184820,238084,115772,174349,228453,171929,210946,209929,200503,224037,148562,201124,194212,134502,228327,235028,161153,-9398,127772,251356,-8388607,0,2665,2663,2663,750,2482,-10110976,1,1,14,1,287,0,0,0,1
443349664,198020,201715,220088,184861,238045,115793,174210,228512,171923,211065,210139,200328,223983,148401,200983,194444,134695,228128,235140,161287,-9347,127823,251439,-8388607,0,2665,2665,2662,758,2475,-10110976,1,1,14,1,287,0,0,0,1
443349665,197915,201570,220115,184847,237986,115781,174355,228276,172110,211064,209793,200494,223804,148297,201162,194239,134636,228254,235013,161105,-9457,127693,251484,-8388607,0,2658,2668,2663,754,2480,-10110976,1,1,14,1,287,0,0,0,1
443349666,197909,201257,220123,184880,237793,115657,174201,228344,172015,211184,209945,200360,223842,148240,200937,194234,134623,228283,235003,161136,-9492,127636,251462,-8388607,0,2663,2665,2667,750,2477,-10110976,1,1,14,1,287,0,0,0,1
443349667,197891,201396,220000,184924,237879,115613,174109,228193,172041,211056,210063,200585,223857,148251,200976,194274,134552,228264,234984,161018,-9533,127772,251526,-8388607,0,2663,2666,2662,757,2475,-10110976,1,1,14,1,287,0,0,0,1
443349668,197877,201245,219924,184946,237648,115698,174132,228075,172288,211262,210030,200713,223713,148245,201002,194194,134328,228037,234904,160930,-9514,127749,251500,-8388607,0,2663,2666,2658,755,2479,-10110976,1,1,14,1,287,0,0,0,1
443349669,197910,201362,220022,184905,237725,115548,174343,228038,172110,211073,210026,200651,223861,148128,200995,194145,134393,228010,234868,160662,-9510,127878,251537,-8388607,0,2665,2663,2666,753,2481,-10110976,1,1,14,1,287,0,0,0,1
443349670,197942,201753,219791,184950,237821,115785,174245,228272,172264,210861,209942,200512,223705,148331,200942,194133,134286,228005,234866,160848,-9515,127862,251492,-8388607,0,2666,2661,2664,755,2477,-10110976,1,1,14,1,287,0,0,0,1
443349671,198056,201844,219971,185007,237971,115930,174305,228300,172047,210938,209665,200462,223860,148423,200912,194149,134312,227972,234850,160939,-9463,127671,251383,-8388607,0,2659,2667,2661,757,2480,-10110976,1,1,14,1,287,0,0,0,1
443349672,198183,201914,220165,185055,238128,115951,174547,228416,171853,210957,209869,200531,223920,148421,200982,194282,134267,228017,234962,160977,-9548,127716,251519,-8388607,0,2659,2662,2664,754,2482,-10110976,1,1,14,1,287,0,0,0,1
443349673,198236,201814,220251,185162,238134,116034,174432,228398,171856,210912,209663,200389,223919,148321,201035,194377,134355,227933,234852,160938,-9491,127808,251507,-8388607,0,2663,2659,2664,756,2478,-10110976,1,1,14,1,287,0,0,0,1
443349674,198380,201751,220214,185130,238309,116077,174397,228549,171902,210978,209783,200469,223924,148346,201152,194176,134417,228257,234995,161100,-9302,127817,251516,-8388607,0,2663,2664,2664,758,2478,-10110976,1,1,14,1,287,0,0,0,1
443349675,198293,201764,220147,185014,238387,115992,174438,228605,171905,211108,209996,200476,224048,148632,201050,194053,134548,228259,234925,160883,-9473,127805,251651,-8388607,0,2659,2663,2661,753,2482,-10110976,1,1,14,1,287,0,0,0,1
443349676,198209,201709,220128,184980,238263,116056,174562,228445,171884,211005,209853,200560,224032,148369,201043,194436,134370,228068,234889,161025,-9421,127794,251588,-8388607,0,2662,2661,2668,754,2478,-10110976,1,1,14,1,287,0,0,0,1
443349677,198087,201540,220116,184973,238326,115824,174584,228561,171707,211242,209734,200475,223954,148477,200918,194126,134680,228271,235004,161189,-9405,127968,251650,-8388607,0,2663,2666,2663,755,2475,-10110976,1,1,14,1,287,0,0,0,1
443349678,198030,201679,219963,184881,238066,115752,174412,228488,171825,211055,209797,200370,223881,148436,200867,194420,134703,228326,234952,160933,-9370,127740,251632,-8388607,0,2661,2668,2661,754,2479,-10110976,1,1,14,1,287,0,0,0,1
443349679,197891,201477,219850,184893,237860,115754,174439,228469,171940,210972,209911,200363,223787,148304,201056,194135,134640,228302,234991,161155,-9554,127672,251602,-8388607,0,2665,2666,2666,751,2478,-10110976,1,1,14,1,287,0,0,0,1
443349680,197742,201296,219868,184766,237691,115705,174150,228137,172040,211079,209832,200429,223866,148362,201133,194223,134671,228107,235020,161059,-9593,127609,251520,-8388607,0,2663,2659,2662,756,2478,-10110976,1,1,14,1,287,0,0,0,1
443349681,197825,201343,219909,184854,237598,115469,174070,227911,171912,211054,210025,200479,223821,148433,201030,194294,134607,228129,234970,161020,-9488,127647,251488,-8388607,0,2661,2666,2659,759,2477,-10110976,1,1,14,1,287,0,0,0,1
443349682,197884,201408,219955,184758,237866,115662,174090,227769,172018,211106,210025,200501,223793,148375,200915,194232,134655,228062,234868,160985,-9632,127612,251620,-8388607,0,2661,2666,2661,751,2484,-10110976,1,1,14,1,287,0,0,0,1
443349683,197982,201327,220049,184801,237983,115708,174164,227952,172073,211153,209966,200419,223841,148447,201061,194100,134557,228270,235010,160862,-9507,127682,251652,-8388607,0,2663,2663,2664,752,2477,-10110976,1,1,14,1,287,0,0,0,1
443349684,198123,201352,219964,184882,237929,115543,174183,228047,171977,211196,209936,200649,223955,148245,200952,194139,134624,228208,234930,160850,-9505,127628,251546,-8388607,0,2664,2667,2661,755,2478,-10110976,1,1,14,1,287,0,0,0,1
443349685,198106,201500,220168,184900,238100,115561,174112,228317,172013,210905,210078,200422,224050,148483,201019,194214,134305,228099,234857,160845,-9308,127743,251482,-8388607,0,2661,2672,2663,754,2481,-10110976,1,1,14,1,287,0,0,0,1
443349686,198160,201676,220334,185068,238219,115690,174497,228341,172044,210975,209938,200498,223839,148383,201078,194138,134255,227972,235044,161020,-9286,127841,251735,-8388607,0,2665,2664,2668,750,2477,-10110976,1,1,14,1,287,0,0,0,1
443349687,198118,201714,220191,185131,238347,115912,174562,228473,171943,210956,209890,200409,223964,148477,201205,194248,134522,228153,234914,160959,-9389,127804,251549,-8388607,0,2665,2667,2660,756,2476,-10110976,1,1,14,1,287,0,0,0,1
443349688,198218,201893,220131,185148,238385,115936,174465,228552,171759,210973,209929,200451,223926,148430,201148,194407,134455,228085,235024,160922,-9472,127913,251459,-8388607,0,2659,2666,2662,754,2482,-10110976,1,1,14,1,287,0,0,0,1
443349689,198200,201772,220025,185126,238273,116169,174531,228505,172042,211082,209778,200534,223985,148447,201159,194592,134581,228034,235041,161005,-9438,127928,251621,-8388607,0,2661,2662,2666,750,2478,-10110976,1,1,14,1,287,0,0,0,1
443349690,198089,201737,220093,185038,238286,116222,174521,228614,171832,210961,209797,200289,223717,148395,201067,194359,134586,228141,234888,160953,-9404,127892,251542,-8388607,0,2668,2666,2659,756,2475,-10110976,1,1,14,1,287,0,0,0,1
443349691,198082,201555,220088,185033,238379,115980,174360,228350,171974,211069,209926,200376,223848,148563,201114,194248,134405,228075,234920,160919,-9337,127783,251548,-8388607,0,2659,2668,2662,754,2480,-10110976,1,1,14,1,287,0,0,0,1
443349692,197966,201411,220015,184883,238160,115700,174319,228439,171877,211040,209840,200240,223784,148161,200965,194136,134573,228037,234813,160960,-9516,127606,251566,-8388607,0,2661,2663,2666,751,2482,-10110976,1,1,14,1,287,0,0,0,1
443349693,197919,201436,220095,184835,238132,115592,174414,228313,172002,211062,209849,200538,223722,148372,201038,194318,134561,228025,235048,161111,-9579,127637,251570,-8388607,0,2663,2659,2662,756,2476,-10110976,1,1,14,1,287,0,0,0,1
443349694,197811,201271,219945,184693,237966,115506,174021,228136,171896,210991,209844,200637,223853,148446,200936,194041,134443,228160,235023,161159,-9382,127655,251495,-8388607,0,2663,2666,2659,759,2478,-10110976,1,1,14,1,287,0,0,0,1
443349695,197811,201358,219897,184857,237774,115397,174178,228028,172063,211024,209835,200484,223876,148099,200937,194138,134498,227872,234874,160970,-9512,127679,251632,-8388607,0,2661,2665,2664,752,2484,-10110976,1,1,14,1,287,0,0,0,1
443349696,197878,201275,220054,184859,237709,115517,174031,228034,172110,211006,210064,200416,223974,148486,201032,194330,134508,228117,234905,160968,-9445,127797,251585,-8388607,0,2665,2664,2666,758,2478,-10110976,1,1,14,1,287,0,0,0,1
443349697,197889,201309,219933,184824,237704,115304,173982,227975,171861,210957,209805,200328,223907,148295,201058,194151,134369,227995,234848,161084,-9510,127548,251426,-8388607,0,2661,2665,2662,760,2475,-10110976,1,1,14,1,287,0,0,0,1
443349698,197805,201406,219921,184888,237691,115598,174154,228166,171915,210803,209894,200490,223913,148317,201003,194300,134427,228033,234904,160962,-9576,127660,251480,-8388607,0,2659,2665,2662,754,2481,-10110976,1,1,14,1,287,0,0,0,1
443349699,198038,201627,219984,184950,237905,115895,174093,228234,171947,210857,209842,200396,224015,148423,201115,194212,134422,228113,234862,160955,-9427,127839,251638,-8388607,0,2661,2664,2662,754,2478,-10110976,1,1,14,1,287,0,0,0,1
443349700,198185,201477,220122,184996,238146,115931,174110,228311,171964,210817,209804,200364,223939,148664,201076,194507,134333,228184,234921,160882,-9517,127688,251369,-8388607,0,2666,2666,2663,758,2475,-10110976,1,1,14,1,287,0,0,0,1
443349701,198183,201544,219916,184903,238102,115962,174394,228337,171856,210701,209676,200204,223873,148580,201211,194212,134446,228121,234870,160858,-9434,127661,251381,-8388607,0,2663,2668,2662,754,2481,-10110976,1,1,14,1,287,0,0,0,1
443349702,198135,201646,219972,184883,238370,115913,174346,228324,171859,210690,209664,200210,223711,148427,201191,194252,134466,228089,234910,160856,-9451,127729,251453,-8388607,0,2664,2662,2666,751,2479,-10110976,1,1,14,1,287,0,0,0,1
443349703,197934,201727,220052,184958,238120,115756,174604,228480,171813,210872,209687,200444,223912,148368,201077,194314,134481,228202,235006,161015,-9437,127758,251489,-8388607,0,2668,2665,2662,757,2469,-10110976,1,1,14,1,287,0,0,0,1
443349704,197824,201732,220184,184845,238325,115951,174493,228620,171955,210931,209939,200537,223963,148363,201154,194233,134665,228225,234998,160974,-9461,127781,251480,-8388607,0,2660,2666,2658,756,2479,-10110976,1,1,14,1,287,0,0,0,1
443349705,197769,201521,219967,184930,238312,115928,174450,228400,171955,210902,209840,200394,223863,148083,201039,194064,134502,227974,234780,161000,-9499,127635,251415,-8388607,0,2663,2666,2661,751,2484,-10110976,1,1,14,1,287,0,0,0,1
443349706,197849,201518,220014,184793,238215,115986,174474,228387,171937,211160,210040,200410,223866,148345,201204,194264,134487,228193,235146,161178,-9568,127647,251467,-8388607,0,2664,2668,2666,757,2477,-10110976,1,1,14,1,287,0,0,0,1
443349707,197788,201376,220033,184742,238010,115818,174141,228305,172181,210980,209926,200457,223745,148311,200930,194225,134460,228253,234980,160935,-9458,127708,251504,-8388607,0,2662,2668,2662,760,2477,-10110976,1,1,14,1,287,0,0,0,1
443349708,197895,201491,220024,184899,237916,115650,174063,228054,172011,211085,209788,200542,223817,148179,201065,194351,134654,227936,234875,160969,-9465,127841,251414,-8388607,0,2660,2665,2665,756,2481,-10110976,1,1,14,1,287,0,0,0,1
443349709,197843,201459,219917,184827,237825,115591,174007,228068,172165,211363,210115,200486,223910,148124,200954,194422,134474,228091,234994,160969,-9475,127650,251337,-8388607,0,2661,2659,2666,755,2478,-10110976,1,1,14,1,287,0,0,0,1
443349710,197975,201487,219925,184751,237731,115448,174055,228020,172121,211061,209825,200528,223833,148155,200990,194191,134401,227921,234887,160784,-9495,127641,251433,-8388607,0,2661,2664,2662,757,2478,-10110976,1,1,14,1,287,0,0,0,1
443349711,198128,201586,219953,184878,237856,115515,174224,228147,172110,211007,210004,200711,223776,148381,200915,194251,134411,228108,234744,160999,-9409,127770,251359,-8388607,0,2661,2666,2662,754,2481,-10110976,1,1,14,1,287,0,0,0,1
443349712,198038,201694,219993,184899,237880,115365,174293,228288,171979,211007,209940,200436,223920,148496,201031,194257,134466,228003,234750,160847,-9422,127885,251546,-8388607,0,2665,2662,2666,752,2478,-10110976,1,1,14,1,287,0,0,0,1
443349713,197987,201707,220064,184773,237913,115681,174200,228239,171905,210986,209782,200388,224058,148627,201131,194310,134162,228169,234898,160861,-9480,127904,251428,-8388607,0,2665,2664,2659,756,2475,-10110976,1,1,14,1,287,0,0,0,1
443349714,198103,201640,220026,184839,238063,115862,174331,228396,171917,210837,209685,200577,223959,148541,201011,194291,134251,228069,234851,160925,-9344,127769,251426,-8388607,0,2660,2666,2658,755,2479,-10110976,1,1,14,1,287,0,0,0,1
443349715,198117,201634,220130,184851,238158,115949,174317,228352,171729,211004,209752,200290,224006,148491,200972,194180,134416,228148,234961,160922,-9442,127697,251384,-8388607,0,2663,2662,2665,754,2481,-10110976,1,1,14,1,287,0,0,0,1
443349716,198154,201672,220218,185065,238265,115989,174383,228366,171799,210903,209795,200370,223806,148320,201164,194074,134391,228176,234973,161002,-9272,127824,251382,-8388607,0,2668,2663,2664,755,2478,-10110976,1,1,14,1,287,0,0,0,1
443349717,198047,201651,220075,185183,238302,115883,174236,228482,171922,210664,209657,200414,223785,148274,200925,194167,134477,228200,234962,161040,-9321,127713,251432,-8388607,0,2663,2667,2659,757,2479,-10110976,1,1,14,1,287,0,0,0,1
443349718,198006,201458,219858,184807,238113,115757,174341,228112,171860,210800,209777,200492,223902,148217,200787,194050,134598,228079,234875,160984,-9616,127601,251306,-8388607,0,2657,2663,2664,754,2482,-10110976,1,1,14,1,287,0,0,0,1
443349719,197991,201530,219929,184827,238177,115791,174559,228221,171931,211070,209972,200524,223855,148598,201028,194070,134627,228288,235037,161081,-9496,127651,251406,-8388607,0,2661,2663,2665,755,2477,-10110976,1,1,14,1,287,0,0,0,1
443349720,197903,201486,219893,184798,238091,115617,174397,228171,172018,211067,209944,200362,223790,148340,200951,194225,134570,228156,234901,160941,-9502,127802,251373,-8388607,0,2661,2666,2659,760,2478,-10110976,1,1,14,1,287,0,0,0,1
443349721,197887,201414,219928,184831,237972,115518,174190,228344,172019,211038,209972,200478,223809,148087,200790,194232,134731,228137,234922,161052,-9312,127901,251342,-8388607,0,2664,2666,2664,756,2484,-10110976,1,1,14,1,287,0,0,0,1
443349722,197837,201394,219869,184751,237707,115357,173981,228030,171988,210888,210009,200305,223770,148270,201134,194335,134617,228134,234788,160890,-9514,127727,251345,-8388607,0,2665,2663,2662,751,2477,-10110976,1,1,14,1,287,0,0,0,1
443349723,197928,201523,220095,184908,237800,115559,174178,228069,171966,211177,209944,200550,223889,148516,201194,194256,134450,228164,234798,161059,-9409,127695,251472,-8388607,0,2661,2665,2664,758,2476,-10110976,1,1,14,1,287,0,0,0,1
443349724,198034,201581,220164,185039,237826,115681,174101,228057,172041,210835,209744,200447,223736,148418,200946,194274,134436,228171,234932,161047,-9396,127643,251385,-8388607,0,2659,2669,2662,754,2477,-10110976,1,1,14,1,287,0,0,0,1
443349725,197966,201575,220129,185104,237828,115679,174099,228140,172007,210976,209812,200436,223904,148371,201013,194077,134402,228208,234857,160965,-9416,127750,251338,-8388607,0,2661,2662,2666,752,2480,-10110976,1,1,14,1,287,0,0,0,1
443349726,198111,201678,220154,185027,237917,115794,174090,228162,171833,211070,209862,200507,224031,148415,200900,194160,134335,227952,234785,160871,-9488,127770,251405,-8388607,0,2665,2666,2661,754,2476,-10110976,1,1,14,1,287,0,0,0,1
443349727,198245,201648,220021,184946,238211,115846,174176,228173,171796,210864,209922,200391,223886,148540,201120,194480,134123,227976,234958,160868,-9445,127767,251401,-8388607,0,2666,2668,2659,759,2488,-10110976,1,1,14,1,287,0,0,0,1
443349728,198093,201737,219991,184971,238212,115724,174340,228377,171815,210764,209881,200247,223950,148285,200898,194170,134211,228004,234824,160751,-9442,127817,251347,-8388607,0,2663,2664,2665,752,2484,-10110976,1,1,14,1,287,0,0,0,1
443349729,198149,201741,220123,184978,238317,115861,174562,228536,171832,210990,209827,200401,223892,148368,201041,194385,134398,228117,234824,160984,-9297,127847,251365,-8388607,0,2662,2663,2666,756,2477,-10110976,1,1,14,1,287,0,0,0,1
443349730,198094,201721,220057,184973,238261,115973,174617,228438,171825,211017,209823,200459,223763,148370,201104,194422,134404,228162,234938,160980,-9414,127830,251311,-8388607,0,2660,2666,2660,759,2478,-10110976,1,1,14,1,287,0,0,0,1
443349731,198058,201607,219994,184947,238184,115888,174490,228522,171936,210971,209826,200463,223755,148262,200858,194154,134327,228061,234810,160841,-9544,127732,251417,-8388607,0,2659,2665,2666,752,2481,-10110976,1,1,14,1,287,0,0,0,1
443349732,197924,201487,219969,184911,238366,115939,174249,228364,172072,210974,209813,200442,223836,148323,200970,194126,134424,228115,234997,160936,-9447,127670,251338,-8388607,0,2665,2662,2666,755,2478,-10110976,1,1,14,1,287,0,0,0,1
443349733,197836,201449,220139,185022,238102,115958,174318,228361,172263,211092,210040,200568,223680,148330,200961,194221,134498,228164,235065,161094,-9420,127728,251354,-8388607,0,2663,2664,2662,759,2474,-10110976,1,1,14,1,287,0,0,0,1
443349734,197915,201422,219980,184867,238055,115796,174222,228166,172050,210996,209995,200595,223821,148237,200922,194107,134613,228127,235073,161133,-9451,127722,251264,-8388607,0,2661,2668,2663,754,2482,-10110976,1,1,14,1,287,0,0,0,1
443349735,197848,201439,219942,184852,237903,115646,174292,228189,172137,211242,209997,200616,223850,148219,201043,194204,134567,228073,234957,161102,-9480,127593,251421,-8388607,0,2661,2662,2666,753,2479,-10110976,1,1,14,1,287,0,0,0,1
443349736,197837,201525,220013,184860,237884,115611,174164,228201,172107,211242,210046,200527,223756,148424,201028,194216,134583,228170,235059,161036,-9472,127695,251475,-8388607,0,2666,2663,2662,757,2476,-10110976,1,1,14,1,287,0,0,0,1
443349737,197837,201551,219933,184942,237788,115596,174200,228060,171778,210850,209617,200394,223957,148373,201028,194296,134580,228188,234896,161002,-9660,127670,251435,-8388607,0,2662,2669,2666,754,2480,-10110976,1,1,14,1,287,0,0,0,1
443349738,198015,201643,220014,184975,237850,115523,174133,228243,172010,211094,209821,200437,224020,148504,201004,194250,134566,228151,234884,161100,-9376,127812,251512,-8388607,0,2663,2661,2662,751,2479,-10110976,1,1,14,1,287,0,0,0,1
443349739,197876,201675,219905,184912,237846,115549,174260,228245,171997,211095,209738,200281,223909,148445,200964,194373,134551,228240,234917,160815,-9505,127849,251421,-8388607,0,2666,2661,2664,761,2478,-10110976,1,1,14,1,287,0,0,0,1
443349740,197915,201546,219873,184782,237941,115618,174142,228298,172059,211096,209900,200639,223991,148670,201281,194387,134434,228211,235009,161001,-9554,127673,251375,-8388607,0,2662,2667,2657,756,2479,-10110976,1,1,14,1,287,0,0,0,1
443349741,197973,201628,220115,184848,238075,115965,174258,228365,172091,210958,209871,200611,224120,148459,201113,194524,134501,228123,234843,161045,-9376,127851,251496,-8388607,0,2666,2665,2664,754,2482,-10110976,1,1,14,1,287,0,0,0,1
443349742,197986,201444,220043,184832,238011,115770,174159,228285,171798,210924,209779,200438,223813,148417,200938,194434,134347,228166,234834,160805,-9433,127698,251369,-8388607,0,2666,2659,2666,756,2478,-10110976,1,1,14,1,287,0,0,0,1
443349743,197980,201490,220124,185062,238127,115734,174305,228393,171876,210785,209777,200260,223948,148462,201033,194255,134282,228035,234973,160942,-9456,127741,251295,-8388607,0,2663,2665,2661,764,2480,-10110976,1,1,14,1,287,0,0,0,1
443349744,197988,201431,220054,185011,238029,115761,174235,228326,171905,210978,209824,200643,223909,148161,201088,194167,134396,228064,234875,160877,-9442,127688,251416,-8388607,0,2661,2665,2666,755,2481,-10110976,1,1,14,1,287,0,0,0,1
443349745,197970,201469,220012,184909,238136,115737,174303,228363,171880,210974,209938,200494,223622,148261,201019,194115,134337,228090,234923,160941,-9438,127532,251244,-8388607,0,2661,2663,2670,755,2477,-10110976,1,1,14,1,287,0,0,0,1
443349746,197944,201433,219939,184923,238058,115795,174338,228336,172054,211012,209952,200680,223772,148234,201018,194016,134291,228161,234859,160920,-9416,127587,251265,-8388607,0,2666,2667,2662,755,2477,-10110976,1,1,14,1,287,0,0,0,1
443349747,198026,201534,219878,184957,238194,115880,174277,228160,172125,211125,209965,200703,223736,148234,201019,194280,134631,228253,234881,160952,-9303,127669,251352,-8388607,0,2661,2666,2658,754,2479,-10110976,1,1,14,1,287,0,0,0,1
443349748,198008,201540,220075,184874,237996,115712,174423,228230,172049,211138,209830,200609,223839,148344,201067,194252,134409,228123,234825,160839,-9513,127717,251279,-8388607,0,2665,2664,2668,749,2480,-10110976,1,1,14,1,287,0,0,0,1
443349749,198032,201479,219982,184875,237868,115650,174374,228262,171916,211147,209978,200513,223842,148527,200889,194212,134522,228192,234908,160899,-9324,127870,251339,-8388607,0,2668,2666,2663,755,2475,-10110976,1,1,14,1,287,0,0,0,1
443349750,198223,201540,220094,185072,238174,115862,174377,228315,172126,211018,209734,200529,223849,148477,201003,194343,134559,228254,235013,160919,-9457,127819,251286,-8388607,0,2662,2668,2661,754,2480,-10110976,1,1,14,1,287,0,0,0,1
443349751,198082,201560,220110,184878,238047,115727,174297,228366,171872,211028,209754,200432,223951,148477,201194,194307,134665,228134,234966,160972,-9351,127889,251295,-8388607,0,2661,2664,2664,751,2484,-10110976,1,1,14,1,287,0,0,0,1
443349752,198086,201616,220089,184995,237999,115679,174182,228146,171912,211050,209842,200477,223936,148585,201099,194484,134643,227948,234928,160976,-9366,127835,251110,-8388607,0,2665,2662,2664,756,2478,-10110976,1,1,14,1,287,0,0,0,1
443349753,198187,201741,220171,184987,237995,115650,174320,228090,171877,210966,209866,200617,223936,148530,201175,194458,134401,228071,234966,161071,-9394,127709,251222,-8388607,0,2663,2664,2659,758,2479,-10110976,1,1,14,1,287,0,0,0,1
443349754,198119,201647,220049,185089,237988,115633,174204,228263,171691,210651,209571,200446,223908,148484,200875,194129,134476,228060,235012,160893,-9338,127581,251084,-8388607,0,2663,2664,2664,754,2482,-10110976,1,1,14,1,287,0,0,0,1
443349755,198176,201653,220215,185122,238091,115705,174244,228272,171856,210836,209754,200662,223858,148569,200939,194307,134527,228019,234797,160982,-9278,127811,251286,-8388607,0,2661,2661,2662,756,2478,-10110976,1,1,14,1,287,0,0,0,1
443349756,198090,201622,220272,185023,238003,115720,174214,228360,171952,210860,209817,200595,224069,148320,200910,194291,134517,228250,234952,161183,-9447,127811,251290,-8388607,0,2661,2665,2664,759,2478,-10110976,1,1,14,1,287,0,0,0,1
443349757,197981,201643,220039,185070,237989,115675,174375,228262,172008,210949,209832,200366,223826,148552,201070,194069,134491,228108,235077,160919,-9549,127820,251245,-8388607,0,2659,2670,2662,751,2482,-10110976,1,1,14,1,287,0,0,0,1
443349758,197972,201485,220013,184880,238077,115774,174328,228308,171793,211216,209885,200393,223717,148355,201033,194274,134483,228229,234952,160984,-9379,127531,251291,-8388607,0,2664,2661,2666,751,2479,-10110976,1,1,14,1,287,0,0,0,1
443349759,197967,201548,219840,184905,238169,115651,174388,228276,172128,211042,209857,200438,223838,148453,201034,194375,134481,228283,234898,160944,-9396,127767,251190,-8388607,0,2668,2663,2663,758,2478,-10110976,1,1,14,1,287,0,0,0,1
443349760,197845,201298,219829,184910,238117,115851,174281,228443,172003,211040,210060,200375,223702,148209,200844,194145,134643,228002,234847,160857,-9515,127788,251283,-8388607,0,2663,2667,2659,755,2479,-10110976,1,1,14,1,287,0,0,0,1
443349761,197951,201228,219910,184816,238166,115839,174310,228341,172157,211033,210000,200679,223926,148185,200813,194064,134578,227994,234800,160909,-9474,127590,251209,-8388607,0,2661,2663,2666,752,2481,-10110976,1,1,14,1,287,0,0,0,1
443349762,197882,201429,219959,184792,238167,116000,174531,228369,171933,210942,209911,200485,223916,148259,201042,194342,134490,228120,234959,161099,-9515,127704,251200,-8388607,0,2663,2663,2663,754,2476,-10110976,1,1,14,1,287,0,0,0,1
443349763,197777,201264,220025,184951,238222,115883,174246,228434,172004,210985,209922,200576,223836,148390,201241,194307,134455,228028,234784,160738,-9615,127740,251176,-8388607,0,2662,2668,2659,756,2479,-10110976,1,1,14,1,287,0,0,0,1
443349764,197813,201391,220015,184991,238168,115870,174394,228501,171861,211040,209795,200260,223812,148419,200908,194370,134557,228075,234739,160995,-9460,127764,251260,-8388607,0,2664,2665,2661,751,2481,-10110976,1,1,14,1,287,0,0,0,1
443349765,197867,201452,220045,184885,237992,115753,174217,228332,171872,210954,209889,200506,223970,148503,201059,194298,134405,228251,234884,160917,-9400,127591,251097,-8388607,0,2663,2661,2666,758,2477,-10110976,1,1,14,1,287,0,0,0,1
443349766,197986,201586,220041,184897,237933,115785,174239,228390,172020,210922,209674,200490,223992,148559,201010,194187,134434,228114,234919,161118,-9471,127688,251134,-8388607,0,2661,2668,2662,759,2473,-10110976,1,1,14,1,287,0,0,0,1
443349767,198037,201587,219999,184919,237959,115699,174205,228218,171884,210899,209928,200397,223987,148616,201069,194293,134427,227999,234941,160902,-9473,127733,251117,-8388607,0,2660,2664,2664,754,2482,-10110976,1,1,14,1,287,0,0,0,1
443349768,198117,201629,219998,185005,237869,115527,174329,228322,171986,211105,209919,200432,223798,148585,200950,194194,134325,228100,234819,160875,-9359,127856,251076,-8388607,0,2665,2665,2663,750,2477,-10110976,1,1,14,1,287,0,0,0,1
443349769,198209,201674,220042,185051,237991,115654,174212,228266,171858,210878,209883,200401,223783,148469,200938,194214,134457,227976,235012,160915,-9374,127862,251193,-8388607,0,2665,2668,2664,759,2471,-10110976,1,1,14,1,287,0,0,0,1
443349770,198200,201721,219988,184845,237989,115575,174187,228033,172027,211065,209789,200332,223892,148297,201105,194205,134435,228019,234787,160936,-9459,127802,251226,-8388607,0,2661,2668,2663,754,2483,-10110976,1,1,14,1,287,0,0,0,1
443349771,198152,201676,220109,184954,238110,115721,174333,228471,172068,210981,209867,200636,223819,148203,201041,194459,134464,228142,234985,160950,-9383,127663,251256,-8388607,0,2664,2663,2666,750,2480,-10110976,1,1,14,1,287,0,0,0,1
443349772,198060,201744,220281,184962,238180,115734,174356,228267,171959,211011,209851,200490,223686,148143,201079,194202,134531,228200,234914,160775,-9421,127835,251201,-8388607,0,2663,2659,2662,759,2475,-10110976,1,1,14,1,287,0,0,0,1
443349773,198136,201755,220186,185130,238273,115716,174222,228375,172077,211154,209901,200337,223866,148465,200982,194182,134595,228263,234881,160953,-9171,127889,251165,-8388607,0,2661,2666,2658,757,2479,-10110976,1,1,14,1,287,0,0,0,1
443349774,198061,201595,220108,185046,238115,115971,174269,228487,172046,211081,209882,200504,223994,148358,201089,194108,134471,228169,234851,161120,-9438,127667,251189,-8388607,0,2665,2662,2664,752,2484,-10110976,1,1,14,1,287,0,0,0,1
443349775,198070,201592,220123,184931,238126,115922,174319,228303,171974,211061,209941,200530,224116,148410,200970,194197,134640,228185,235090,161086,-9394,127651,251271,-8388607,0,2666,2661,2664,755,2477,-10110976,1,1,14,1,287,0,0,0,1
443349776,198066,201474,220073,184877,238121,115804,174493,228562,172051,211109,209988,200577,224011,148511,201066,194134,134436,228230,235045,160939,-9376,127718,251176,-8388607,0,2661,2666,2659,760,2479,-10110976,1,1,14,1,287,0,0,0,1
443349777,197947,201534,219890,184853,237942,115811,174231,228389,171933,210905,209768,200304,223972,148345,201144,194219,134674,228148,234978,161076,-9506,127822,251221,-8388607,0,2657,2664,2664,754,2483,-10110976,1,1,14,1,287,0,0,0,1
443349778,197857,201492,219835,184846,238179,115732,174346,228366,171959,210923,209835,200351,224065,148584,201206,194388,134595,228082,235048,161104,-9475,127720,251158,-8388607,0,2661,2663,2664,756,2478,-10110976,1,1,14,1,287,0,0,0,1
443349779,197867,201448,219725,184742,237971,115616,174270,228237,172087,210791,209778,200357,223909,148583,201265,194336,134620,228183,234902,161049,-9596,127640,251215,-8388607,0,2661,2666,2660,760,2478,-10110976,1,1,14,1,287,0,0,0,1
443349780,197853,201395,219730,184678,237905,115480,174156,228209,171861,210969,209784,200476,223949,148515,201159,194324,134719,228232,234946,161166,-9426,127657,251090,-8388607,0,2659,2665,2665,755,2482,-10110976,1,1,14,1,287,0,0,0,1
443349781,197752,201462,219883,184797,237809,115556,174040,228197,172043,210986,209975,200487,223902,148522,201128,194454,134615,228234,234874,160941,-9332,127761,251099,-8388607,0,2665,2664,2666,751,2477,-10110976,1,1,14,1,287,0,0,0,1
443349782,197804,201522,220081,184703,237652,115565,174017,228214,171895,210996,209916,200519,223905,148398,201176,194377,134454,228082,234747,160905,-9434,127662,251088,-8388607,0,2661,2671,2664,756,2473,-10110976,1,1,14,1,287,0,0,0,1
443349783,197835,201341,220018,184894,237731,115480,174072,228109,172019,211244,209954,200607,223920,148579,201049,194477,134271,228093,234860,161013,-9629,127578,250979,-8388607,0,2659,2670,2666,752,2481,-10110976,1,1,14,1,287,0,0,0,1
443349784,197981,201451,219869,184976,237992,115577,174093,228193,172046,211130,209833,200610,223836,148458,201127,194213,134430,228263,234946,161085,-9486,127623,251094,-8388607,0,2662,2663,2665,750,2481,-10110976,1,1,14,1,287,0,0,0,1
443349785,198106,201767,220094,185055,237934,115742,174336,228257,172114,211196,209847,200549,223715,148325,200928,194184,134350,227977,235101,161059,-9368,127701,251151,-8388607,0,2670,2663,2661,751,2477,-10110976,1,1,14,1,287,0,0,0,1
443349786,198166,201655,220163,185070,238063,115722,174337,228206,171847,210824,209763,200446,223760,148199,200998,194125,134364,228106,235137,161097,-9457,127719,251072,-8388607,0,2663,2666,2659,757,2479,-10110976,1,1,14,1,287,0,0,0,1
443349787,198170,201732,220219,185049,238316,115816,174501,228322,171982,210881,209747,200402,223790,148140,200995,194182,134307,228256,234858,161077,-9412,127686,251002,-8388607,0,2663,2664,2664,752,2482,-10110976,1,1,14,1,287,0,0,0,1
443349788,198188,201876,220109,185034,238229,115801,174484,228528,171809,211024,209772,200286,223844,148268,200969,194203,134602,228163,234951,160878,-9406,127638,251079,-8388607,0,2663,2662,2664,755,2478,-10110976,1,1,14,1,287,0,0,0,1
443349789,198140,201708,220211,185011,238194,116063,174552,228621,171801,210899,209834,200489,223714,148338,200961,194132,134500,228160,234884,160728,-9383,127729,251052,-8388607,0,2663,2664,2664,757,2477,-10110976,1,1,14,1,287,0,0,0,1
443349790,198089,201644,220141,184871,238341,115989,174451,228636,171855,210971,209798,200558,223600,148284,200950,193948,134512,228058,234829,160826,-9478,127760,251070,-8388607,0,2661,2665,2666,754,2481,-10110976,1,1,14,1,287,0,0,0,1
443349791,197987,201593,219905,184917,238134,116006,174322,228569,171866,210780,209744,200352,223652,148320,200871,194275,134379,228087,234863,160890,-9442,127790,251199,-8388607,0,2665,2664,2666,756,2474,-10110976,1,1,14,1,287,0,0,0,1
443349792,197986,201512,220033,184906,238025,115961,174365,228406,171933,211031,209879,200582,223777,148471,201107,194236,134572,227903,235009,161055,-9332,127770,251108,-8388607,0,2664,2665,2662,759,2475,-10110976,1,1,14,1,287,0,0,0,1
443349793,197729,201309,219936,184953,238071,115822,174314,228270,171966,211128,209770,200276,223940,148445,200940,194179,134410,227985,234752,161023,-9659,127587,251147,-8388607,0,2657,2666,2662,755,2481,-10110976,1,1,14,1,287,0,0,0,1
443349794,197742,201289,219953,184855,237913,115665,174372,228254,172148,211040,209965,200615,224028,148652,200990,194248,134506,228087,234954,161036,-9612,127728,251176,-8388607,0,2661,2662,2664,754,2478,-10110976,1,1,14,1,287,0,0,0,1
443349795,197668,201386,219875,184776,237826,115520,174190,228081,172202,211048,209951,200638,223894,148550,200956,194132,134368,227922,234882,161003,-9594,127473,251143,-8388607,0,2668,2662,2659,756,2476,-10110976,1,1,14,1,287,0,0,0,1
443349796,197712,201374,219854,184798,237814,115430,174125,228003,172120,211151,209900,200641,224059,148581,201206,194117,134346,228012,234891,160988,-9666,127588,251086,-8388607,0,2662,2668,2666,757,2479,-10110976,1,1,14,1,287,0,0,0,1
443349797,197894,201275,219887,184765,237870,115360,174155,228101,172140,211015,209987,200580,223933,148389,201232,194245,134439,228140,235058,161017,-9393,127651,251122,-8388607,0,2664,2664,2665,751,2482,-10110976,1,1,14,1,287,0,0,0,1
443349798,198041,201561,220025,184808,237661,115506,174145,228118,172161,211168,209877,200428,223991,148498,201077,194286,134386,228264,234933,160980,-9212,127756,251157,-8388607,0,2663,2663,2664,756,2478,-10110976,1,1,14,1,287,0,0,0,1
443349799,198081,201610,220139,184992,237769,115513,174264,228256,172127,211059,209797,200523,223901,148278,201034,194297,134559,228150,234963,160809,-9421,127772,251198,-8388607,0,2655,2665,2659,757,2478,-10110976,1,1,14,1,287,0,0,0,1
443349800,198268,201740,220075,184958,237760,115753,174062,228369,171833,210833,209717,200322,223999,148391,201153,194245,134521,228221,234994,160775,-9387,127730,251130,-8388607,0,2660,2665,2664,749,2481,-10110976,1,1,14,1,287,0,0,0,1
443349801,198205,201846,220169,185027,238039,115779,174261,228507,171804,210958,209836,200472,224201,148423,200930,194375,134515,228197,234971,160962,-9421,127836,251161,-8388607,0,2665,2663,2666,756,2478,-10110976,1,1,14,1,287,0,0,0,1
443349802,198418,201826,220272,185132,238303,115896,174149,228479,171627,210970,209727,200405,224076,148400,200891,194238,134602,228105,235180,160901,-9454,127954,251138,-8388607,0,2662,2666,2664,760,2476,-10110976,1,1,14,1,287,0,0,0,1
443349803,198386,201925,220336,185136,238487,116050,174476,228515,171698,210823,209887,200336,224042,148448,200962,194092,134544,228157,235040,161020,-9411,127869,251124,-8388607,0,2661,2668,2661,752,2480,-10110976,1,1,14,1,287,0,0,0,1
443349804,198297,201668,220104,185087,238382,116048,174479,228376,171700,210656,209762,200372,223984,148496,201003,194259,134571,228136,235043,161112,-9417,127822,251194,-8388607,0,2661,2664,2670,756,2477,-10110976,1,1,14,1,287,0,0,0,1
443349805,198298,201731,220203,185148,238292,116049,174515,228350,171823,210899,209862,200415,223887,148308,200805,194036,134537,228222,234929,161155,-9460,127795,251054,-8388607,0,2661,2665,2662,759,2471,-10110976,1,1,14,1,287,0,0,0,1
443349806,198097,201697,220258,185007,238371,115885,174524,228377,171938,210898,209936,200528,223935,148445,200893,194124,134647,228412,235067,161133,-9272,127776,251164,-8388607,0,2667,2668,2666,756,2481,-10110976,1,1,14,1,287,0,0,0,1
443349807,198153,201510,220152,185044,238068,115740,174502,228380,171941,211039,209891,200543,223650,148028,200968,194007,134569,228272,234986,160985,-9423,127875,251086,-8388607,0,2665,2663,2668,749,2479,-10110976,1,1,14,1,287,0,0,0,1
443349808,197970,201457,219951,184791,237897,115638,174261,228388,172171,211060,209986,200301,223601,148118,200964,194207,134471,227997,234835,160960,-9371,127749,251162,-8388607,0,2665,2659,2662,755,2477,-10110976,1,1,14,1,287,0,0,0,1
443349809,197913,201458,219993,184828,237913,115661,174111,228103,172343,211172,209971,200575,223694,148313,201129,194435,134576,227961,235019,160829,-9251,127677,251126,-8388607,0,2660,2669,2659,755,2477,-10110976,1,1,14,1,287,0,0,0,1
443349810,198155,201590,219982,184920,237888,115600,174119,228158,172309,211206,210090,200710,223866,148439,201050,194447,134428,227927,234763,160687,-5230,127387,251106,-8388607,0,2662,2666,2661,756,2487,-10110976,1,1,14,1,287,0,0,0,1
443349811,199188,201351,220162,185019,238065,115663,174256,228269,172167,211283,210321,200828,224046,148475,201298,194289,134482,228095,234861,160917,5486,128866,251154,-8388607,0,2666,2664,2666,754,2476,-10110976,1,1,14,1,287,0,0,0,1
443349812,201251,201051,219765,185009,237929,115515,174150,228164,171983,211107,210193,200399,223953,148364,201034,194275,134292,228053,234860,160822,20510,130755,251206,-8388607,0,2662,2661,2662,758,2477,-10110976,1,1,14,1,287,0,0,0,1
443349813,204961,200938,218815,184851,238070,115701,174340,228199,171932,211037,209993,200478,224127,148536,201072,194287,134227,227970,234835,160876,38856,133420,251201,-8388607,0,2659,2666,2664,753,2484,-10110976,1,1,14,1,287,0,0,0,1
443349814,209512,201263,217993,184117,238190,115593,174457,228323,171846,211138,209888,200711,224172,148575,201319,194670,134496,228043,234862,160876,60043,136797,251140,-8388607,0,2665,2663,2666,754,2477,-10110976,1,1,14,1,287,0,0,0,1
443349815,215425,202236,217876,182794,238231,115963,174650,228491,171910,210927,209919,200650,224283,148435,201181,194382,134377,228145,235014,160987,83070,140235,251131,-8388607,0,2661,2664,2658,758,2475,-10110976,1,1,14,1,287,0,0,0,1
443349816,222067,203823,218119,181527,238373,116079,174575,228382,171780,210814,209853,200315,224062,148473,201149,194322,134340,228101,234865,161042,108335,144628,251126,-8388607,0,2661,2666,2662,754,2479,-10110976,1,1,14,1,287,0,0,0,1
443349817,229661,205433,218526,180835,238294,116128,174498,228362,171714,210829,209741,200255,224054,148225,201152,194228,134400,228082,234934,160951,135133,149506,251091,-8388607,0,2665,2663,2666,751,2478,-10110976,1,1,14,1,287,0,0,0,1
443349818,237958,207232,218989,181144,238292,115914,174530,228751,171911,211086,209956,200451,223920,148626,201041,194475,134501,228126,235080,161005,163116,154370,250954,-8388607,0,2668,2666,2662,756,2475,-10110976,1,1,14,1,287,0,0,0,1
443349819,246331,209234,219818,181640,238223,115922,174483,228486,171956,210908,209567,200173,223747,148221,200939,194325,134713,228186,234899,160997,192102,159652,251126,-8388607,0,2660,2670,2660,757,2482,-10110976,1,1,14,1,287,0,0,0,1
443349820,254333,211747,221052,182486,238017,115704,174416,228285,171912,210887,209953,200445,223666,148243,200988,194075,134699,228072,235025,160915,221236,164597,251002,-8388607,0,2660,2665,2666,751,2482,-10110976,1,1,14,1,287,0,0,0,1
443349821,262206,214562,222204,183313,237764,115589,174343,228223,172161,211088,209979,200671,223752,148316,200965,194151,134665,228356,235038,161012,251018,170095,251149,-8388607,0,2668,2666,2663,756,2478,-10110976,1,1,14,1,287,0,0,0,1
443349822,270000,217008,223338,183789,237810,115410,174363,228024,172209,211228,209888,200590,223784,148241,201008,194191,134594,228296,234989,161129,281314,175388,251074,-8388607,0,2662,2666,2659,759,2479,-10110976,1,1,14,1,287,0,0,0,1
443349823,277897,219167,223226,184092,237745,115418,174153,228138,172156,211200,210062,200706,223888,148349,200936,194268,134710,228230,234887,161013,311852,180614,251147,-8388607,0,2663,2663,2665,754,2482,-10110976,1,1,14,1,287,0,0,0,1
443349824,285565,220925,222759,184062,237762,115459,174142,228091,172125,211208,210133,200662,223854,148406,201013,194210,134468,228374,234791,161059,342970,186254,251157,-8388607,0,2661,2661,2665,756,2477,-10110976,1,1,14,1,287,0,0,0,1
443349825,293048,222951,222400,183281,237616,115660,173934,228009,172036,211225,210122,200533,223844,148441,201065,194099,134364,228157,234891,160934,373704,190995,251091,-8388607,0,2661,2664,2660,759,2478,-10110976,1,1,14,1,287,0,0,0,1
443349826,300150,226026,222309,181708,237822,115815,174162,228231,172072,211147,209963,200526,224144,148478,201034,194456,134454,228024,235050,160974,404224,195270,251096,-8388607,0,2657,2664,2666,755,2481,-10110976,1,1,14,1,287,0,0,0,1
443349827,306706,231060,221871,179515,238048,115911,174201,228371,172069,211279,210017,200582,224106,148493,201433,194528,134518,228003,234928,160951,434255,199747,251154,-8388607,0,2666,2663,2663,751,2477,-10110976,1,1,14,1,287,0,0,0,1
443349828,313431,237926,220875,176724,238099,115895,174326,228313,171950,210860,209757,200432,223930,148617,201078,194400,134357,227896,235054,160815,463838,203953,251119,-8388607,0,2665,2664,2662,758,2475,-10110976,1,1,14,1,287,0,0,0,1
443349829,321080,246886,218461,174600,238335,115962,174470,228493,171870,210847,209706,200502,223876,148563,201108,194430,134336,227922,234941,160791,494129,208849,251014,-8388607,0,2661,2668,2664,753,2477,-10110976,1,1,14,1,287,0,0,0,1
443349830,329979,258120,215784,173727,238368,116058,174622,228397,171852,210882,209900,200514,224155,148631,201243,194424,134331,228051,234752,160819,524838,214132,251163,-8388607,0,2661,2664,2668,751,2481,-10110976,1,1,14,1,287,0,0,0,1
443349831,340048,271017,213762,174394,238467,116052,174725,228572,171943,211037,209710,200444,224168,148748,200956,194350,134373,228068,234765,160902,555350,220110,251166,-8388607,0,2663,2662,2659,756,2476,-10110976,1,1,14,1,287,0,0,0,1
443349832,351200,285103,213575,175710,238435,116054,174791,228456,171940,211125,209874,200478,224034,148475,200948,194276,134332,228063,234735,161032,586146,226161,251057,-8388607,0,2664,2668,2658,755,2479,-10110976,1,1,14,1,287,0,0,0,1
443349833,363356,299773,214946,177537,238387,116115,174740,228461,172103,211171,209799,200477,223966,148309,200936,194271,134519,228207,234842,161083,616407,231640,251024,-8388607,0,2664,2663,2661,750,2484,-10110976,1,1,14,1,287,0,0,0,1
443349834,376338,314157,217374,180089,238218,116012,174636,228579,171944,211048,209764,200384,223594,148364,200866,194279,134469,228210,234858,161060,646729,237578,251001,-8388607,0,2666,2662,2664,756,2480,-10110976,1,1,14,1,287,0,0,0,1
443349835,389916,327582,220221,182671,238010,115800,174287,228336,172159,211181,209979,200472,223767,148307,200931,194377,134537,228268,235059,161070,678239,243974,251059,-8388607,0,2661,2666,2662,757,2478,-10110976,1,1,14,1,287,0,0,0,1
443349836,403655,340192,222838,184791,237745,115818,174096,228109,172063,211142,210034,200594,223719,148226,200926,194096,134577,228244,235066,161023,710556,250294,250967,-8388607,0,2658,2661,2665,754,2481,-10110976,1,1,14,1,287,0,0,0,1
443349837,416477,351771,224621,186087,237395,115389,173927,228118,172241,211281,210263,200745,223697,148237,201016,194228,134489,228058,235200,160947,742768,256696,250983,-8388607,0,2666,2664,2665,755,2476,-10110976,1,1,14,1,287,0,0,0,1
443349838,427846,362493,225170,186090,237345,115456,173736,227908,172305,211307,210168,200737,223712,148292,201081,194238,134730,228109,235105,160970,774636,262447,250926,-8388607,0,2668,2665,2661,760,2474,-10110976,1,1,14,1,287,0,0,0,1
443349839,437641,372305,224764,185085,237354,115237,173696,227783,172043,211162,210146,200781,223756,148309,201103,194361,134641,228208,235058,161090,806322,267608,251093,-8388607,0,2657,2668,2664,753,2482,-10110976,1,1,14,1,287,0,0,0,1
443349840,445610,381113,223073,183596,237446,115121,173659,227694,171852,210896,209835,200709,223721,148441,200991,194295,134440,228340,234872,160865,839161,273313,250966,-8388607,0,2661,2666,2664,751,2479,-10110976,1,1,14,1,287,0,0,0,1
443349841,452798,388468,220067,182271,237625,115283,173762,227834,171886,210878,209828,200577,223948,148426,201103,194308,134454,228226,234873,160997,872085,278461,251032,-8388607,0,2664,2663,2663,758,2475,-10110976,1,1,14,1,287,0,0,0,1
443349842,459009,394247,216892,180531,237936,115317,174038,227797,171769,210572,209645,200323,223948,148376,200998,194402,134309,228075,235011,160963,905010,283429,250955,-8388607,0,2660,2670,2659,754,2477,-10110976,1,1,14,1,287,0,0,0,1
443349843,465179,399456,214648,178896,237991,115516,174336,228173,171596,210732,209517,200321,224255,148805,201360,194278,134526,227853,235025,160852,938479,288325,250987,-8388607,0,2666,2663,2665,751,2482,-10110976,1,1,14,1,287,0,0,0,1
443349844,472192,404150,213876,177747,238375,116060,174633,228449,171658,210807,209616,200205,224124,148527,201214,194502,134539,228110,235114,161040,972233,293523,251049,-8388607,0,2668,2662,2663,756,2477,-10110976,1,1,14,1,287,0,0,0,1
443349845,480146,409152,214135,176891,238468,116287,174690,228673,171657,210686,209629,200097,224128,148606,201183,194467,134399,227978,235052,160918,1006020,298810,251031,-8388607,0,2662,2667,2661,757,2482,-10110976,1,1,14,1,287,0,0,0,1
443349846,489478,414375,215040,176493,238547,116360,174923,228664,171682,210656,209535,200300,224153,148439,201100,194352,134436,227989,234790,160981,1040477,304339,251058,-8388607,0,2657,2664,2666,753,2481,-10110976,1,1,14,1,287,0,0,0,1
443349847,500852,421017,216349,176677,238839,116763,175161,229029,171733,210820,209669,200197,223899,148267,201009,194388,134433,228099,234887,160902,1075927,310426,251014,-8388607,0,2661,2663,2666,755,2477,-10110976,1,1,14,1,287,0,0,0,1
443349848,512980,428880,216966,176988,238936,116631,174994,229197,171991,210929,210042,200297,223675,148224,201112,194364,134555,228121,234760,161028,1111444,317307,251024,-8388607,0,2665,2668,2661,756,2482,-10110976,1,1,14,1,287,0,0,0,1
443349849,525499,437891,217452,177636,238964,116652,175124,228935,172227,211000,210042,200317,223630,148098,200903,194305,134523,228147,234849,160884,1147253,324832,251041,-8388607,0,2661,2666,2664,753,2482,-10110976,1,1,14,1,287,0,0,0,1
443349850,537863,447832,217801,178430,238823,116409,174884,228785,172097,211354,210178,200382,223563,148273,200701,194154,134420,228087,235009,161058,1182945,332036,251053,-8388607,0,2663,2662,2666,754,2478,-10110976,1,1,14,1,287,0,0,0,1
443349851,549633,457869,217947,179610,238405,116037,174496,228523,172407,211455,210227,200824,223691,148168,200811,194053,134392,228190,234920,160995,1217887,338858,250964,-8388607,0,2661,2664,2662,758,2475,-10110976,1,1,14,1,287,0,0,0,1
443349852,560485,467030,218115,181582,237987,115585,174169,228324,172515,211511,210440,200980,223686,148119,200732,193944,134355,228033,234960,161095,1252423,345390,251035,-8388607,0,2661,2669,2666,755,2477,-10110976,1,1,14,1,287,0,0,0,1
443349853,570675,475074,219077,183551,237631,115228,174010,227995,172586,211750,210562,201150,223648,148179,201018,194008,134500,228105,234979,161039,1287002,351804,250972,-8388607,0,2665,2664,2667,750,2480,-10110976,1,1,14,1,287,0,0,0,1
443349854,580318,481991,219972,184799,237151,114774,173748,227732,172552,211580,210467,200830,223919,148509,201073,194213,134464,228053,235031,160949,1320915,357164,250967,-8388607,0,2668,2660,2664,754,2477,-10110976,1,1,14,1,287,0,0,0,1
443349855,588978,487761,220262,184986,236966,114750,173596,227743,172461,211361,210276,200745,223857,148356,201158,194236,134395,228025,234992,160908,1353788,362078,251005,-8388607,0,2663,2668,2659,753,2480,-10110976,1,1,14,1,287,0,0,0,1
443349856,597401,493399,220213,183973,236962,115023,173443,227701,172264,211377,210212,200775,223931,148463,201462,194388,134589,228333,234976,160994,1384447,367288,251058,-8388607,0,2662,2662,2663,752,2482,-10110976,1,1,14,1,287,0,0,0,1
443349857,605759,499271,219164,182041,236977,114876,173354,227567,172090,210898,209885,200516,224043,148533,201235,194625,134435,228154,234949,160885,1411948,371515,250936,-8388607,0,2663,2659,2659,757,2478,-10110976,1,1,14,1,287,0,0,0,1
443349858,614135,505552,217384,179773,237318,115244,173465,227738,171705,210585,209714,200510,224191,148766,201429,194652,134435,228108,234884,160846,1436750,375827,250915,-8388607,0,2661,2667,2664,758,2479,-10110976,1,1,14,1,287,0,0,0,1
443349859,622508,512666,215329,177886,237660,115647,173699,227810,171513,210433,209369,200077,224122,148838,201351,194557,134374,228076,234897,160851,1458833,379502,250942,-8388607,0,2658,2665,2663,751,2481,-10110976,1,1,14,1,287,0,0,0,1
443349860,631487,521292,213649,176896,238041,115968,174229,228241,171311,210464,209498,200227,224260,148684,201455,194675,134460,228345,235077,160961,1477732,382677,251105,-8388607,0,2665,2663,2662,754,2474,-10110976,1,1,14,1,287,0,0,0,1
443349861,640774,530937,212724,177334,238495,116200,174792,228496,171222,210373,209363,199799,224218,148594,201305,194365,134489,228029,234979,161158,1494623,385861,250955,-8388607,0,2664,2665,2659,758,2479,-10110976,1,1,14,1,287,0,0,0,1
443349862,650567,541907,213162,178663,239029,116409,175351,228988,171169,210364,209341,200002,224142,148797,201243,194468,134591,228017,235090,161073,1508172,388359,251018,-8388607,0,2655,2669,2666,755,2482,-10110976,1,1,14,1,287,0,0,0,1
443349863,661172,553590,214012,180822,239091,116429,175536,229043,171258,210444,209234,200024,223954,148412,200940,194244,134474,228316,235107,161213,1518811,390596,250965,-8388607,0,2665,2663,2668,754,2478,-10110976,1,1,14,1,287,0,0,0,1
443349864,672831,565817,215402,183145,239132,116729,175363,229245,171541,210488,209493,200063,223707,148085,200757,193882,134587,228408,234935,161098,1527671,392565,251023,-8388607,0,2666,2665,2666,758,2474,-10110976,1,1,14,1,287,0,0,0,1
443349865,685180,578303,217069,184931,238936,116551,175245,228949,171947,210676,209490,199979,223428,148135,200726,193812,134727,228240,234879,161010,1534374,394120,250973,-8388607,0,2661,2668,2666,756,2477,-10110976,1,1,14,1,287,0,0,0,1
443349866,697931,591027,219032,186678,238681,116513,174846,228810,172313,211179,210009,200524,223508,147919,200568,193896,134457,228154,234951,161021,1539944,396496,250967,-8388607,0,2660,2663,2666,751,2481,-10110976,1,1,14,1,287,0,0,0,1
443349867,710662,603448,220081,187622,238314,116283,174252,228666,172731,211584,210606,200790,223345,147843,200687,193740,134504,228089,235011,160947,1543483,397606,250893,-8388607,0,2663,2666,2662,756,2476,-10110976,1,1,14,1,287,0,0,0,1
443349868,722449,615436,220543,187760,237759,115896,173751,228099,172899,211754,210815,201154,223441,147730,200494,193764,134484,228085,234799,160934,1544801,398031,250925,-8388607,0,2661,2665,2659,755,2477,-10110976,1,1,14,1,287,0,0,0,1
443349869,732857,626676,220255,187482,237465,115424,173722,228087,173087,211764,210670,201271,223508,147765,200621,193770,134309,228036,234916,160625,1544821,398604,250935,-8388607,0,2664,2663,2666,754,2481,-10110976,1,1,14,1,287,0,0,0,1
443349870,741995,637137,219556,186954,237228,114976,173613,227730,173212,212252,210760,201309,223787,148132,200908,193939,134407,228014,234921,160949,1542699,397955,250848,-8388607,0,2665,2659,2664,755,2478,-10110976,1,1,14,1,287,0,0,0,1
443349871,749811,646404,218147,186398,237071,114595,173776,227660,172711,211829,210605,201295,223826,148473,200959,194208,134229,228006,234730,160991,1539395,397169,250731,-8388607,0,2659,2661,2663,758,2477,-10110976,1,1,14,1,287,0,0,0,1
443349872,757004,654708,216776,186060,237044,114474,173856,227415,172292,211509,210339,200938,224020,148551,201158,194360,134207,227813,234722,160806,1534241,395455,250894,-8388607,0,2657,2669,2666,755,2481,-10110976,1,1,14,1,287,0,0,0,1
443349873,763763,662594,216177,185673,237364,114460,173928,227425,172123,211199,210083,200726,224420,148828,201543,194729,134301,228070,234600,160788,1527443,393194,250881,-8388607,0,2661,2662,2664,755,2477,-10110976,1,1,14,1,287,0,0,0,1
443349874,770823,670262,215783,185373,237540,115039,173864,227606,171601,210647,209777,200532,224575,149078,201651,194710,134298,227963,234684,160751,1519547,391436,250812,-8388607,0,2665,2666,2661,760,2475,-10110976,1,1,14,1,287,0,0,0,1
443349875,779069,678574,216433,185125,237815,115810,174051,228082,171168,210443,209522,200072,224789,149307,201800,194927,134407,227993,234710,160951,1510217,389571,250837,-8388607,0,2664,2668,2662,754,2480,-10110976,1,1,14,1,287,0,0,0,1
443349876,787670,686822,216656,184951,238247,116402,174214,228421,171122,209951,209216,199564,224776,149221,201767,195230,134444,228043,234890,160933,1499208,387405,250737,-8388607,0,2662,2663,2667,750,2478,-10110976,1,1,14,1,287,0,0,0,1
443349877,796955,695632,216900,185071,238632,116826,174508,228801,170775,209907,209009,199428,224565,149260,201676,194971,134610,228115,235114,161091,1486791,385687,250763,-8388607,0,2664,2662,2661,755,2475,-10110976,1,1,14,1,287,0,0,0,1
443349878,806181,704927,217379,185349,238807,117081,174988,229291,170643,210030,208826,199574,224222,148835,201377,194624,134887,228096,235099,161053,1471741,383642,250769,-8388607,0,2661,2666,2659,754,2479,-10110976,1,1,14,1,287,0,0,0,1
443349879,814202,713891,218257,186683,238920,116821,175294,229067,170801,210043,208984,199681,224124,148506,200979,194401,134647,228546,235390,161376,1454584,381589,250731,-8388607,0,2661,2664,2665,751,2482,-10110976,1,1,14,1,287,0,0,0,1
443349880,821000,722223,219298,188392,238829,116351,175215,228921,171091,210541,209191,200163,223621,148190,200757,193968,134752,228464,235334,161211,1434328,378359,250770,-8388607,0,2668,2661,2661,755,2478,-10110976,1,1,14,1,287,0,0,0,1
443349881,826484,729432,220850,190327,238642,116168,175182,228784,171765,210852,209593,200389,223433,147894,200450,193582,135001,228534,235508,161307,1409177,374060,250759,-8388607,0,2661,2667,2659,758,2478,-10110976,1,1,14,1,287,0,0,0,1
443349882,830452,735099,221999,192537,238526,115707,174910,228460,172224,211396,210074,200652,223246,147480,200149,193489,134925,228627,235219,161290,1380129,369058,250749,-8388607,0,2659,2663,2664,753,2483,-10110976,1,1,14,1,287,0,0,0,1
443349883,832609,739519,222951,193945,238176,115485,174274,228036,172878,211675,210470,200893,222903,147072,200005,193324,134859,228249,235070,161220,1349392,363411,250763,-8388607,0,2661,2660,2670,756,2478,-10110976,1,1,14,1,287,0,0,0,1
443349884,833890,742479,223771,194047,237676,115351,173844,227846,173203,211877,210869,201084,222784,147202,200328,193404,134673,228307,234951,160991,1318203,357775,250806,-8388607,0,2664,2665,2663,758,2475,-10110976,1,1,14,1,287,0,0,0,1
443349885,834284,744507,223307,193285,237146,115072,173344,227664,173278,212032,210810,201190,223059,147368,200499,193557,134474,228133,234628,160819,1285495,351702,250704,-8388607,0,2661,2664,2662,756,2482,-10110976,1,1,14,1,287,0,0,0,1
443349886,834289,745861,221740,192180,237044,114965,173024,227678,173301,211818,210597,200993,223242,147783,200546,193777,134074,227801,234457,160553,1251401,345484,250599,-8388607,0,2665,2663,2670,751,2477,-10110976,1,1,14,1,287,0,0,0,1
443349887,833915,747246,220427,190626,236974,115050,173304,227591,172765,211728,210398,200860,223644,148162,200822,194190,133856,227685,234368,160642,1216745,339385,250710,-8388607,0,2661,2666,2662,755,2475,-10110976,1,1,14,1,287,0,0,0,1
443349888,833005,748784,219593,189300,237170,115065,173615,227923,172416,211206,210145,200875,224370,148867,201567,194482,134005,227657,234442,160743,1180608,333031,250703,-8388607,0,2661,2668,2661,752,2485,-10110976,1,1,14,1,287,0,0,0,1
443349889,831649,750549,219046,188881,237744,115237,174173,228093,171636,211022,209832,200453,224841,149148,201700,194674,133988,227584,234347,160749,1142724,326371,250717,-8388607,0,2659,2667,2665,753,2477,-10110976,1,1,14,1,287,0,0,0,1
443349890,830111,752141,219007,189511,238284,115443,174600,228265,171194,210607,209426,200225,225041,149542,202037,195121,133873,227639,234485,160538,1103803,319531,250658,-8388607,0,2668,2663,2662,754,2477,-10110976,1,1,14,1,287,0,0,0,1
443349891,828730,754220,220004,191227,238709,115876,175145,228611,170937,210180,209159,199884,225148,149618,201983,195056,133829,227414,234330,160730,1064458,312680,250670,-8388607,0,2663,2666,2659,760,2480,-10110976,1,1,14,1,287,0,0,0,1
443349892,827230,756430,221631,193278,239146,116526,175357,229089,170784,210115,208919,199668,225079,149697,201913,195199,134031,227859,234574,160868,1024389,305851,250714,-8388607,0,2664,2666,2665,754,2484,-10110976,1,1,14,1,287,0,0,0,1
443349893,825893,759051,223146,195427,239290,116931,175285,229149,170977,210148,209211,199601,224866,149582,201717,195091,134287,227880,234799,160958,983542,298976,250697,-8388607,0,2663,2659,2664,755,2478,-10110976,1,1,14,1,287,0,0,0,1
443349894,824734,761697,224906,197181,239089,117035,174925,229064,171332,210225,209179,199656,224280,148974,201489,194876,134518,228181,235015,161205,942650,292251,250694,-8388607,0,2659,2665,2664,758,2477,-10110976,1,1,14,1,287,0,1,0,37
443349895,823388,763873,226087,198189,238767,116917,174685,228811,171535,210489,209556,199832,223903,148489,201113,194257,134969,228506,235292,161252,902124,285527,250586,-8388607,0,2661,2668,2665,753,2482,-10110976,1,1,14,1,287,0,1,0,37
443349896,821870,765611,226307,198818,238413,116490,174377,228724,172179,210827,210068,200355,223257,147922,200720,193987,135267,228675,235565,161215,861547,278951,250517,-8388607,0,2667,2662,2668,751,2479,-10110976,1,1,14,1,287,0,1,0,37
443349897,819269,766982,226358,199153,238093,116134,174359,228399,172324,211453,210287,200726,223018,147194,200358,193560,135381,228633,235683,161374,821042,272085,250605,-8388607,0,2665,2665,2661,758,2475,-10110976,1,1,14,1,287,0,1,0,37
443349898,815805,767490,226181,198718,237563,115368,174092,227948,172791,211920,210297,201027,222507,147086,200276,193217,135307,228854,235709,161397,780753,264986,250566,-8388607,0,2661,2667,2663,753,2481,-10110976,1,1,14,1,287,0,1,0,37
443349899,811717,767462,225830,198027,237277,114760,173893,227669,173026,212162,210459,201360,222674,146865,199929,193176,135330,228819,235496,161249,740975,257450,250516,-8388607,0,2659,2666,2666,751,2482,-10110976,1,1,14,1,287,0,1,0,37
443349900,807579,767099,225169,197639,237197,114519,173726,227620,173069,212227,210268,201371,222912,147137,200032,193223,135111,228606,235184,161189,701529,250162,250627,-8388607,0,2663,2666,2663,756,2478,-10110976,1,1,14,1,287,0,1,0,37
443349901,804209,766842,224692,197008,237179,114515,173483,227494,172996,212054,210431,201282,223143,147483,200261,193500,134675,228207,234859,161036,663590,243390,250494,-8388607,0,2664,2668,2660,756,2479,-10110976,1,1,14,1,287,0,1,0,37
443349902,801848,767296,224483,196550,237236,114733,173455,227522,172614,211809,210294,200858,223448,147823,200862,193865,134261,227899,234694,160741,626696,236817,250492,-8388607,0,2663,2663,2665,751,2481,-10110976,1,1,14,1,287,0,1,0,37
443349903,800511,768717,224806,196452,237335,115496,173554,227699,172109,210927,209993,200782,224085,148620,201200,194357,133971,227740,234520,160746,590531,230645,250604,-8388607,0,2666,2663,2662,756,2477,-10110976,1,1,14,1,287,0,1,0,37
443349904,800597,771131,225680,196435,237783,115711,173884,228057,171697,210552,209963,200328,224532,149292,201655,194853,133708,227396,234242,160584,555631,224882,250598,-8388607,0,2659,2667,2662,760,2479,-10110976,1,1,14,1,287,0,1,0,37
443349905,801849,773919,226773,197244,238121,116072,174431,228577,171354,210132,209569,200121,224792,149694,201788,195166,133578,227305,234239,160464,522506,219633,250529,-8388607,0,2659,2662,2666,753,2484,-10110976,1,1,14,1,287,0,1,0,37
443349906,803813,776968,227944,198660,238404,116410,174806,228998,170981,209940,209302,199839,225227,149892,201900,195194,133437,227340,234202,160328,490025,214836,250560,-8388607,0,2667,2664,2666,756,2477,-10110976,1,1,14,1,287,0,1,0,37
443349907,806037,779944,228947,200338,238768,116595,175112,229174,170877,209797,209066,199595,225240,149986,201979,195537,133726,227386,234288,160601,459078,209961,250630,-8388607,0,2665,2669,2664,760,2477,-10110976,1,1,14,1,287,0,1,0,37
443349908,808082,782728,230318,201957,239040,116762,175284,228974,170910,210235,208917,199869,225287,149785,201836,195231,133835,227473,234533,160697,428574,205393,250545,-8388607,0,2659,2668,2665,753,2479,-10110976,1,1,14,1,287,0,1,0,37
443349909,810062,785127,231747,203230,238966,116552,175312,228835,171217,210551,209272,200228,224902,149185,201507,194923,134071,227990,234790,160937,398525,200435,250553,-8388607,0,2661,2662,2664,752,2478,-10110976,1,1,14,1,287,0,1,0,37
443349910,812385,786345,232846,204340,238729,116155,175041,228552,171462,210926,209704,200434,224436,148665,201253,194312,134601,228199,235133,161194,370072,195611,250468,-8388607,0,2664,2661,2662,755,2475,-10110976,1,1,14,1,287,0,1,0,37
443349911,814998,786282,233376,204985,238525,116013,174350,228502,172013,211296,209885,200502,223573,147834,200814,193905,135001,228542,235491,161338,342969,191198,250576,-8388607,0,2661,2666,2658,754,2480,-10110976,1,1,14,1,287,0,1,0,37
443349912,817346,785515,233279,204762,237928,115810,174222,228307,172362,211457,210369,200941,222972,147461,200568,193516,135075,228700,235499,161459,316092,186459,250623,-8388607,0,2672,2663,2667,751,2477,-10110976,1,1,14,1,287,0,1,0,37
443349913,819423,784350,233214,204043,237518,115599,173810,227977,172845,211745,210667,200915,222543,146824,200149,193356,135412,228909,235604,161545,289807,182106,250597,-8388607,0,2665,2661,2662,755,2478,-10110976,1,1,14,1,287,0,1,0,37
443349914,821663,782727,232826,202745,237222,115176,173472,227895,173156,211712,210658,201012,222352,146921,200029,193145,135505,228842,235525,161385,264407,177577,250522,-8388607,0,2661,2665,2658,756,2479,-10110976,1,1,14,1,287,0,1,0,37
443349915,824001,781273,232537,202109,236965,114948,173422,227828,173088,211940,210644,201098,222390,146897,199929,193236,135535,228850,235504,161493,239925,173356,250538,-8388607,0,2659,2666,2664,750,2484,-10110976,1,1,14,1,287,0,1,0,37
443349916,826480,779475,232394,202033,237076,114911,173379,227831,172955,211626,210507,200850,222682,147096,200123,193413,135078,228757,235413,161412,216238,169154,250463,-8388607,0,2666,2663,2664,756,2483,-10110976,1,1,14,1,287,0,1,0,37
443349917,829525,778363,232793,202604,237416,114924,173719,227849,172442,211449,210322,200790,223258,147696,200577,193781,134882,228341,235239,161215,193177,165434,250593,-8388607,0,2662,2665,2661,754,2479,-10110976,1,1,14,1,287,0,1,0,37
443349918,832654,778208,233765,204078,237712,115139,174108,227976,172077,211128,209732,200707,223919,148325,200985,194157,134604,228110,235041,161042,170693,161720,250632,-8388607,0,2661,2664,2665,754,2482,-10110976,1,1,14,1,287,0,1,0,37
443349919,835594,778039,235169,205427,238270,115606,174387,228047,171323,210748,209472,200590,224418,148972,201364,194445,134184,228040,234733,160839,148864,158062,250498,-8388607,0,2662,2661,2667,754,2478,-10110976,1,1,14,1,287,0,1,0,37
443349920,839185,778395,236660,207106,238377,115945,174546,228425,170773,210365,209149,200098,224920,149489,201859,195092,133771,227552,234644,160691,128072,155175,250547,-8388607,0,2659,2666,2664,760,2475,-10110976,1,1,14,1,287,0,1,0,37
443349921,842712,778453,238140,208362,238610,116333,174670,228622,170730,210045,208963,199704,225221,149874,201900,195205,133531,227400,234355,160423,107980,152328,250476,-8388607,0,2661,2668,2665,754,2482,-10110976,1,1,14,1,287,0,1,0,37
443349922,845472,778477,239493,209432,238739,116498,174865,228869,170961,209827,209219,199786,225377,149994,202030,195463,133721,227335,234443,160347,88870,149571,250372,-8388607,0,2665,2664,2664,751,2477,-10110976,1,1,14,1,287,0,1,0,37
443349923,847298,778070,240758,210133,238660,116621,174790,228808,171039,209996,209148,199726,224923,149808,201941,195319,133612,227601,234264,160424,70820,146976,250450,-8388607,0,2668,2666,2661,757,2474,-10110976,1,1,14,1,287,0,1,0,37
443349924,848044,777387,241713,210554,238610,116564,174692,228749,171477,210434,209393,199829,224818,149506,201661,195215,133922,227697,234432,160679,53939,144205,250450,-8388607,0,2662,2668,2659,755,2480,-10110976,1,1,14,1,287,0,1,0,37
443349925,847733,776251,241837,210659,238392,116187,174576,228725,171889,210936,209954,200253,224353,149072,201408,194891,134156,227786,234645,160753,38673,141630,250565,-8388607,0,2658,2665,2666,753,2484,-10110976,1,1,14,1,287,0,0,0,1
443349926,846311,775028,241576,210560,238083,115991,174618,228423,172121,211226,210002,200638,223700,148407,200826,194257,134466,228133,234858,160942,25231,139005,250533,-8388607,0,2662,2661,2666,757,2477,-10110976,1,1,14,1,287,0,0,0,1
443349927,844317,773758,241221,210185,237853,115524,174345,227958,172413,211610,210337,201013,223034,147822,200492,193683,134719,228350,235126,161147,13285,136991,250457,-8388607,0,2663,2667,2661,753,2480,-10110976,1,1,14,1,287,0,0,0,1
443349928,841945,772516,240929,209595,237672,115515,174106,227882,172567,211988,210471,200969,222939,146997,200123,193219,135122,228663,235302,161295,3758,135442,250505,-8388607,0,2662,2664,2665,751,2484,-10110976,1,1,14,1,287,0,0,0,1
443349929,839816,771633,240906,209299,237535,115200,173793,227792,172941,211983,210616,201158,222616,146846,199963,193098,135292,228688,235482,161464,-3981,133830,250594,-8388607,0,2666,2659,2666,756,2477,-10110976,1,1,14,1,287,0,0,0,1
443349930,837895,771455,241337,209163,237487,115103,173610,227644,173072,211995,210507,201382,222335,146626,199895,192863,135322,228677,235497,161463,-9641,132767,250578,-8388607,0,2659,2665,2661,758,2473,-10110976,1,1,14,1,287,0,0,0,1
443349931,836192,771927,242200,209356,237272,115126,173551,227709,172721,211542,210416,201042,222757,147070,200034,193089,135207,228663,235483,161284,-12140,132332,250456,-8388607,0,2657,2666,2662,754,2482,-10110976,1,1,14,1,287,0,0,0,1
443349932,834797,772765,243581,210197,237479,115226,173662,227884,172603,211252,210226,200698,223012,147372,200277,193638,135030,228511,235122,161290,-12607,132425,250589,-8388607,0,2661,2664,2666,754,2478,-10110976,1,1,14,1,287,0,0,0,1
443349933,833580,774535,244947,211400,237733,115603,174101,228366,172154,210964,210138,200570,223436,148087,200692,194198,134901,228325,235014,161021,-12601,132661,250510,-8388607,0,2665,2664,2662,758,2475,-10110976,1,1,14,1,287,0,0,0,1
443349934,832120,776569,246123,212606,237906,115864,174358,228478,171752,210600,209553,200020,223875,148653,201136,194551,134371,228071,234718,160689,-12579,132774,250387,-8388607,0,2663,2666,2662,755,2480,-10110976,1,1,14,1,287,0,0,0,1
443349935,830204,778803,247002,213782,238335,115962,174609,228561,171308,210229,209279,199781,224493,149197,201787,195007,134122,227853,234757,160773,-12553,133006,250366,-8388607,0,2661,2662,2666,751,2479,-10110976,1,1,14,1,287,0,0,0,1
443349936,827985,780727,247739,214641,238584,116088,174790,228763,170944,210167,208830,199655,225064,149805,202025,195374,133818,227784,234630,160671,-12608,132782,250569,-8388607,0,2665,2662,2662,755,2473,-10110976,1,1,14,1,287,0,0,0,1
443349937,825782,781912,248193,215103,238824,116458,174719,228431,170642,210085,208744,199722,225475,150050,202073,195407,133751,227650,234425,160672,-12284,132905,250578,-8388607,0,2663,2668,2659,757,2479,-10110976,1,1,14,1,287,0,0,0,1
443349938,823463,782697,248295,215449,238872,116470,174880,228393,170748,210087,208933,199949,225528,149831,202271,195487,133667,227686,234489,160555,-12255,132824,250457,-8388607,0,2663,2663,2666,752,2484,-10110976,1,1,14,1,287,0,0,0,1
443349939,820995,782982,248598,215147,238538,116296,174519,228368,171044,210493,209321,199979,225201,149324,201744,194967,133812,227759,234584,160685,-12547,132252,250573,-8388607,0,2668,2659,2664,756,2478,-10110976,1,1,14,1,287,0,0,0,1
443349940,818334,783081,248596,214692,238173,116294,174313,228461,171743,210798,209853,200283,224936,149059,201557,194847,134101,227915,234782,160770,-12619,132061,250514,-8388607,0,2661,2665,2662,759,2478,-10110976,1,1,14,1,287,0,0,0,1
443349941,815862,783193,248464,214238,237857,115995,174210,228133,172001,210955,210011,200440,224211,148716,201254,194191,134310,228108,234858,160951,-12891,131809,250419,-8388607,0,2657,2664,2664,754,2482,-10110976,1,1,14,1,287,0,0,0,1
443349942,813705,783713,248081,214152,237646,115553,174032,227875,172477,211233,210229,200643,223491,148000,200676,193810,134689,228182,234974,160995,-12975,131457,250457,-8388607,0,2663,2664,2665,756,2478,-10110976,1,1,14,1,287,0,0,0,1
443349943,812239,784391,247858,214308,237438,115283,173865,227830,172769,211711,210534,200701,222918,147337,200261,193516,135031,228509,235284,161204,-13024,131215,250581,-8388607,0,2667,2665,2661,758,2473,-10110976,1,1,14,1,287,0,0,0,1
443349944,811780,785768,248010,214861,237289,115057,173698,227693,173048,212026,210528,200913,222569,146918,200098,193234,135212,228422,235326,161232,-13027,131196,250504,-8388607,0,2661,2667,2664,754,2482,-10110976,1,1,14,1,287,0,0,0,1
443349945,811897,787276,248396,215900,237325,114880,173758,227709,173042,211910,210544,200975,222340,146745,199926,193095,135197,228652,235316,161353,-12991,131536,250473,-8388607,0,2663,2663,2670,753,2477,-10110976,1,1,14,1,287,0,0,0,1
443349946,812939,789145,249318,217103,237747,115113,174067,227847,172813,211838,210433,200947,222369,146779,200095,193150,135255,228566,235267,161156,-12564,131612,250541,-8388607,0,2666,2667,2661,755,2475,-10110976,1,1,14,1,287,0,0,0,1
443349947,814748,790909,250477,218551,237971,115415,174191,227963,172410,211612,210137,201008,222898,147034,200451,193387,134939,228483,235123,161215,-12454,131740,250522,-8388607,0,2657,2668,2666,755,2480,-10110976,1,1,14,1,287,0,0,0,1
443349948,816672,792429,251718,219897,238065,115787,174342,228548,171980,211307,209902,200767,223347,147843,200614,193479,134874,228440,234739,161080,-12326,131976,250613,-8388607,0,2664,2663,2666,751,2481,-10110976,1,1,14,1,287,0,0,0,1
443349949,818898,793457,252970,220884,238408,116136,174639,228705,171754,210796,209730,200456,224037,148363,201010,194136,134538,228224,234725,160919,-12106,132267,250555,-8388607,0,2668,2663,2664,755,2477,-10110976,1,1,14,1,287,0,0,0,1
443349950,821332,793740,253987,221572,238562,116541,174815,228873,171376,210401,209319,200085,224512,148981,201319,194366,134261,228078,234880,160779,-12054,132365,250543,-8388607,0,2663,2667,2659,754,2479,-10110976,1,1,14,1,287,0,0,0,1
443349951,823465,793566,254415,222077,238558,116643,174764,228823,171187,209982,209176,199675,224920,149538,201857,195174,134014,227653,234586,160615,-12092,132147,250475,-8388607,0,2661,2664,2664,754,2482,-10110976,1,1,14,1,287,0,0,0,1
443349952,825490,793120,254596,222489,238724,116632,174936,229057,171197,210170,209332,199594,225042,149871,202023,195507,133889,227604,234592,160655,-12035,132083,250465,-8388607,0,2663,2659,2664,756,2478,-10110976,1,1,14,1,287,0,0,0,1
443349953,827315,792543,254711,222426,238444,116504,174579,228728,171164,210117,209236,199695,225116,150123,201995,195637,134053,227587,234448,160505,-12011,132168,250529,-8388607,0,2666,2668,2661,758,2478,-10110976,1,1,14,1,287,0,0,0,1
443349954,829090,791610,254689,222111,238334,116059,174606,228411,171348,210269,209377,199904,225026,149781,201770,195164,133730,227629,234461,160639,-12385,131775,250406,-8388607,0,2659,2665,2666,752,2481,-10110976,1,1,14,1,287,0,0,0,1
443349955,831098,790795,254831,221842,238248,115963,174366,228041,171739,210701,209891,200374,224785,149780,201736,195397,134038,227745,234765,160883,-12571,131583,250557,-8388607,0,2664,2661,2666,754,2478,-10110976,1,1,14,1,287,0,0,0,1
443349956,833351,790000,254962,221810,237711,115439,174273,227886,171799,211023,209882,200591,224412,148769,201412,194771,134290,228024,234730,160849,-12294,131652,250447,-8388607,0,2664,2663,2663,758,2475,-10110976,1,1,14,1,287,0,0,0,1
443349957,835803,789465,255674,222087,237509,115209,173979,227930,172288,211320,210280,200943,223870,148252,201058,194330,134679,228183,234894,161141,-12371,131585,250498,-8388607,0,2657,2666,2662,754,2479,-10110976,1,1,14,1,287,0,0,0,1
443349958,838440,789518,256768,222686,237202,115088,173731,227799,172656,211778,210605,201123,223462,147759,200657,193806,134630,228440,234979,161226,-12361,131587,250506,-8388607,0,2661,2664,2664,751,2479,-10110976,1,1,14,1,287,0,0,0,1
443349959,841236,789851,258058,223641,237166,115048,173683,227735,172797,211830,210597,201056,223074,147447,200370,193334,134913,228580,235165,161181,-12265,131590,250433,-8388607,0,2668,2666,2664,757,2478,-10110976,1,1,14,1,287,0,0,0,1
443349960,843954,790646,259476,224922,237305,115209,173756,227889,172958,211777,210571,201154,222773,147186,200115,193289,135269,228589,235413,161316,-12279,131599,250424,-8388607,0,2661,2665,2658,755,2477,-10110976,1,1,14,1,287,0,0,0,1
443349961,846794,791513,260721,226036,237720,115498,173998,228183,173042,211671,210493,200888,222627,147115,200080,193341,135362,228709,235370,161234,-12143,132003,250434,-8388607,0,2661,2666,2664,751,2482,-10110976,1,1,14,1,287,0,0,0,1
443349962,849239,792162,261767,227040,238131,115683,174273,228444,172626,211466,210396,200714,222702,147377,200086,193398,135245,228609,235272,161373,-11820,132306,250406,-8388607,0,2664,2659,2664,756,2476,-10110976,1,1,14,1,287,0,0,0,1
443349963,850991,792873,262335,227672,238495,116112,174645,228665,172307,211007,209980,200628,222956,147640,200394,193898,135072,228440,235284,161163,-11720,132522,250548,-8388607,0,2661,2667,2661,759,2474,-10110976,1,1,14,1,287,0,0,0,1
443349964,851861,793089,262937,227991,238784,116220,174994,228894,171812,210695,209787,200145,223564,148397,200896,194250,134633,228237,235155,161068,-11696,132669,250358,-8388607,0,2661,2666,2664,755,2481,-10110976,1,1,14,1,287,0,0,0,1
443349965,852136,792755,263452,228102,238920,116435,175093,228847,171324,210464,209320,200060,224005,148740,201284,194346,134303,228071,234887,161021,-11743,132584,250383,-8388607,0,2665,2663,2667,754,2477,-10110976,1,1,14,1,287,0,0,0,1
443349966,851710,792030,263760,227973,238978,116596,174886,228783,170977,210330,209264,200024,224482,149091,201570,194826,134058,227859,234646,160904,-11823,132433,250380,-8388607,0,2664,2665,2663,758,2483,-10110976,1,1,14,1,287,0,0,0,1
443349967,850957,790966,263851,228075,238834,116535,174726,228727,170976,210320,209490,200184,225026,149607,202038,195016,133997,228027,234519,160866,-11809,132225,250325,-8388607,0,2659,2668,2663,752,2481,-10110976,1,1,14,1,287,0,0,0,1
443349968,849522,789927,264033,227952,238331,116286,174556,228406,171051,210409,209308,199833,225063,149644,201893,195121,133772,227764,234436,160539,-12134,131734,250344,-8388607,0,2664,2664,2668,751,2477,-10110976,1,1,14,1,287,0,0,0,1
443349969,847593,789379,264165,227997,238119,116022,174272,228233,171384,210588,209577,200087,225276,149628,201962,195109,133975,227736,234614,160677,-12010,131416,250410,-8388607,0,2665,2664,2662,758,2475,-10110976,1,1,14,1,287,0,0,0,1
443349970,845588,789044,264103,228229,237739,115645,174059,227938,171477,210736,209663,200147,224669,149521,201758,195088,133913,227676,234566,160567,-12162,131433,250357,-8388607,0,2663,2671,2666,756,2480,-10110976,1,1,14,1,287,0,0,0,1
443349971,843479,789268,264219,228706,237258,115372,173777,227737,171998,210987,209614,200529,224419,149069,201438,194871,134169,227757,234759,160728,-12236,131411,250336,-8388607,0,2665,2664,2664,751,2482,-10110976,1,1,14,1,287,0,0,0,1
443349972,841398,789488,264548,229370,237200,114880,173507,227602,172293,211144,209954,200399,224052,148592,200840,194552,134405,228009,234841,160756,-12203,131549,250350,-8388607,0,2666,2659,2662,757,2477,-10110976,1,1,14,1,287,0,0,0,1
443349973,839448,789964,265015,230204,237130,114839,173437,227313,172280,211390,210278,200778,223444,147995,200771,194182,134665,228105,235127,160970,-12023,131645,250311,-8388607,0,2661,2666,2660,760,2479,-10110976,1,1,14,1,287,0,0,0,1
443349974,837194,790453,265595,231297,237171,114946,173631,227551,172723,211602,210252,201153,223300,147631,200489,193934,134893,228594,235054,161145,-11785,131815,250290,-8388607,0,2659,2668,2666,753,2484,-10110976,1,1,14,1,287,0,0,0,1
443349975,834547,790855,266352,232217,237490,115046,173965,227753,172643,211541,210261,200906,222755,147160,200181,193369,134840,228504,235069,161236,-11838,131697,250404,-8388607,0,2667,2663,2664,755,2478,-10110976,1,1,14,1,287,0,0,0,1
443349976,831899,791120,267136,233143,237920,115418,174317,228263,172450,211511,210196,200979,222817,147049,200264,193441,134996,228651,235368,161263,-11663,131901,250319,-8388607,0,2664,2665,2662,759,2480,-10110976,1,1,14,1,287,0,0,0,1
443349977,828969,790737,267312,233844,238145,115924,174626,228557,172145,211195,210034,200844,222741,147193,200189,193461,134979,228657,235290,161248,-11749,131778,250335,-8388607,0,2658,2665,2665,754,2482,-10110976,1,1,14,1,287,0,0,0,1
443349978,826064,790186,267216,234084,238807,116203,174658,228920,171975,211129,209791,200486,222928,147424,200383,193484,134871,228533,235264,161266,-11942,131356,250384,-8388607,0,2661,2663,2668,754,2478,-10110976,1,1,14,1,287,0,0,0,1
443349979,823095,789158,267088,234049,238964,116610,174777,228797,171912,210782,209561,200226,223479,148036,200450,193896,134593,228253,235147,161065,-11986,131487,250218,-8388607,0,2664,2663,2666,761,2474,-10110976,1,1,14,1,287,0,0,0,1
443349980,820160,788601,266718,233897,238851,116679,174987,228856,171665,210670,209529,200131,223843,148317,200812,194225,134498,228145,234916,161017,-11821,131212,250268,-8388607,0,2661,2668,2666,755,2479,-10110976,1,1,14,1,287,0,0,0,1
443349981,817457,787812,266404,233875,238965,116629,174903,228873,171336,210585,209451,200030,224182,148883,201308,194484,134303,228103,234689,160893,-12123,130919,250239,-8388607,0,2666,2666,2665,750,2478,-10110976,1,1,14,1,287,0,0,0,1
443349982,815475,787214,266337,233995,238653,116593,174670,228776,171328,210457,209403,200272,224336,149040,201524,194992,134053,227843,234503,160798,-12085,130754,250387,-8388607,0,2661,2668,2662,756,2478,-10110976,1,1,14,1,287,0,0,0,1
443349983,813964,786710,266638,234193,238330,116337,174820,228618,171442,210560,209642,200064,224558,149231,201678,195042,133913,227765,234424,160719,-12135,130699,250362,-8388607,0,2660,2666,2662,756,2479,-10110976,1,1,14,1,287,0,0,0,1
443349984,813098,786401,267106,234877,238092,115889,174438,228253,171412,210836,209607,200094,224700,149338,201717,195071,133791,227737,234535,160666,-12219,130627,250255,-8388607,0,2661,2665,2663,751,2488,-10110976,1,1,14,1,287,0,0,0,1
443349985,812619,786276,267928,235428,237663,115408,174258,227919,171680,210961,209754,200189,224686,149218,201789,195034,133810,227642,234306,160817,-12236,130642,250319,-8388607,0,2668,2662,2664,756,2479,-10110976,1,1,14,1,287,0,0,0,1
443349986,812794,786662,268897,236472,237412,115069,173770,227532,172040,211081,209508,200483,224597,148997,201571,194534,133952,227570,234674,160766,-12299,130621,250188,-8388607,0,2663,2666,2664,758,2479,-10110976,1,1,14,1,287,0,0,0,1
443349987,813559,787120,270063,237718,237213,114925,173662,227562,172323,211336,209912,200746,224509,148871,201290,194377,134318,228016,234757,160962,-11996,130838,250299,-8388607,0,2661,2664,2665,754,2484,-10110976,1,1,14,1,287,0,0,0,1
443349988,814529,787524,271051,238702,237185,114947,173669,227448,172504,211366,210201,200746,224046,148431,200916,194106,134490,228148,234776,160852,-11868,131220,250150,-8388607,0,2663,2663,2668,755,2479,-10110976,1,1,14,1,287,0,0,0,1
443349989,815869,788143,271953,239684,237315,115281,173814,227728,172574,211453,210453,200940,223723,148071,200691,193916,134656,228186,235106,160957,-11761,131230,250160,-8388607,0,2664,2666,2661,758,2478,-10110976,1,1,14,1,287,0,0,0,1
443349990,817102,788123,272858,240233,237566,115311,173972,228096,172588,211255,210292,200846,223298,147973,200293,193763,134842,228409,235094,160967,-11645,131483,250163,-8388607,0,2659,2669,2662,755,2481,-10110976,1,1,14,1,287,0,0,0,1
443349991,818143,787964,273183,240551,237982,115601,174137,228416,172546,211251,210404,200847,223289,147625,200533,193795,135188,228728,235281,161160,-11550,131414,250181,-8388607,0,2665,2662,2666,754,2478,-10110976,1,1,14,1,287,0,0,0,1
443349992,818872,787503,273517,240519,238117,115948,174359,228536,172091,210916,210259,200410,222933,147453,200384,193666,134771,228530,235111,161223,-11834,131077,250113,-8388607,0,2665,2664,2662,756,2474,-10110976,1,1,14,1,287,0,0,0,1
443349993,819763,786610,274050,240744,238446,116100,174543,228569,172094,210970,209949,200571,222993,147583,200393,193562,134877,228578,235219,161163,-11678,131215,250135,-8388607,0,2661,2666,2662,754,2479,-10110976,1,1,14,1,287,0,0,0,1
443349994,820535,785688,274386,240952,238648,116374,174673,228767,171785,211061,209521,200430,223394,147608,200474,193661,134777,228425,235339,161104,-11998,130916,250308,-8388607,0,2659,2666,2667,749,2479,-10110976,1,1,14,1,287,0,0,0,1
443349995,821500,784943,274737,241109,238762,116418,174768,228706,171547,210836,209628,200300,223575,148108,200972,194070,134638,228335,235147,161094,-12199,130670,250073,-8388607,0,2663,2662,2659,756,2476,-10110976,1,1,14,1,287,0,0,0,1
443349996,822468,784405,275474,241386,238844,116299,174807,228690,171569,210758,209383,200113,224034,148486,201205,194461,134539,228209,234948,161109,-12029,130613,250128,-8388607,0,2662,2665,2659,753,2479,-10110976,1,1,14,1,287,0,0,0,1
443349997,823870,784066,275975,241823,238455,116379,174766,228583,171406,210835,209397,200069,224312,148796,201187,194603,134374,228003,234922,160908,-11964,130876,250165,-8388607,0,2662,2665,2662,756,2484,-10110976,1,1,14,1,287,0,0,0,1
443349998,825352,784035,276467,242458,238317,116214,174599,228502,171455,210645,209621,199983,224472,149117,201398,194663,134097,227816,234763,160761,-12026,130839,250113,-8388607,0,2666,2666,2661,755,2478,-10110976,1,1,14,1,287,0,0,0,1
443349999,826711,784011,277356,243037,238052,115955,174466,228332,171699,210707,209644,200088,224713,149291,201487,194822,134058,227840,234617,160580,-11878,131047,250228,-8388607,0,2661,2665,2662,759,2478,-10110976,1,1,14,1,287,0,0,0,1
443350000,828027,783889,278463,243930,237950,115570,174262,228383,171832,210751,210064,200343,224588,149313,201592,194934,134050,227612,234656,160698,-11533,131219,249974,-8388607,0,2657,2670,2661,754,2482,-10110976,1,1,14,1,287,0,0,0,1
443350001,829074,783829,279606,244955,237583,115503,174295,227883,171883,210723,209849,200461,224709,149424,201440,195160,133726,227483,234706,160841,-11384,131597,250216,-8388607,0,2665,2663,2668,755,2477,-10110976,1,1,14,1,287,0,0,0,1
443350002,829812,783337,280642,245664,237453,115268,173839,227820,172185,211240,210266,200701,224246,148971,201593,194840,133992,227714,234507,160792,-11350,131413,250126,-8388607,0,2665,2672,2664,758,2475,-10110976,1,1,14,1,287,0,0,0,1
443350003,829883,782678,281533,246445,237380,115171,173829,227920,172270,211250,210149,200962,224118,148652,201263,194287,134250,227834,234821,160790,-11305,131481,250108,-8388607,0,2659,2666,2661,754,2480,-10110976,1,1,14,1,287,0,0,0,1
443350004,829684,782026,282081,246894,237433,115314,173717,227884,172353,211563,210186,201009,223985,148312,200943,194169,134471,228093,234928,161013,-11406,131318,250266,-8388607,0,2668,2666,2663,748,2477,-10110976,1,1,14,1,287,0,0,0,1
443350005,828821,781405,282246,246927,237549,115353,173913,227992,172471,211616,210353,201139,223524,148131,200933,194144,134564,228182,235116,161152,-11360,131257,250233,-8388607,0,2662,2666,2659,757,2476,-10110976,1,1,14,1,287,0,0,0,1
443350006,827490,780349,282220,246926,237760,115448,174146,228040,172305,211471,210246,200909,223205,147768,200646,193846,134718,228384,235090,161039,-11270,131258,250170,-8388607,0,2661,2666,2658,754,2479,-10110976,1,1,14,1,287,0,0,0,1
443350007,825801,779376,282136,246642,238035,115566,174388,228265,172292,211257,210144,200795,223212,147572,200576,193673,134817,228394,235123,161017,-11317,131024,250064,-8388607,0,2665,2662,2666,751,2482,-10110976,1,1,14,1,287,0,0,0,1
443350008,823759,778412,282070,246759,238114,115590,174343,228351,172092,211065,209906,200514,223369,147634,200659,193698,134923,228622,235148,161021,-11400,130989,250067,-8388607,0,2668,2663,2666,757,2477,-10110976,1,1,14,1,287,0,0,0,1
443350009,821189,777448,282288,247063,238183,115796,174491,228453,171937,210918,209851,200438,223134,147874,200749,193778,134786,228489,235101,161054,-11497,130990,250128,-8388607,0,2662,2667,2659,758,2479,-10110976,1,1,14,1,287,0,0,0,1
443350010,818711,776749,282795,247428,238406,116126,174589,228622,171869,210721,209703,200236,223382,148028,200708,193942,134900,228403,235233,161185,-11423,130837,250172,-8388607,0,2658,2666,2665,752,2480,-10110976,1,1,14,1,287,0,0,0,1
443350011,815932,776118,283141,247848,238462,116423,174649,228746,171335,210464,209402,200137,223675,148308,200944,194149,134628,228282,235255,161150,-11508,130512,250144,-8388607,0,2673,2665,2666,755,2477,-10110976,1,1,14,1,287,0,0,0,1
443350012,813127,775554,283631,248499,238551,116335,174784,228523,171361,210628,209285,199931,223916,148570,201326,194565,134548,228178,235088,161188,-11628,130483,250112,-8388607,0,2665,2664,2660,758,2478,-10110976,1,1,14,1,287,0,0,0,1
443350013,810701,775361,284037,249225,238639,116294,174653,228390,171212,210533,209455,199950,224247,148721,201158,194659,134283,227970,234865,161130,-11415,130713,250110,-8388607,0,2661,2664,2662,754,2482,-10110976,1,1,14,1,287,0,0,0,1
443350014,808166,775206,284640,249822,238442,116125,174551,228382,171187,210595,209386,199803,224498,149017,201277,194547,134169,227908,234888,160995,-11197,130668,250074,-8388607,0,2661,2662,2666,753,2477,-10110976,1,1,14,1,287,0,0,0,1
443350015,805486,775281,285083,250681,238314,115944,174335,228139,171698,210808,209507,200133,224382,149130,201546,194646,134218,227968,234738,160954,-11230,130708,250138,-8388607,0,2661,2666,2662,757,2475,-10110976,1,1,14,1,287,0,0,0,1
443350016,802734,775062,285526,251079,238068,115696,174087,228122,171708,211096,209731,200249,224404,148993,201421,194678,134142,227985,234743,160760,-11487,130822,250107,-8388607,0,2661,2666,2658,755,2480,-10110976,1,1,14,1,287,0,0,0,1
443350017,800237,774520,285946,251589,237739,115467,173938,227985,172059,210970,210109,200557,224389,148724,201194,194516,134124,227928,234638,160616,-11178,131006,250190,-8388607,0,2664,2663,2663,751,2479,-10110976,1,1,14,1,287,0,0,0,1
443350018,797611,773563,286328,252092,237444,115232,173856,228051,172238,211119,210273,200784,224096,148631,200925,194275,134093,227821,234653,160472,-11211,130925,250079,-8388607,0,2668,2663,2662,755,2475,-10110976,1,1,14,1,287,0,0,0,1
443350019,794790,772576,286639,252410,237364,115273,173688,227945,172687,211383,210502,200826,223658,148359,200833,194166,134359,227838,234637,160476,-11453,130839,250107,-8388607,0,2662,2665,2659,755,2480,-10110976,1,1,14,1,287,0,0,0,1
443350020,792006,771529,287083,252438,237375,115316,173929,227914,172581,211492,210297,200732,223838,148198,200858,194062,134366,228036,234909,161013,-11410,130561,250186,-8388607,0,2661,2663,2665,754,2482,-10110976,1,1,14,1,287,0,0,0,1
443350021,789358,770113,287419,252924,237546,115347,173904,228027,172654,211670,210065,200882,223433,147961,200915,193996,134519,228119,234856,160796,-11550,130312,250154,-8388607,0,2666,2666,2661,756,2478,-10110976,1,1,14,1,287,0,0,0,1
443350022,786752,768942,287599,253122,237821,115418,174039,227948,172600,211590,210036,200694,223494,147847,200552,193988,134446,228299,234961,160960,-11592,130286,250180,-8388607,0,2663,2672,2660,760,2478,-10110976,1,1,14,1,287,0,0,0,1
443350023,784853,767722,287720,253253,237998,115504,174038,228179,172248,211143,209948,200615,223398,147790,200662,193794,134566,228293,234778,160999,-11650,130208,249982,-8388607,0,2664,2666,2661,756,2482,-10110976,1,1,14,1,287,0,0,0,1
443350024,783232,766762,287928,253411,238197,115818,174377,228342,171977,210953,209799,200462,223515,147970,200648,193944,134544,228390,234746,160999,-11717,130126,250046,-8388607,0,2665,2664,2664,756,2478,-10110976,1,1,14,1,287,0,0,0,1
443350025,781900,765802,288402,253864,238265,116228,174598,228538,171617,210535,209663,200190,223507,148115,200732,194064,134774,228363,234937,161108,-11688,130001,250085,-8388607,0,2661,2667,2663,758,2471,-10110976,1,1,14,1,287,0,0,0,1
443350026,781009,764930,288925,254403,238451,116184,174878,228684,171531,210494,209580,200147,223693,148356,200933,194071,134626,228260,235136,161200,-11531,130265,250179,-8388607,0,2660,2666,2661,754,2481,-10110976,1,1,14,1,287,0,0,0,1
443350027,780557,764163,289815,255148,238838,116431,174931,228893,171296,210573,209588,200033,223906,148686,201004,194404,134616,228031,235101,161086,-11309,130339,250165,-8388607,0,2661,2660,2666,752,2477,-10110976,1,1,14,1,287,0,0,0,1
443350028,780313,763086,290540,255638,238558,116509,174754,228881,171500,210429,209433,199921,224029,148706,201316,194361,134473,228134,235197,161150,-11590,130336,250196,-8388607,0,2665,2667,2663,756,2473,-10110976,1,1,14,1,287,0,0,0,1
443350029,780260,761964,291378,256495,238554,116534,174708,228795,171549,210439,209505,200034,224302,148809,201248,194640,134714,228113,235324,161079,-11482,130196,250168,-8388607,0,2664,2668,2659,755,2479,-10110976,1,1,14,1,287,0,0,0,1
443350030,780495,760833,292304,257279,238377,116191,174410,228365,171753,210879,209630,200380,224323,148798,201506,194611,134560,228152,234995,161019,-11413,130254,250112,-8388607,0,2662,2665,2663,749,2481,-10110976,1,1,14,1,287,0,0,0,1
443350031,780890,759703,293089,257788,238140,115912,174165,228202,171904,210890,209792,200513,224146,148646,201500,194463,134463,228146,234848,160905,-11153,130382,250043,-8388607,0,2665,2662,2663,756,2477,-10110976,1,1,14,1,287,0,0,0,1
443350032,781122,758477,293570,258224,237761,115659,173997,228046,172151,211172,209839,200608,224073,148363,201114,194187,134340,228042,234786,160922,-11187,130395,250177,-8388607,0,2661,2664,2659,757,2480,-10110976,1,1,14,1,287,0,0,0,1
443350033,781323,757343,294107,258527,237693,115318,173897,227935,172495,211586,210288,201073,224116,148591,201247,194475,134434,228190,234691,160916,-11320,130397,250184,-8388607,0,2661,2664,2664,753,2482,-10110976,1,1,14,1,287,0,0,0,1
443350034,781731,756046,294336,258487,237450,115121,173806,227755,172680,211655,210345,200981,223924,148468,200823,194188,134350,228189,234783,160898,-11200,130382,250185,-8388607,0,2665,2664,2664,755,2478,-10110976,1,1,14,1,287,0,0,0,1
443350035,782131,754643,294627,258658,237311,115109,173708,227821,172574,211559,210381,200926,223797,148388,200818,194103,134411,227989,234848,160964,-11086,130313,250055,-8388607,0,2659,2669,2662,757,2477,-10110976,1,1,14,1,287,0,0,0,1
443350036,782051,753344,294924,258970,237358,115031,173813,227901,172591,211407,210256,200895,223658,148332,200987,194190,134446,228034,234820,160640,-11107,130244,250123,-8388607,0,2657,2667,2663,753,2479,-10110976,1,1,14,1,287,0,0,0,1
443350037,782073,752276,295393,259264,237574,115100,173779,228155,172250,211418,210086,200578,223658,148200,200983,193996,134413,227853,234800,160624,-11234,130141,250185,-8388607,0,2663,2662,2666,754,2478,-10110976,1,1,14,1,287,0,0,0,1
443350038,781989,751244,295978,259700,237699,115590,174164,228264,172219,211045,209935,200653,223695,148151,200928,194103,134426,227895,234701,160753,-11257,130174,250129,-8388607,0,2664,2663,2662,757,2475,-10110976,1,1,14,1,287,0,0,0,1
443350039,781822,750484,296562,260193,238144,115756,174284,228407,171677,210920,209532,200211,223876,148348,201014,194126,134329,227895,234737,160982,-11405,129886,250067,-8388607,0,2669,2668,2659,755,2477,-10110976,1,1,14,1,287,0,0,0,1
443350040,781984,749772,297156,260645,238552,116328,174578,228576,171613,210634,209363,200172,223937,148377,200935,194169,134360,228259,234937,160973,-11267,130161,249938,-8388607,0,2662,2663,2663,749,2477,-10110976,1,1,14,1,287,0,0,0,1
443350041,781953,749471,297662,261221,238761,116415,174766,228765,171301,210399,209515,200166,223932,148580,201015,194283,134330,228229,234883,161126,-11126,130347,249999,-8388607,0,2664,2661,2666,756,2478,-10110976,1,1,14,1,287,0,0,0,1
443350042,781584,749146,298360,261830,238791,116511,175157,228894,171169,210622,209641,199960,223730,148495,201129,194265,134506,228415,235122,161287,-11014,130365,250069,-8388607,0,2662,2668,2659,756,2480,-10110976,1,1,14,1,287,0,0,0,1
443350043,780945,749002,298809,262371,238739,116524,174982,228741,171460,210350,209390,200071,223853,148448,201215,194279,134441,228287,235167,161041,-11099,130392,249973,-8388607,0,2661,2663,2663,754,2479,-10110976,1,1,14,1,287,0,0,0,1
443350044,780200,748630,299449,263109,238569,116478,174827,228568,171605,210827,209539,200102,223848,148513,201019,194186,134698,228179,235353,161177,-10727,130595,250026,-8388607,0,2670,2666,2666,757,2478,-10110976,1,1,14,1,287,0,0,0,1
443350045,779138,748288,300039,263598,238428,116169,174596,228330,171932,210940,209678,200158,223853,148551,201074,194277,134747,228302,235406,161161,-10857,130584,250097,-8388607,0,2663,2663,2661,760,2477,-10110976,1,1,14,1,287,0,0,0,1
443350046,777697,747658,300482,264071,238063,116027,174236,228204,172097,211244,209869,200561,223724,148346,201072,194151,134868,228176,235185,161061,-10999,130357,250047,-8388607,0,2667,2665,2666,754,2481,-10110976,1,1,14,1,287,0,0,0,1
443350047,775894,746896,300800,264381,237774,115623,173912,227987,172337,211301,209909,200832,223733,148234,201016,194355,134636,228278,235044,160913,-10747,130245,249995,-8388607,0,2659,2663,2666,754,2477,-10110976,1,1,14,1,287,0,0,0,1
443350048,773719,746241,301160,264703,237549,115216,174002,228115,172603,211474,210202,200986,223712,148396,201243,194096,134567,228311,234780,160948,-10919,130226,249967,-8388607,0,2668,2665,2664,760,2473,-10110976,1,1,14,1,287,0,0,0,1
443350049,771230,745353,301290,264818,237530,115208,173900,227812,172536,211494,210011,200734,223825,148139,201032,193963,134429,228256,234601,160938,-11112,130184,249923,-8388607,0,2659,2668,2664,754,2481,-10110976,1,1,14,1,287,0,0,0,1
443350050,768765,744575,301141,265114,237466,115241,173765,227837,172395,211328,210269,200925,223882,148157,200934,194370,134260,228088,234617,160967,-11160,130007,250013,-8388607,0,2663,2663,2666,752,2477,-10110976,1,1,14,1,287,0,0,0,1
443350051,766139,743877,301345,265628,237626,115282,173914,227933,172286,211198,210052,200752,224126,148276,201036,194265,134157,227900,234715,160894,-10955,129991,250002,-8388607,0,2664,2665,2666,755,2476,-10110976,1,1,14,1,287,0,0,0,1
443350052,763768,743178,301398,265933,237805,115371,173974,228036,172236,211011,210015,200777,224078,148584,201060,194324,133855,227763,234609,160826,-11177,129837,250107,-8388607,0,2661,2670,2662,754,2481,-10110976,1,1,14,1,287,0,0,0,1
443350053,761334,742301,301590,266492,237991,115710,174247,228115,172079,210992,209915,200648,223993,148709,201002,194310,133977,227873,234644,160925,-11061,129934,249945,-8388607,0,2663,2662,2664,751,2482,-10110976,1,1,14,1,287,0,0,0,1
443350054,758951,741350,301878,267043,238278,115945,174572,228467,172036,211033,209786,200402,223948,148755,201070,194242,134170,227874,234717,160763,-11118,129961,250018,-8388607,0,2668,2661,2664,754,2477,-10110976,1,1,14,1,287,0,0,0,1
443350055,756770,740337,302398,267620,238471,116241,174672,228813,171766,210760,209571,200206,223918,148709,200902,194222,134113,227708,234753,160845,-11116,129906,250038,-8388607,0,2663,2664,2658,758,2479,-10110976,1,1,14,1,287,0,0,0,1
443350056,754622,739332,302828,268075,238726,116374,174861,228816,171628,210761,209600,200080,223895,148544,201023,194286,134353,228005,234952,160937,-11040,129905,250007,-8388607,0,2659,2662,2664,753,2484,-10110976,1,1,14,1,287,0,0,0,1
443350057,752673,738136,303291,268548,238511,116469,174853,228792,171924,210958,209624,200057,223860,148694,201103,194251,134648,228039,235021,161091,-11089,130114,250048,-8388607,0,2661,2659,2664,756,2478,-10110976,1,1,14,1,287,0,0,0,1
443350058,750747,736844,303575,269036,238521,116409,174749,228644,171778,211099,209821,200222,223866,148532,201332,194589,134819,228353,235005,161139,-11020,129893,249999,-8388607,0,2661,2664,2662,759,2479,-10110976,1,1,14,1,287,0,0,0,1
443350059,748790,735648,303884,269479,238513,116240,174652,228646,171856,211071,209980,200293,223609,148344,201059,194315,134736,228467,235162,161126,-11013,129864,250090,-8388607,0,2659,2661,2664,752,2482,-10110976,1,1,14,1,287,0,0,0,1
443350060,746798,734333,303996,269764,238435,116039,174410,228433,171888,211026,209965,200534,223773,148244,201041,194188,134646,228262,235136,161118,-11032,129788,250000,-8388607,0,2665,2663,2666,754,2477,-10110976,1,1,14,1,287,0,0,0,1
443350061,745015,733037,304267,270227,238304,115869,174394,228369,171925,211165,210141,200759,223679,148148,201039,194366,134751,228426,235120,161193,-10989,129795,249968,-8388607,0,2667,2665,2661,752,2480,-10110976,1,1,14,1,287,0,0,0,1
443350062,743439,731727,304487,270382,238005,115615,174341,228168,172063,211147,209902,200682,223726,148129,201023,194125,134697,228342,235204,161186,-11079,129584,249945,-8388607,0,2661,2666,2657,754,2479,-10110976,1,1,14,1,287,0,0,0,1
443350063,742020,730328,304650,270505,237863,115433,174104,228255,172226,211251,210207,200755,223747,148392,201015,194131,134769,228320,235268,161115,-11294,129550,249906,-8388607,0,2664,2664,2664,753,2478,-10110976,1,1,14,1,287,0,0,0,1
443350064,740962,728903,305126,270727,237638,115224,173851,228113,172420,211223,210117,200623,223902,148351,200849,194203,134655,228092,235122,160892,-11056,129570,250006,-8388607,0,2668,2666,2663,756,2474,-10110976,1,1,14,1,287,0,0,0,1
443350065,740057,728277,305689,271273,237697,115093,173783,227971,172491,211155,210209,200635,223846,148328,201138,194317,134560,228105,234978,160842,-10900,129634,250016,-8388607,0,2664,2668,2659,754,2481,-10110976,1,1,14,1,287,0,0,0,1
443350066,738943,727150,306102,271827,237474,115074,173555,227812,172222,211233,209917,200511,223964,148362,201141,194484,134351,228060,234612,160748,-11126,129616,249982,-8388607,0,2666,2663,2665,749,2481,-10110976,1,1,14,1,287,0,0,0,1
443350067,738267,726632,306747,272500,237651,115261,173951,227909,172132,211055,209890,200565,224046,148406,201129,194603,134424,227852,234602,160586,-10903,129605,250026,-8388607,0,2663,2663,2664,756,2477,-10110976,1,1,14,1,287,0,0,0,1
443350068,737624,725956,307343,273334,237726,115412,174030,228069,172042,210889,209911,200515,223873,148611,201203,194341,134072,227553,234721,160725,-10832,129741,249907,-8388607,0,2662,2667,2661,755,2482,-10110976,1,1,14,1,287,0,0,0,1
443350069,737170,725231,307898,273884,237970,115731,174331,228239,171904,210924,209921,200556,224169,148627,201101,194515,134292,227862,234809,160632,-10906,129812,249900,-8388607,0,2658,2663,2664,756,2481,-10110976,1,1,14,1,287,0,0,0,1
443350070,736738,724511,308405,274499,238399,115962,174569,228515,171695,210859,209671,200416,224007,148585,201200,194419,134278,227970,234893,160992,-10764,129762,249980,-8388607,0,2667,2665,2668,753,2477,-10110976,1,1,14,1,287,0,0,0,1
443350071,736212,723417,308679,274744,238401,116130,174786,228589,171686,210869,209676,200335,224075,148541,201204,194391,134248,227960,234954,161059,-10772,129824,249905,-8388607,0,2664,2665,2666,760,2473,-10110976,1,1,14,1,287,0,0,0,1
443350072,735818,722396,309262,275042,238781,116310,174936,228809,171727,210929,209785,200296,224009,148630,201011,194221,134404,228177,234956,161295,-10773,129764,249933,-8388607,0,2659,2668,2666,755,2481,-10110976,1,1,14,1,287,0,0,0,1
443350073,735324,721004,309723,274901,238789,116402,174954,228792,171696,210758,209625,200235,223985,148390,201096,194316,134450,228315,235008,161045,-10791,129536,249942,-8388607,0,2662,2664,2672,754,2478,-10110976,1,1,14,1,287,0,0,0,1
443350074,734974,719534,310064,274795,238697,116427,174816,228709,171987,210856,209928,200319,223826,148407,200959,194183,134686,228403,235197,160958,-10851,129539,249932,-8388607,0,2665,2664,2662,758,2475,-10110976,1,1,14,1,287,0,0,0,1
443350075,734683,718562,310652,275002,238473,116247,174644,228588,172047,211026,210022,200461,223797,148203,200847,194162,134761,228401,235098,161138,-10871,129528,249902,-8388607,0,2661,2666,2658,754,2479,-10110976,1,1,14,1,287,0,0,0,1
443350076,734436,717477,310874,274971,238190,116037,174465,228409,172140,211039,209919,200553,223478,147988,200876,193943,134763,228477,235117,160873,-10991,129331,249920,-8388607,0,2666,2663,2667,750,2480,-10110976,1,1,14,1,287,0,0,0,1
443350077,734171,716753,311283,275448,237966,115765,174199,228375,172205,211252,210164,200471,223460,147932,200874,194055,134877,228398,235195,160967,-10789,129378,249805,-8388607,0,2663,2659,2662,756,2478,-10110976,1,1,14,1,287,0,0,0,1
443350078,733915,716216,312029,275977,237761,115426,174059,228106,172356,211111,209968,200957,223438,148253,200869,194127,134687,228318,235095,161075,-10960,129402,249842,-8388607,0,2661,2667,2664,758,2479,-10110976,1,1,14,1,287,0,0,0,1
443350079,733902,715475,312877,276577,237550,115259,173840,227840,172235,211211,209884,200599,223542,147944,200725,194163,134626,228184,235103,161032,-11035,129610,249929,-8388607,0,2660,2666,2664,753,2482,-10110976,1,1,14,1,287,0,0,0,1
443350080,734044,714734,313827,277259,237473,115084,173695,227597,172245,211399,210013,200781,223642,148124,200745,194028,134553,228136,234954,160967,-10798,129510,249872,-8388607,0,2666,2664,2666,754,2478,-10110976,1,1,14,1,287,0,0,0,1
443350081,734015,713976,314704,278104,237359,115132,173761,227620,172166,211240,209853,200748,223718,148204,201023,194069,134316,228219,234554,161011,-10743,129779,249944,-8388607,0,2663,2664,2662,759,2478,-10110976,1,1,14,1,287,0,0,0,1
443350082,734094,713307,315759,278511,237508,115162,173814,227871,172034,211080,209818,200687,224019,148511,201153,194372,134213,228123,234635,160929,-10490,129735,249936,-8388607,0,2662,2667,2661,751,2481,-10110976,1,1,14,1,287,0,0,0,1
443350083,733568,712588,316359,278778,237684,115303,174025,227908,171923,210937,209696,200586,224156,148484,201303,194153,134262,228015,234688,160843,-10423,129883,249902,-8388607,0,2661,2663,2665,754,2478,-10110976,1,1,14,1,287,0,0,0,1
443350084,732833,711669,316747,279009,237930,115698,174324,228280,171844,210880,209835,200339,224126,148757,201253,194544,134212,228063,234751,160892,-10528,129774,249939,-8388607,0,2664,2665,2663,759,2475,-10110976,1,1,14,1,287,0,0,0,1
443350085,731636,710829,316895,279225,238169,115988,174630,228330,171561,210544,209671,200185,224154,148666,201470,194678,134316,227843,234784,160822,-10550,129794,249789,-8388607,0,2663,2668,2661,754,2481,-10110976,1,1,14,1,287,0,0,0,1
443350086,730048,709877,316899,279468,238493,116359,174749,228722,171545,210467,209566,200006,224049,148713,201382,194499,134295,227967,234880,160734,-10650,129624,249777,-8388607,0,2666,2660,2666,749,2477,-10110976,1,1,14,1,287,0,0,0,1
443350087,728467,708827,316841,279624,238654,116357,174839,228698,171653,210608,209612,200087,224124,148735,201253,194557,134454,227962,234930,160762,-10693,129386,249832,-8388607,0,2668,2666,2662,755,2475,-10110976,1,1,14,1,287,0,0,0,1
443350088,726696,708199,316865,279886,238923,116653,174913,228931,171594,210787,209814,200215,224009,148438,201187,194484,134575,228045,234966,160948,-10698,129381,249859,-8388607,0,2657,2668,2664,756,2477,-10110976,1,1,14,1,287,0,0,0,1
443350089,724935,707566,317135,280362,238818,116680,174953,228809,171938,210996,209864,200450,223936,148383,201069,194062,134557,228240,234976,161140,-10824,129189,249899,-8388607,0,2662,2666,2666,753,2481,-10110976,1,1,14,1,287,0,0,0,1
443350090,723349,706883,317450,280758,238525,116472,174855,228575,171916,211133,209954,200563,223531,148216,200722,193999,134702,228511,235074,161202,-10798,129274,249821,-8388607,0,2668,2666,2666,757,2477,-10110976,1,1,14,1,287,0,0,0,1
443350091,721888,706578,317905,281487,238288,115967,174765,228549,172163,211275,210042,200558,223485,147999,200640,193982,134706,228346,235011,161090,-10629,129344,249931,-8388607,0,2663,2667,2655,755,2480,-10110976,1,1,14,1,287,0,0,0,1
443350092,720317,706350,318445,282200,238039,115813,174524,228461,172482,211480,210305,200912,223456,148034,200783,193893,134657,228353,235094,161401,-10521,129542,250002,-8388607,0,2663,2666,2665,754,2483,-10110976,1,1,14,1,287,0,0,0,1
443350093,718561,706191,319048,282820,237719,115360,174016,228180,172499,211487,210298,200864,223450,147878,200645,193943,134625,228237,235108,161110,-10423,129468,249995,-8388607,0,2661,2663,2666,755,2476,-10110976,1,1,14,1,287,0,0,0,1
443350094,716693,706213,319364,283518,237506,115370,173856,227983,172572,211486,210309,200866,223451,147915,200777,193937,134691,228348,234931,161093,-10333,129582,249889,-8388607,0,2661,2665,2668,758,2475,-10110976,1,1,14,1,287,0,0,0,1
443350095,714694,706146,319611,284473,237356,115184,173660,227878,172473,211264,210225,200887,223761,148111,200981,194197,134666,228074,234940,161001,-10298,129502,249870,-8388607,0,2661,2666,2662,755,2482,-10110976,1,1,14,1,287,0,0,0,1
443350096,712692,705803,319652,284996,237399,115021,173667,227895,172247,211194,210051,200681,223800,148221,200963,194306,134550,228172,234834,160829,-10505,129453,249920,-8388607,0,2665,2662,2664,754,2479,-10110976,1,1,14,1,287,0,0,0,1
443350097,710851,705144,319734,285487,237592,115301,173903,227891,172087,211062,210005,200714,224032,148458,201345,194378,134573,228005,234764,160838,-10407,129539,249939,-8388607,0,2664,2664,2662,756,2475,-10110976,1,1,14,1,287,0,0,0,1
443350098,708731,704363,319698,285630,237568,115332,174235,227972,171625,210915,209473,200473,224055,148446,201257,194604,134269,227869,234601,160775,-10458,129364,249801,-8388607,0,2661,2666,2658,754,2479,-10110976,1,1,14,1,287,0,0,0,1
443350099,706912,703234,319922,285718,238085,115860,174404,228350,171608,210880,209498,200204,224376,148950,201413,194670,134210,228007,234760,160906,-10653,129210,249755,-8388607,0,2661,2663,2665,750,2477,-10110976,1,1,14,1,287,0,0,0,1
443350100,705059,702056,320212,285738,238368,116148,174603,228310,171321,210668,209553,200105,224607,148976,201482,194815,134313,228193,234800,161063,-10577,129346,249950,-8388607,0,2662,2663,2663,756,2476,-10110976,1,1,14,1,287,0,0,0,1
443350101,703401,701018,320233,285734,238470,116270,174677,228518,171090,210311,209238,199859,224390,148813,201325,194531,134145,227982,234755,161139,-10756,129168,249779,-8388607,0,2661,2667,2659,753,2480,-10110976,1,1,14,1,287,0,0,0,1
443350102,701839,699741,320497,286125,238522,116460,174852,228680,171458,210573,209537,200065,224481,148856,201485,194535,134321,228016,235024,161141,-10506,129085,249918,-8388607,0,2661,2663,2664,754,2482,-10110976,1,1,14,1,287,0,0,0,1
443350103,700461,698760,321027,286414,238573,116448,174737,228701,171392,210784,209672,200124,224115,148639,201206,194479,134440,228194,235114,161094,-10415,129191,249832,-8388607,0,2663,2663,2665,757,2478,-10110976,1,1,14,1,287,0,0,0,1
443350104,699051,697723,321247,286885,238467,116371,174760,228683,171679,210846,209715,200217,223753,148423,201019,194344,134600,228248,235061,160968,-10740,128970,249755,-8388607,0,2660,2666,2659,759,2479,-10110976,1,1,14,1,287,0,0,0,1
443350105,697743,696786,321456,287319,238378,116066,174551,228579,172008,211211,209955,200521,223658,148308,201014,194257,134863,228458,235207,161109,-10704,129029,249885,-8388607,0,2657,2669,2661,749,2482,-10110976,1,1,14,1,287,0,0,0,1
443350106,696920,695711,321908,287710,238100,115908,174405,228201,172255,211264,210027,200675,223410,148026,200810,194134,134829,228459,235168,161100,-10766,128992,249849,-8388607,0,2663,2662,2670,755,2477,-10110976,1,1,14,1,287,0,0,0,1
443350107,696087,694645,322191,288038,237777,115437,174198,228121,172407,211233,210041,200774,223418,147725,200578,193893,134773,228428,234969,160944,-10747,128971,249868,-8388607,0,2663,2665,2666,759,2475,-10110976,1,1,14,1,287,0,0,0,1
443350108,695693,693276,322700,288123,237526,115210,173981,227968,172417,211479,210058,200714,223360,147767,200560,193973,134790,228287,234948,160831,-10746,129072,249798,-8388607,0,2661,2666,2662,754,2481,-10110976,1,1,14,1,287,0,0,0,1
443350109,695637,691862,323403,288213,237598,115217,173827,227940,172597,211521,210442,201026,223252,147845,200577,193823,134731,228194,235037,161001,-10619,129180,249903,-8388607,0,2663,2663,2666,751,2480,-10110976,1,1,14,1,287,0,0,0,1
443350110,695374,690395,324062,288381,237524,115125,173791,227923,172402,211383,210220,200899,223617,147933,200574,193847,134594,228023,234944,160857,-10573,129155,249882,-8388607,0,2664,2668,2661,755,2475,-10110976,1,1,14,1,287,0,0,0,1
443350111,695442,689015,324812,288424,237491,115294,173873,227996,172299,211382,210203,200898,223855,148332,200806,193950,134329,227920,234771,161014,-10500,129105,249871,-8388607,0,2663,2666,2658,755,2479,-10110976,1,1,14,1,287,0,0,0,1
443350112,695146,687513,325176,288726,237579,115413,173986,228066,172004,210925,210028,200684,223898,148361,201078,194216,134162,228024,234801,161007,-10357,129183,249857,-8388607,0,2663,2662,2664,753,2481,-10110976,1,1,14,1,287,0,0,0,1
443350113,695062,686226,325523,289029,237783,115678,174107,228175,171762,210889,209773,200270,224083,148641,201023,194423,134211,227905,234714,160857,-10608,128958,249799,-8388607,0,2668,2662,2664,756,2477,-10110976,1,1,14,1,287,0,0,0,1
443350114,694993,685049,326007,289341,238122,115859,174520,228438,171624,210780,209625,200305,224361,148884,201321,194693,134057,227887,234647,160746,-10652,128926,249832,-8388607,0,2663,2666,2659,756,2479,-10110976,1,1,14,1,287,0,0,0,1
443350115,694975,683789,326836,289731,238269,116043,174556,228386,171543,210758,209446,199946,224232,148972,201429,194712,134026,227840,234608,160789,-10573,128807,249796,-8388607,0,2658,2672,2664,754,2481,-10110976,1,1,14,1,287,0,0,0,1
443350116,695389,683141,327225,290145,238315,116030,174665,228548,171478,210698,209304,199870,224363,149009,201449,194833,134257,227906,234700,160680,-10716,128963,249915,-8388607,0,2661,2659,2664,756,2478,-10110976,1,1,14,1,287,0,0,0,1
443350117,696005,682657,328073,290568,238681,116352,174727,228518,171645,210739,209482,200101,224275,148924,201598,194801,134425,227978,235015,160844,-10530,128884,249813,-8388607,0,2661,2664,2662,759,2478,-10110976,1,1,14,1,287,0,0,0,1
443350118,696680,682118,328876,290838,238686,116373,174590,228383,171434,210670,209558,200049,224147,148842,201111,194499,134596,227998,234973,160970,-10519,128895,250042,-8388607,0,2661,2666,2664,755,2482,-10110976,1,1,14,1,287,0,0,0,1
443350119,697249,681981,329639,291287,238470,116070,174612,228472,171629,210884,209656,200112,223968,148466,201001,194209,134656,228207,235203,161057,-10487,129058,249842,-8388607,0,2663,2663,2668,753,2479,-10110976,1,1,14,1,287,0,0,0,1
443350120,697805,682110,330157,291998,238381,116264,174695,228534,171866,210997,209916,200542,223813,148409,201010,193995,134615,228309,235202,161259,-10394,128918,249813,-8388607,0,2664,2666,2662,756,2475,-10110976,1,1,14,1,287,0,0,0,1
443350121,697914,682402,330776,292750,238208,116001,174456,228484,172206,211173,210135,200621,223800,148041,200916,194028,134836,228570,235228,161226,-10206,129108,249906,-8388607,0,2658,2668,2662,753,2479,-10110976,1,1,14,1,287,0,0,0,1
443350122,697925,682923,331338,293668,237908,115745,174230,228322,172219,211299,209850,200654,223430,147825,200640,193667,134768,228421,235024,161128,-10307,129169,249903,-8388607,0,2661,2663,2666,749,2482,-10110976,1,1,14,1,287,0,0,0,1
443350123,697966,683623,331931,294567,237805,115473,173940,228216,172487,211435,210027,200700,223280,147677,200552,193669,134727,228547,234895,160978,-10435,129028,249756,-8388607,0,2669,2662,2661,756,2476,-10110976,1,1,14,1,287,0,0,0,1
443350124,697858,684324,332375,295524,237790,115290,174209,228259,172696,211594,210114,200814,223365,148190,200356,194186,135195,228349,235249,160983,-10360,128927,249957,-8388607,0,2661,2668,2664,759,2479,-10110976,1,1,14,1,287,0,0,0,1
443350125,697784,684614,332936,296179,237494,115129,173898,227983,172572,211437,210016,200750,223326,147761,200544,193737,134672,228139,234900,160905,-10318,129113,249827,-8388607,0,2662,2666,2666,753,2482,-10110976,1,1,14,1,287,0,0,0,1
443350126,697805,684996,333580,296758,237620,115284,173960,227988,172420,211213,210126,200739,223433,148029,200617,193964,134625,227940,234786,160704,-10122,129236,249922,-8388607,0,2666,2663,2666,757,2478,-10110976,1,1,14,1,287,0,0,0,1
443350127,697659,685153,334217,297071,237720,115338,173992,227970,172258,211023,210201,200803,223652,148393,200826,194080,134394,227902,234750,160797,-10175,129220,249883,-8388607,0,2662,2663,2659,758,2477,-10110976,1,1,14,1,287,0,0,0,1
443350128,697310,685238,334713,297825,237776,115389,174096,228196,172118,211179,209984,200567,224158,148688,201237,194317,134191,227798,234799,160804,-10238,129230,249750,-8388607,0,2663,2667,2664,755,2481,-10110976,1,1,14,1,287,0,0,0,1
443350129,696523,685254,335330,298229,238011,115537,174186,228195,171554,210760,209670,200399,224318,148601,201095,194547,133956,227682,234592,160591,-10180,129196,249718,-8388607,0,2663,2664,2668,754,2475,-10110976,1,1,14,1,287,0,0,0,1
443350130,695816,685427,335910,298860,238057,115931,174244,228378,171552,210469,209483,200115,224460,148891,201429,194709,133989,227887,234464,160748,-10162,129285,249789,-8388607,0,2659,2661,2664,756,2473,-10110976,1,1,14,1,287,0,0,0,1
443350131,694709,685352,336102,299540,238293,116114,174463,228509,171562,210664,209411,200083,224433,148966,201485,194875,134229,227928,234701,160859,-10263,129104,249840,-8388607,0,2660,2668,2664,755,2477,-10110976,1,1,14,1,287,0,0,0,1
443350132,693693,685234,336326,300215,238517,116364,174696,228566,171438,210541,209443,199919,224419,148814,201620,194944,134115,228048,234598,160741,-10255,128965,249862,-8388607,0,2661,2666,2666,750,2479,-10110976,1,1,14,1,287,0,0,0,1
443350133,692295,685428,336487,300852,238555,116122,174688,228625,171427,210588,209585,199926,224366,148897,201333,194750,134245,227960,234855,160909,-10242,129073,249770,-8388607,0,2665,2663,2663,755,2473,-10110976,1,1,14,1,287,0,0,0,1
443350134,690997,685363,336773,301356,238506,116202,174665,228795,171632,210749,209583,200283,224013,148794,201231,194385,134664,228186,235069,161128,-10284,128987,249853,-8388607,0,2664,2667,2659,755,2481,-10110976,1,1,14,1,287,0,0,0,1
443350135,689755,684994,337026,301764,238411,116088,174631,228598,171664,210957,209796,200067,223808,148365,200918,194228,134767,228379,235092,161002,-10263,128910,249832,-8388607,0,2664,2661,2666,750,2481,-10110976,1,1,14,1,287,0,0,0,1
443350136,688652,684478,337358,302089,238361,116032,174439,228312,171994,210722,209863,200519,223573,148165,200772,194165,134812,228387,235091,161091,-10198,129062,249879,-8388607,0,2664,2662,2664,756,2477,-10110976,1,1,14,1,287,0,0,0,1
443350137,687386,683887,337867,302397,238045,115712,174158,228310,172055,211228,209805,200629,223576,147818,200657,193923,134948,228575,235225,161246,-10218,129017,249742,-8388607,0,2661,2665,2659,759,2478,-10110976,1,1,14,1,287,0,0,0,1
443350138,686274,683203,338235,302865,237751,115519,173872,228134,172268,211247,210146,200617,223295,147653,200641,193644,134983,228566,235147,161053,-10209,129091,249824,-8388607,0,2658,2661,2664,752,2480,-10110976,1,1,14,1,287,0,0,0,1
443350139,685016,682476,338472,303551,237648,115484,173972,228096,172545,211544,210191,201013,223351,147619,200720,193577,134935,228587,235106,161159,-10248,128907,249932,-8388607,0,2663,2657,2668,754,2477,-10110976,1,1,14,1,287,0,0,0,1
443350140,683702,681742,338735,303955,237628,115346,173992,228027,172564,211492,210099,200879,223387,147758,200704,193744,134804,228453,235148,161081,-10194,128890,249934,-8388607,0,2661,2665,2662,758,2474,-10110976,1,1,14,1,287,0,0,0,1
443350141,682155,680957,338616,304277,237784,115231,174024,228096,172396,211451,210150,200804,223356,147970,200904,193846,134631,228336,234903,160929,-10371,128806,249843,-8388607,0,2661,2665,2663,753,2481,-10110976,1,1,14,1,287,0,0,0,1
443350142,680944,680004,338603,304444,237805,115240,173930,227984,172358,211452,210048,200665,223630,148071,200785,194021,134392,228040,234798,160810,-10293,128935,249839,-8388607,0,2659,2661,2666,754,2478,-10110976,1,1,14,1,287,0,0,0,1
443350143,679953,679034,338587,304840,237845,115468,174125,228106,172083,211239,209996,200460,223903,148458,201075,194158,134175,227919,234658,160873,-10394,128912,249852,-8388607,0,2665,2663,2662,754,2473,-10110976,1,1,14,1,287,0,0,0,1
443350144,678926,677873,338883,305189,238053,115592,174272,228210,171995,210807,209668,200398,224172,148685,201178,194594,134138,227817,234666,160580,-10407,128826,249851,-8388607,0,2663,2673,2663,756,2481,-10110976,1,1,14,1,287,0,0,0,1
443350145,678113,676561,339258,305256,238247,116094,174439,228357,171568,210773,209776,200240,224360,149227,201504,194503,134129,227664,234758,160727,-10365,128751,249953,-8388607,0,2663,2663,2666,750,2479,-10110976,1,1,14,1,287,0,0,0,1
443350146,677537,675058,339745,305442,238346,116174,174651,228526,171327,210534,209592,200026,224479,149207,201388,194704,134003,227657,234550,160775,-10489,128638,249953,-8388607,0,2664,2666,2658,757,2477,-10110976,1,1,14,1,287,0,0,0,1
443350147,677457,673579,340348,305708,238455,116390,174533,228633,171223,210486,209375,200069,224538,149046,201528,194812,134062,227826,234732,160829,-10404,128689,249928,-8388607,0,2659,2668,2664,756,2479,-10110976,1,1,14,1,287,0,0,0,1
443350148,677442,672133,340971,305675,238308,116231,174509,228557,171479,210586,209462,199956,224424,149016,201362,194643,134245,227910,234947,160853,-10246,128563,249796,-8388607,0,2663,2664,2664,753,2482,-10110976,1,1,14,1,287,0,0,0,1
443350149,677339,670825,341522,305870,238383,116141,174629,228514,171634,210747,209645,200401,224361,148756,201385,194636,134422,228161,234934,160950,-10215,128787,249883,-8388607,0,2665,2659,2662,756,2478,-10110976,1,1,14,1,287,0,0,0,1
443350150,677360,669839,342326,306318,238341,116053,174484,228475,171871,211009,209716,200454,223967,148544,200855,194313,134600,228280,234950,161110,-10252,128792,249977,-8388607,0,2666,2665,2661,752,2480,-10110976,1,1,14,1,287,0,0,0,1
443350151,677278,668925,342813,306413,238161,115847,174303,228231,171975,211084,209837,200429,223684,148373,200806,194167,134628,228351,234991,161190,-10281,128672,249857,-8388607,0,2659,2666,2664,754,2482,-10110976,1,1,14,1,287,0,0,0,1
443350152,677509,668184,343348,306821,237862,115630,174112,228168,172154,211293,209881,200557,223342,147842,200540,193669,134796,228359,235121,161036,-10361,128813,249947,-8388607,0,2661,2663,2666,760,2477,-10110976,1,1,14,1,287,0,0,0,1
443350153,677756,667508,343954,307357,237733,115305,174046,228184,172253,211274,210050,200734,223074,147708,200499,193602,134961,228215,235030,161113,-10224,128704,249861,-8388607,0,2661,2673,2666,760,2473,-10110976,1,1,14,1,287,0,0,0,1
443350154,677992,666758,344579,307631,237776,115249,174027,227980,172621,211482,210376,200940,223160,147483,200582,193615,134994,228434,235203,161107,-10295,128771,249939,-8388607,0,2661,2666,2662,754,2481,-10110976,1,1,14,1,287,0,0,0,1
443350155,678360,666041,345256,307985,237675,115220,174159,227915,172557,211692,210360,201081,223143,147854,200649,193831,134913,228454,235029,161088,-10235,128618,249994,-8388607,0,2663,2664,2666,751,2481,-10110976,1,1,14,1,287,0,0,0,1
443350156,678890,665213,346462,308261,237819,115557,174170,228123,172539,211832,210360,200982,223278,147909,200759,194031,134875,228358,235099,160998,-10274,128670,250039,-8388607,0,2668,2666,2669,756,2476,-10110976,1,1,14,1,287,0,0,0,1
443350157,679368,664441,347262,308479,237865,115608,174279,228348,172457,211573,210133,200727,223627,148211,200856,194158,134673,228173,234832,160946,-10301,128621,249832,-8388607,0,2661,2670,2661,754,2477,-10110976,1,1,14,1,287,0,0,0,1
443350158,679963,664232,348185,308739,237968,115807,174290,228419,172171,211075,210092,200500,223910,148531,200993,194305,134406,228030,234914,160933,-10371,128545,250098,-8388607,0,2661,2662,2664,753,2479,-10110976,1,1,14,1,287,0,0,0,1
443350159,680684,663914,349033,309164,238241,115862,174257,228386,171783,210904,209581,200390,224088,148809,201050,194251,134117,227867,234570,160772,-10336,128560,249885,-8388607,0,2668,2659,2662,755,2477,-10110976,1,1,14,1,287,0,0,0,1
443350160,681167,664090,349807,309724,238317,116147,174520,228599,171763,210912,209745,200140,224514,149135,201482,194556,134023,227786,234565,160793,-10157,128652,250019,-8388607,0,2662,2665,2662,757,2480,-10110976,1,1,14,1,287,0,0,0,1
443350161,681332,664573,350502,310240,238455,116122,174690,228526,171755,210470,209629,200239,224773,149307,201698,194988,133912,227667,234537,160723,-10202,128585,249942,-8388607,0,2660,2661,2666,753,2482,-10110976,1,1,14,1,287,0,0,0,1
443350162,681609,665292,351167,311231,238515,116352,174877,228618,171561,210709,209804,200035,224672,149361,201665,194963,134018,227609,234699,160865,-10194,128613,250046,-8388607,0,2661,2663,2666,755,2478,-10110976,1,1,14,1,287,0,0,0,1
443350163,682089,666322,351791,312322,238393,116311,174669,228605,171547,210585,209526,200182,224541,149159,201480,194837,134154,227941,234801,161087,-10125,128604,249995,-8388607,0,2659,2667,2664,758,2479,-10110976,1,1,14,1,287,0,0,0,1
443350164,682283,667396,352579,313018,238279,115906,174590,228420,171669,210640,209523,200295,224256,148850,201436,194570,134310,227983,234745,160806,-10215,128618,250022,-8388607,0,2661,2668,2666,754,2482,-10110976,1,1,14,1,287,0,0,0,1
443350165,682800,668447,353373,314094,238205,115853,174409,228353,171869,210847,209919,200206,223988,148511,201156,194272,134581,228308,234805,160920,-10137,128718,250003,-8388607,0,2665,2664,2666,754,2478,-10110976,1,1,14,1,287,0,0,0,1
443350166,682999,669560,354156,314907,237923,115592,174129,228124,172040,210966,209744,200525,223769,148218,200919,194146,134742,228456,234862,160848,-10097,128617,250041,-8388607,0,2668,2664,2662,758,2472,-10110976,1,1,14,1,287,0,0,0,1
443350167,683303,670941,354887,315958,237754,115552,173947,228111,172277,211360,209977,200729,223406,147955,200816,193802,134873,228517,235119,161140,-9939,128787,249920,-8388607,0,2661,2668,2662,754,2481,-10110976,1,1,14,1,287,0,0,0,1
443350168,683310,672350,355525,316992,237587,115592,173940,228076,172352,211310,210118,200843,223330,147760,200871,193797,135060,228631,235218,161228,-9968,128824,249973,-8388607,0,2669,2663,2666,750,2477,-10110976,1,1,14,1,287,0,0,0,1
443350169,683162,673787,356055,317810,237632,115374,173830,228093,172511,211397,210305,200845,223179,147523,200635,193684,134988,228591,235324,161167,-10031,128570,250048,-8388607,0,2661,2662,2659,755,2476,-10110976,1,1,14,1,287,0,0,0,1
443350170,682912,675726,356436,318990,237666,115319,173872,228023,172432,211190,210294,200900,223336,147803,200602,193704,134954,228544,235249,161103,-9968,128593,250014,-8388607,0,2663,2666,2658,755,2479,-10110976,1,1,14,1,287,0,0,0,1
443350171,682705,677153,356779,320214,237782,115468,173979,228152,172261,211414,210177,200820,223368,147857,200697,193869,134904,228360,235250,161043,-9732,128871,250030,-8388607,0,2663,2663,2666,753,2481,-10110976,1,1,14,1,287,0,0,0,1
443350172,682389,678662,356990,321572,237923,115498,174283,228026,172119,211359,209967,200722,223467,147974,200859,194113,134583,228514,235037,161088,-9921,128795,250051,-8388607,0,2673,2663,2663,757,2477,-10110976,1,1,14,1,287,0,0,0,1
443350173,681835,680030,357558,322664,238098,115774,174285,228241,172043,211056,209999,200565,223843,148204,201103,194346,134570,228205,235070,161074,-9892,128895,250012,-8388607,0,2660,2673,2662,756,2473,-10110976,1,1,14,1,287,0,0,0,1
443350174,681410,680962,358364,323573,238186,115902,174381,228207,171937,211130,209469,200152,223892,148655,200937,194319,134220,227910,234691,160830,-9917,128748,250046,-8388607,0,2659,2665,2668,755,2490,-10110976,1,1,14,1,287,0,0,0,1
443350175,680899,681657,359080,324703,238382,116025,174549,228576,171517,210684,209484,200221,224205,148961,201361,194586,134308,227740,234922,160863,-9885,128893,250179,-8388607,0,2663,2662,2666,756,2478,-10110976,1,1,14,1,287,0,0,0,1
443350176,680298,681941,359544,325565,238309,116073,174530,228523,171385,210604,209494,200032,224400,148789,201595,194608,134005,227741,234725,160658,-9761,128946,250051,-8388607,0,2665,2665,2672,755,2474,-10110976,1,1,14,1,287,0,0,0,1
443350177,679970,682001,359950,326147,238323,116121,174405,228496,171537,210556,209452,200156,224598,149029,201408,194670,134048,227591,234538,160607,-9658,129005,249964,-8388607,0,2661,2665,2666,752,2481,-10110976,1,1,14,1,287,0,0,0,1
443350178,678886,681708,360169,326625,238436,116197,174456,228342,171383,210666,209365,200088,224397,148996,201537,194784,134228,227840,234543,160816,-9829,128829,250073,-8388607,0,2664,2664,2664,753,2478,-10110976,1,1,14,1,287,0,0,0,1
443350179,677972,681092,360435,326907,238315,116087,174410,228281,171475,210459,209575,200282,224225,148906,201296,194641,134256,228010,234607,160880,-9927,128886,250025,-8388607,0,2661,2664,2659,755,2475,-10110976,1,1,14,1,287,0,0,0,1
443350180,677047,679831,360741,327096,238203,115889,174404,228237,171687,210961,209536,200311,223986,148574,201209,194481,134338,228138,234846,160930,-9800,129020,250014,-8388607,0,2661,2666,2658,758,2478,-10110976,1,1,14,1,287,0,0,0,1
443350181,676067,678218,361056,327307,238065,115741,174426,228319,171860,211134,209777,200698,223911,148522,200860,194346,134573,228233,234913,160970,-10013,128629,250061,-8388607,0,2663,2663,2666,751,2481,-10110976,1,1,14,1,287,0,0,0,1
443350182,675491,676373,361606,327201,237979,115679,174355,228296,172180,211012,209910,200682,223726,148240,200867,194185,134842,228403,234961,161066,-10036,128609,250112,-8388607,0,2668,2663,2661,756,2477,-10110976,1,1,14,1,287,0,0,0,1
443350183,674968,674213,362114,327043,237954,115545,174161,228170,172401,211251,210135,200627,223359,148002,200674,194100,134768,228469,235072,161120,-10073,128456,249963,-8388607,0,2663,2667,2663,758,2478,-10110976,1,1,14,1,287,0,0,0,1
443350184,674395,672339,362722,326835,237787,115451,174148,228093,172488,211227,210151,200788,223249,147880,200666,193769,134892,228468,235160,161048,-10080,128372,250153,-8388607,0,2657,2666,2663,754,2482,-10110976,1,1,14,1,287,0,0,0,1
443350185,674002,670475,363235,326637,237903,115484,174051,228143,172508,211505,210295,200829,223238,147815,200825,193660,134926,228369,235141,161018,-10040,128398,250019,-8388607,0,2663,2661,2666,755,2478,-10110976,1,1,14,1,287,0,0,0,1
443350186,673812,668755,363786,326662,237798,115525,174061,228185,172434,211232,210054,200813,223387,147795,200724,193680,134784,228283,235166,161018,-10056,128401,249977,-8388607,0,2663,2666,2660,759,2478,-10110976,1,1,14,1,287,0,0,0,1
443350187,673660,667287,364393,327036,237886,115490,174031,228204,172296,211208,210072,200497,223515,147833,200817,193741,134801,228290,235113,161134,-10039,128471,250046,-8388607,0,2658,2667,2666,755,2479,-10110976,1,1,14,1,287,0,0,0,1
443350188,673688,666016,364906,327206,238012,115620,174311,228189,172238,211088,210008,200471,223842,148154,200888,194141,134548,228271,235113,161074,-10096,128370,250043,-8388607,0,2663,2665,2666,754,2477,-10110976,1,1,14,1,287,0,0,0,1
443350189,673563,664606,365676,327551,238116,115836,174261,228266,171867,210907,209681,200418,223798,148423,200913,194222,134342,228084,234895,161049,-9976,128439,250075,-8388607,0,2659,2663,2666,757,2473,-10110976,1,1,14,1,287,0,0,0,1
443350190,673604,663315,366025,327814,238290,115975,174464,228480,171625,210640,209619,200151,223955,148720,201129,194437,134221,227989,234822,160773,-9895,128549,250051,-8388607,0,2660,2668,2659,756,2480,-10110976,1,1,14,1,287,0,0,0,1
443350191,673786,662218,366881,327856,238429,116172,174680,228504,171427,210712,209686,200183,224425,148968,201590,194712,134131,227827,234879,160950,-9994,128640,250165,-8388607,0,2663,2662,2666,752,2478,-10110976,1,1,14,1,287,0,0,0,1
443350192,673998,660891,367669,328095,238438,116273,174612,228432,171517,210586,209750,200145,224604,148959,201666,194929,134031,227918,234688,160822,-9926,128616,250094,-8388607,0,2665,2665,2666,757,2473,-10110976,1,1,14,1,287,0,0,0,1
443350193,674083,659787,368355,328260,238485,116253,174710,228466,171744,210525,209846,200191,224667,149120,201687,194737,134121,227782,234669,160714,-9939,128535,249954,-8388607,0,2663,2666,2659,755,2481,-10110976,1,1,14,1,287,0,0,0,1
443350194,674106,659020,368863,328382,238230,116059,174390,228214,171686,210547,209732,199959,224558,149118,201231,194578,134106,227893,234623,160811,-9947,128289,249923,-8388607,0,2661,2662,2664,754,2483,-10110976,1,1,14,1,287,0,0,0,1
443350195,674180,658426,369445,328730,238111,115887,174443,228474,171681,210592,209830,200276,224367,148897,201133,194525,134391,228115,234712,160898,-10025,128201,250057,-8388607,0,2661,2663,2665,757,2477,-10110976,1,1,14,1,287,0,0,0,1
443350196,674016,658180,369945,329184,237884,115633,174215,228281,171987,210872,210057,200273,224152,148554,201234,194349,134583,228127,234599,161029,-10198,128127,249924,-8388607,0,2661,2666,2659,755,2478,-10110976,1,1,14,1,287,0,0,0,1
443350197,674181,658352,370405,329776,237739,115549,174192,228152,172212,211237,210064,200779,223742,148291,201068,194213,134602,228245,234778,161147,-10216,128114,249898,-8388607,0,2664,2667,2665,755,2484,-10110976,1,1,14,1,287,0,0,0,1
443350198,674314,658799,371184,330425,237751,115438,174073,228221,172437,211291,210186,200835,223674,148058,200761,193957,134839,228151,234944,161084,-10238,128104,249928,-8388607,0,2665,2663,2666,753,2478,-10110976,1,1,14,1,287,0,0,0,1
443350199,674877,659230,371829,331178,237663,115254,173858,227968,172516,211513,210191,200985,223385,147967,200657,193716,134851,228418,235093,161181,-10237,128055,249906,-8388607,0,2664,2666,2663,758,2475,-10110976,1,1,14,1,287,0,0,0,1
443350200,675539,660315,372737,332198,237809,115211,173844,228013,172383,211520,210198,200986,223301,147698,200682,193775,134763,228437,234882,161085,-9928,128270,250089,-8388607,0,2658,2668,2663,753,2480,-10110976,1,1,14,1,287,0,0,0,1
443350201,676119,661554,373602,333263,237637,115434,174012,227961,172392,211414,210128,200608,223130,147684,200637,193701,134760,228212,234998,161077,-9782,128332,249924,-8388607,0,2661,2662,2665,752,2479,-10110976,1,1,14,1,287,0,0,0,1
443350202,676485,662583,374459,334326,237861,115606,174203,228157,172090,211380,210204,200679,223569,147824,200717,193941,134547,228263,235086,161164,-9968,128317,249896,-8388607,0,2668,2663,2662,757,2478,-10110976,1,1,14,1,287,0,0,0,1
443350203,676801,664128,375234,335656,238066,115766,174391,228396,172088,210907,209907,200571,223630,148155,200829,194028,134548,228200,235011,161145,-9774,128466,249874,-8388607,0,2661,2668,2660,756,2479,-10110976,1,1,14,1,287,0,0,0,1
443350204,677039,665598,376064,336855,238251,116001,174443,228677,171757,210971,209892,200173,223810,148395,200942,194168,134334,228127,234778,160985,-9629,128504,249845,-8388607,0,2662,2661,2664,749,2488,-10110976,1,1,14,1,287,0,0,0,1
443350205,676935,666833,376557,338310,238446,116169,174609,228817,171719,210709,209789,200206,224026,148530,201161,194655,134266,228037,234834,161006,-9720,128453,249807,-8388607,0,2663,2664,2659,756,2477,-10110976,1,1,14,1,287,0,0,0,1
443350206,676670,668048,376985,339119,238541,116257,174776,228689,171574,210639,209574,200033,224113,148725,201327,194504,134186,227985,234637,160896,-9714,128684,249871,-8388607,0,2661,2665,2662,755,2479,-10110976,1,1,14,1,287,0,0,0,1
443350207,676278,669193,377507,340211,238543,116554,174849,228665,171577,210812,209603,200232,224475,148758,201476,194481,134279,227932,234739,160869,-9682,128500,250042,-8388607,0,2661,2663,2665,754,2484,-10110976,1,1,14,1,287,0,0,0,1
443350208,675768,669937,377896,341022,238502,116198,174649,228611,171445,210594,209657,200261,224575,148807,201402,194791,134345,228062,234799,160842,-9858,128508,249909,-8388607,0,2665,2659,2664,755,2478,-10110976,1,1,14,1,287,0,0,0,1
443350209,675327,670516,378441,341761,238558,115969,174531,228383,171527,210727,209617,200291,224374,149024,201326,194552,134306,228042,234890,160847,-9854,128369,249892,-8388607,0,2661,2664,2662,760,2478,-10110976,1,1,14,1,287,0,0,0,1
443350210,674720,670891,378894,342524,238194,115819,174247,228204,171801,210947,209759,200531,224233,148867,201095,194436,134391,227924,234805,160943,-9916,128401,249889,-8388607,0,2656,2663,2663,752,2480,-10110976,1,1,14,1,287,0,0,0,1
443350211,674303,671449,379460,343306,238010,115665,174199,227986,172066,210950,209944,200671,224147,148621,201186,194442,134659,228148,234806,160980,-9943,128378,249934,-8388607,0,2662,2663,2668,755,2479,-10110976,1,1,14,1,287,0,0,0,1
443350212,673788,671897,379878,343958,237691,115362,174029,228066,172195,211158,210228,200674,223854,148347,200986,194162,134617,228277,234922,161015,-9944,128373,249914,-8388607,0,2662,2665,2666,755,2473,-10110976,1,1,14,1,287,0,0,0,1
443350213,673297,672528,380073,344934,237628,115227,173904,227892,172426,211306,210198,200713,223705,148174,200836,193958,134638,228137,234674,161012,-10056,128259,249894,-8388607,0,2661,2676,2662,758,2481,-10110976,1,1,14,1,287,0,0,0,1
443350214,673016,673004,380669,345815,237564,115246,173954,228029,172481,211426,210284,200690,223427,147950,200694,194016,134645,228326,234975,161083,-10010,128360,249902,-8388607,0,2665,2666,2665,750,2481,-10110976,1,1,14,1,287,0,0,0,1
443350215,672805,672951,381271,346737,237594,115134,173866,228030,172456,211380,210163,200508,223262,147746,200726,193832,134598,228277,234935,160863,-10006,128401,249743,-8388607,0,2668,2663,2663,757,2473,-10110976,1,1,14,1,287,0,0,0,1
443350216,672826,672938,381975,347449,237785,115414,174023,228032,172479,211156,210064,200562,223405,147641,200666,193871,134631,228138,234907,160994,-9741,128348,249941,-8388607,0,2660,2667,2661,756,2480,-10110976,1,1,14,1,287,0,0,0,1
443350217,672895,672440,382781,347815,237968,115604,174170,228120,172209,211154,209914,200660,223291,147899,200683,193728,134632,228374,235032,160995,-9847,128514,249942,-8388607,0,2661,2664,2664,751,2482,-10110976,1,1,14,1,287,0,0,0,1
443350218,672973,671791,383839,348295,238300,115993,174377,228373,171826,211071,209747,200593,223496,147925,200776,194052,134517,228193,235007,161086,-9916,128501,249866,-8388607,0,2666,2662,2664,755,2476,-10110976,1,1,14,1,287,0,0,0,1
443350219,672838,670917,384600,348614,238370,116157,174544,228536,171752,210799,209835,200534,223605,148189,200936,194083,134471,228137,235072,161017,-9703,128566,249819,-8388607,0,2663,2667,2662,755,2480,-10110976,1,1,14,1,287,0,0,0,1
443350220,672624,669810,385136,348689,238485,116248,174560,228515,171531,210640,209692,200261,223872,148388,200902,194292,134256,228007,234788,161052,-9850,128454,249805,-8388607,0,2660,2665,2664,754,2482,-10110976,1,1,14,1,287,0,0,0,1
443350221,672489,668968,385501,349137,238237,116303,174632,228602,171412,210485,209692,200205,223945,148732,201160,194406,134364,228032,234916,160953,-9732,128297,249836,-8388607,0,2661,2664,2666,756,2478,-10110976,1,1,14,1,287,0,0,0,1
443350222,672011,667877,386031,349140,238346,116140,174641,228671,171410,210632,209484,199968,224320,148643,201258,194476,134233,228246,234936,160784,-9798,128202,249848,-8388607,0,2661,2664,2659,757,2475,-10110976,1,1,14,1,287,0,0,0,1
443350223,671653,666995,386358,349546,238423,116024,174650,228494,171693,210582,209412,200066,224076,148704,201176,194514,134320,227981,234640,160912,-9912,128152,249952,-8388607,0,2661,2668,2664,754,2479,-10110976,1,1,14,1,287,0,0,0,1
443350224,671494,665934,386615,349911,238196,116039,174488,228347,171863,210699,209650,200210,224186,148855,201307,194510,134364,228037,234883,160925,-9999,128147,249737,-8388607,0,2665,2663,2666,751,2478,-10110976,1,1,14,1,287,0,0,0,1
443350225,671460,665095,387229,350164,238165,115648,174371,228366,172022,210786,209819,200417,224190,148568,201233,194665,134328,228060,234835,160959,-9963,128211,249824,-8388607,0,2663,2665,2666,758,2475,-10110976,1,1,14,1,287,0,0,0,1
443350226,671751,664196,388162,350324,237988,115602,174119,228199,172118,210988,209934,200592,224185,148560,201215,194371,134540,228182,234885,160923,-9768,128166,249816,-8388607,0,2661,2670,2659,753,2481,-10110976,1,1,14,1,287,0,0,0,1
443350227,672194,662908,389085,350535,237841,115418,173993,228221,172116,211212,210163,200980,224098,148513,201264,194466,134690,228275,235008,161040,-9696,128267,249811,-8388607,0,2658,2663,2666,752,2479,-10110976,1,1,14,1,287,0,0,0,1
443350228,672470,661881,390047,350894,237687,115296,173974,227974,172342,211259,210046,200920,223830,148453,200966,194245,134605,228309,234919,160908,-9707,128247,249807,-8388607,0,2666,2663,2666,757,2477,-10110976,1,1,14,1,287,0,0,0,1
443350229,672718,660709,391219,351132,237643,115304,173934,228153,172318,211308,210150,200926,223832,148117,200916,194194,134742,228308,235063,160990,-9484,128289,249849,-8388607,0,2663,2668,2657,757,2475,-10110976,1,1,14,1,287,0,0,0,1
443350230,672581,659851,391998,351394,237747,115380,173775,228173,172331,211402,210232,200817,223516,148130,200765,193909,134776,228451,235047,161043,-9471,128364,249750,-8388607,0,2662,2665,2661,751,2481,-10110976,1,1,14,1,287,0,0,0,1
443350231,672217,658790,392573,351775,237688,115652,174008,228171,172310,211271,210125,200622,223665,147985,200658,193892,134527,228126,235043,160951,-9594,128473,249879,-8388607,0,2662,2661,2665,754,2477,-10110976,1,1,14,1,287,0,0,0,1
443350232,671393,657743,392910,352042,238050,115755,174192,228315,172288,211220,210132,200760,223587,148189,200865,194144,134545,228193,234942,160961,-9652,128583,249840,-8388607,0,2659,2665,2664,758,2477,-10110976,1,1,14,1,287,0,0,0,1
443350233,670520,656730,393105,352134,238133,115918,174447,228369,172098,211172,210113,200473,223442,148133,200868,194148,134570,228177,234902,160854,-9581,128579,249780,-8388607,0,2661,2665,2663,753,2483,-10110976,1,1,14,1,287,0,0,0,1
443350234,669432,655677,393330,352422,238245,116001,174460,228444,172056,210926,209951,200196,223675,148112,200898,194192,134470,228098,234754,161021,-9675,128286,249820,-8388607,0,2665,2662,2666,754,2478,-10110976,1,1,14,1,287,0,0,0,1
443350235,668381,654541,393629,352406,238463,116161,174746,228613,171813,210803,209662,200244,223672,148272,201013,194401,134369,228146,234893,160914,-9719,128315,249950,-8388607,0,2665,2664,2662,758,2475,-10110976,1,1,14,1,287,0,0,0,1
443350236,667418,653489,393975,352488,238484,116277,174610,228451,171631,210796,209774,200305,224094,148484,201226,194157,134176,228008,235019,160960,-9869,128069,249810,-8388607,0,2663,2668,2661,748,2481,-10110976,1,1,14,1,287,0,0,0,1
443350237,666416,652538,394476,352833,238499,116252,174530,228603,171600,210849,209610,200416,223957,148751,201233,194491,134383,227963,234683,160957,-9931,127958,249801,-8388607,0,2661,2662,2666,749,2482,-10110976,1,1,14,1,287,0,0,0,1
443350238,665590,652029,394897,353207,238294,116365,174605,228560,171468,210584,209492,200179,224055,148695,201375,194463,134303,228027,234781,160857,-10056,127850,249881,-8388607,0,2665,2662,2662,756,2477,-10110976,1,1,14,1,287,0,0,0,1
443350239,664780,651818,395256,353683,238119,115984,174442,228536,171584,210921,209784,200300,224180,148694,201186,194558,134457,228074,234863,160929,-9961,127778,249800,-8388607,0,2663,2667,2659,756,2480,-10110976,1,1,14,1,287,0,0,0,1
443350240,664236,652151,395839,354627,238162,115734,174396,228447,171793,210955,209883,200545,224486,148852,201471,194671,134529,228289,234975,161048,-9925,127864,249961,-8388607,0,2664,2666,2661,751,2483,-10110976,1,1,14,1,287,0,0,0,1
443350241,663595,652777,396227,355477,237741,115701,174328,228213,171995,211017,209924,200598,224151,148746,201298,194486,134578,228285,234958,161019,-9962,128019,249905,-8388607,0,2663,2663,2666,756,2477,-10110976,1,1,14,1,287,0,0,0,1
443350242,663161,653616,396637,356693,237768,115533,174014,228178,172042,210912,209939,200681,224086,148626,201045,194291,134603,228277,234973,161119,-9725,128127,249891,-8388607,0,2658,2663,2664,758,2479,-10110976,1,1,14,1,287,0,0,0,1
443350243,662991,654484,397191,357592,237727,115303,174088,227890,172426,211157,210028,200637,223787,148289,201054,194249,134675,228374,234960,161044,-9788,128223,249880,-8388607,0,2661,2665,2666,756,2481,-10110976,1,1,14,1,287,0,0,0,1
443350244,662586,655056,397846,358726,237632,115291,174059,227857,172309,211248,210350,200860,223927,148185,200939,194382,134598,228297,235170,161223,-9748,128214,249822,-8388607,0,2672,2661,2665,756,2477,-10110976,1,1,14,1,287,0,0,0,1
443350245,662251,655525,398562,359712,237676,115251,173988,227945,172175,211316,210258,200578,223668,148157,200783,194240,134521,228223,235278,161032,-9607,128408,249838,-8388607,0,2665,2665,2661,758,2473,-10110976,1,1,14,1,287,0,0,0,1
443350246,662065,655827,399296,360641,237674,115449,174141,228157,172153,211317,210173,200643,223495,148192,200866,194016,134721,228251,235117,161229,-9559,128409,249913,-8388607,0,2661,2664,2666,754,2483,-10110976,1,1,14,1,287,0,0,0,1
443350247,661672,655902,399794,361602,237802,115572,174166,228306,172255,211264,210038,200728,223717,148075,200797,194130,134699,228304,235053,161154,-9711,128444,249922,-8388607,0,2661,2664,2666,754,2481,-10110976,1,1,14,1,287,0,0,0,1
443350248,661192,655832,400380,362077,238040,115838,174452,228303,171996,211105,210076,200345,223550,148188,200925,194032,134543,228124,235128,161028,-9526,128279,249831,-8388607,0,2659,2667,2664,756,2477,-10110976,1,1,14,1,287,0,0,0,1
443350249,660566,655590,400630,362399,238050,116038,174466,228397,171995,211119,209835,200486,223724,148248,200924,193982,134507,227919,234948,160915,-9624,128171,249899,-8388607,0,2661,2666,2658,755,2479,-10110976,1,1,14,1,287,0,0,0,1
443350250,659995,655328,400841,362566,238270,116004,174565,228505,171694,210911,209690,200339,223776,148289,200953,194120,134380,227964,234886,160911,-9548,128169,249979,-8388607,0,2672,2663,2666,752,2480,-10110976,1,1,14,1,287,0,0,0,1
443350251,659523,655073,401005,363013,238464,116232,174591,228505,171687,210586,209461,200325,223851,148369,201156,194345,134353,228055,234995,160972,-9828,128088,249860,-8388607,0,2668,2663,2666,756,2477,-10110976,1,1,14,1,287,0,0,0,1
443350252,658937,654882,401519,363625,238406,116213,174775,228559,171501,210714,209603,200057,223890,148557,201178,194482,134271,227795,234724,160989,-9790,127986,249786,-8388607,0,2662,2665,2661,755,2477,-10110976,1,1,14,1,287,0,0,0,1
443350253,658600,654625,401885,364120,238518,116120,174689,228421,171716,210728,209849,200193,224031,148628,201257,194425,134280,227986,234631,160871,-9758,127859,249694,-8388607,0,2663,2662,2664,755,2481,-10110976,1,1,14,1,287,0,0,0,1
443350254,658464,654375,402533,364848,238339,115713,174464,228360,171598,210772,209661,200173,223900,148584,201212,194285,134318,228019,234935,160893,-10052,127936,249818,-8388607,0,2663,2661,2666,757,2477,-10110976,1,1,14,1,287,0,0,0,1
443350255,658554,654132,403577,365413,238248,115782,174434,228365,171999,210962,209797,200413,223977,148533,201205,194313,134401,228284,234947,161001,-9825,128141,249747,-8388607,0,2664,2664,2660,759,2478,-10110976,1,1,14,1,287,0,0,0,1
443350256,658836,653738,404504,366064,237939,115621,174265,228313,172078,210985,209780,200601,224044,148566,201229,194310,134446,228157,234868,160993,-9523,128022,249867,-8388607,0,2659,2665,2665,753,2481,-10110976,1,1,14,1,287,0,0,0,1
443350257,659040,653513,405215,366776,237703,115481,173982,228051,172020,211005,210088,200626,223999,148371,201118,194182,134504,228128,234931,161038,-9429,128135,249717,-8388607,0,2661,2662,2666,755,2476,-10110976,1,1,14,1,287,0,0,0,1
443350258,659073,653213,406300,367417,237682,115373,173916,228048,172082,211223,210183,200826,224129,148398,201060,194335,134706,228090,234826,161009,-9380,128327,249759,-8388607,0,2663,2664,2662,758,2475,-10110976,1,1,14,1,287,0,0,0,1
443350259,659018,652636,406810,367700,237660,115113,173876,228025,172337,211243,210176,200816,223945,148350,201109,194074,134656,228212,234929,160903,-9342,128461,249798,-8388607,0,2661,2666,2662,753,2481,-10110976,1,1,14,1,287,0,0,0,1
443350260,658671,651914,407292,367981,237662,115286,174081,227942,172264,211338,210078,200651,223820,148146,200894,194242,134692,228165,235001,161055,-9338,128393,249789,-8388607,0,2664,2661,2666,751,2479,-10110976,1,1,14,1,287,0,0,0,1
443350261,658090,650577,407676,368396,237891,115483,174232,228108,172350,211319,210121,200754,223910,148337,201037,194145,134689,228233,235053,161030,-9299,128403,249859,-8388607,0,2668,2666,2663,755,2477,-10110976,1,1,14,1,287,0,0,0,1
443350262,657217,648907,407998,367963,237816,115568,174319,228150,172192,210909,210075,200549,223624,148155,200816,193975,134498,228089,234941,160958,-9362,128336,249773,-8388607,0,2661,2668,2661,755,2477,-10110976,1,1,14,1,287,0,0,0,1
443350263,656466,647187,408593,367918,238087,115685,174459,228376,172180,211018,209863,200551,223591,148349,200859,194391,134610,228208,234994,161001,-9502,128092,249679,-8388607,0,2661,2666,2665,751,2482,-10110976,1,1,14,1,287,0,0,0,1
443350264,655689,645176,408862,367889,238210,115920,174652,228542,171868,210891,209973,200356,223789,148363,201045,194219,134435,228233,235034,160835,-9795,128011,249702,-8388607,0,2663,2662,2664,757,2476,-10110976,1,1,14,1,287,0,0,0,1
443350265,655003,643397,409498,367363,238404,116124,174635,228463,171807,210964,209884,200352,223957,148518,201182,194455,134288,228178,234898,160790,-9783,127799,249819,-8388607,0,2663,2667,2660,760,2478,-10110976,1,1,14,1,287,0,0,0,1
443350266,654366,641653,410023,367368,238481,115991,174613,228522,171552,210877,209571,200327,224038,148606,201082,194354,134385,228117,235028,160985,-9736,127869,249786,-8388607,0,2662,2666,2661,752,2477,-10110976,1,1,14,1,287,0,0,0,1
443350267,654188,640423,410603,367525,238529,116275,174835,228589,171588,210637,209578,200175,224040,148520,201143,194293,134466,228064,234923,160826,-9650,127827,249923,-8388607,0,2665,2664,2668,756,2478,-10110976,1,1,14,1,287,0,0,0,1
443350268,653640,639466,411211,367678,238491,116271,174593,228654,171724,210682,209656,200289,224178,148716,201194,194269,134350,228141,234986,160801,-9691,127815,249845,-8388607,0,2662,2666,2662,759,2475,-10110976,1,1,14,1,287,0,0,0,1
443350269,653049,638836,411833,368239,238161,115978,174401,228375,171467,210710,209652,200263,224085,148548,201243,194174,134422,227973,234851,160738,-9601,127795,249718,-8388607,0,2657,2662,2666,754,2481,-10110976,1,1,14,1,287,0,0,0,1
443350270,652694,638426,412409,369030,238110,115879,174277,228439,171780,210690,209783,200466,224128,148451,201302,194330,134532,228043,234717,160788,-9547,128022,249759,-8388607,0,2664,2666,2666,754,2480,-10110976,1,1,14,1,287,0,0,0,1
443350271,652183,637932,413103,369692,237989,115495,174274,228130,171985,210884,209784,200413,223854,148444,201132,194401,134591,228138,234838,160824,-9468,128157,249820,-8388607,0,2665,2666,2663,758,2473,-10110976,1,1,14,1,287,0,0,0,1
443350272,651833,637915,413525,370489,237895,115574,174034,228131,172143,211176,210012,200461,224082,148402,201228,194470,134543,228360,234894,160986,-9510,128179,249799,-8388607,0,2664,2669,2661,751,2479,-10110976,1,1,14,1,287,0,0,0,1
443350273,651278,637719,413977,371259,237732,115406,173978,228161,172165,211141,209975,200662,223860,148353,200977,194229,134614,228119,234822,161041,-9472,128038,249711,-8388607,0,2662,2661,2666,750,2481,-10110976,1,1,14,1,287,0,0,0,1
443350274,650753,637337,414552,371750,237630,115394,173959,228132,172183,211347,209973,200617,223856,148403,200879,194303,134653,228244,235157,160927,-9320,128069,249726,-8388607,0,2663,2661,2662,754,2476,-10110976,1,1,14,1,287,0,0,0,1
443350275,650025,637017,414901,372113,237692,115390,174060,228145,172034,210996,210017,200563,223653,148287,200729,194019,134358,228012,234879,160883,-9331,128126,249795,-8388607,0,2661,2666,2659,757,2480,-10110976,1,1,14,1,287,0,0,0,1
443350276,649169,636662,415176,372776,237844,115685,174235,228105,172148,211224,210109,200599,223848,148295,200836,194034,134324,227982,234949,160942,-9298,128327,249957,-8388607,0,2662,2666,2661,749,2491,-10110976,1,1,14,1,287,0,0,0,1
443350277,648184,635951,415402,373140,238003,115769,174170,228161,172280,211178,210090,200514,223908,148387,200865,193995,134502,228135,235096,160960,-9445,128026,249720,-8388607,0,2665,2659,2664,755,2477,-10110976,1,1,14,1,287,0,0,0,1
443350278,647005,635426,415657,373536,237944,115793,174293,228263,172144,211138,209992,200638,223870,148393,200952,194211,134461,227932,234976,160967,-9501,128097,249758,-8388607,0,2661,2665,2662,757,2480,-10110976,1,1,14,1,287,0,0,0,1
443350279,645533,635005,415659,374396,238141,115841,174293,228321,171837,211038,209839,200336,223777,148029,200715,194138,134360,228190,234819,160764,-9422,128023,249651,-8388607,0,2657,2664,2664,754,2482,-10110976,1,1,14,1,287,0,0,0,1
443350280,644193,634388,415951,375053,238282,116140,174605,228411,171736,210775,209931,200433,223729,148339,201002,194310,134516,228141,234885,161010,-9570,128055,249753,-8388607,0,2663,2659,2666,752,2478,-10110976,1,1,14,1,287,0,0,0,1
443350281,642911,633820,416114,375639,238378,116052,174696,228637,171582,210765,209713,200364,223656,148311,201054,194242,134409,227997,234778,160806,-9542,127878,249827,-8388607,0,2664,2663,2662,755,2475,-10110976,1,1,14,1,287,0,0,0,1
443350282,641270,633217,416328,376109,238533,116043,174706,228649,171694,210934,209652,200411,224094,148498,201259,194467,134507,228194,234882,160877,-9613,128026,249666,-8388607,0,2661,2668,2659,753,2480,-10110976,1,1,14,1,287,0,0,0,1
443350283,640000,632540,416471,376493,238403,116137,174771,228399,171685,210638,209877,200332,223876,148665,201220,194324,134322,228156,234888,160888,-9575,128068,249868,-8388607,0,2661,2664,2663,750,2477,-10110976,1,1,14,1,287,0,0,0,1
443350284,638872,631923,416441,376636,238591,116093,174710,228406,171826,210763,209726,200403,223983,148743,201170,194416,134569,228115,235028,160824,-9497,127992,249874,-8388607,0,2663,2666,2662,758,2478,-10110976,1,1,14,1,287,0,0,0,1
443350285,637471,631171,416466,376979,238387,116002,174389,228505,171850,210978,209880,200284,224088,148743,201131,194436,134758,228013,234954,161035,-9534,128127,249781,-8388607,0,2659,2669,2662,755,2479,-10110976,1,1,14,1,287,0,0,0,1
443350286,636410,630581,416604,377331,238024,115722,174292,228384,171857,210967,209978,200469,224045,148489,201008,194394,134577,228155,234928,161038,-9497,127786,249786,-8388607,0,2665,2666,2664,751,2482,-10110976,1,1,14,1,287,0,0,0,1
443350287,635232,629913,416835,377740,237933,115755,174266,228419,172344,211177,210203,200557,224133,148785,201200,194345,134498,228218,234921,161059,-9630,127773,249864,-8388607,0,2670,2659,2664,755,2478,-10110976,1,1,14,1,287,0,0,0,1
443350288,634164,629330,417156,378121,237899,115495,174262,228284,172238,211148,209989,200636,224196,148458,201130,194210,134689,228137,234854,160968,-9629,127724,249830,-8388607,0,2663,2664,2658,763,2475,-10110976,1,1,14,1,287,0,0,0,1
443350289,633079,628478,417409,378459,237591,115367,174129,228046,172147,211108,210055,200471,223776,148356,201102,194066,134537,228344,234836,160891,-9816,127578,249799,-8388607,0,2660,2665,2666,754,2481,-10110976,1,1,14,1,287,0,0,0,1
443350290,632553,628060,417605,378911,237838,115476,174170,228250,172333,211264,210116,200523,223676,148365,200903,194257,134699,228136,234826,160868,-9680,127639,249823,-8388607,0,2663,2659,2666,756,2477,-10110976,1,1,14,1,287,0,0,0,1
443350291,632134,627302,418139,379311,237924,115379,174042,228254,172188,211545,210186,200692,223730,148263,200937,194254,134476,228121,234899,161003,-9700,127673,249724,-8388607,0,2663,2665,2662,759,2478,-10110976,1,1,14,1,287,0,0,0,1
443350292,631800,626851,418765,379811,237916,115391,174075,228108,172154,211179,210147,200683,223610,148303,200975,194213,134517,228104,234912,161014,-9616,127767,249797,-8388607,0,2661,2666,2662,754,2480,-10110976,1,1,14,1,287,0,0,0,1
443350293,631759,626512,419452,380476,237948,115633,174144,228006,172018,210938,210021,200729,223781,148179,200856,194110,134378,228161,234974,161028,-9690,127758,249733,-8388607,0,2665,2660,2666,750,2477,-10110976,1,1,14,1,287,0,0,0,1
443350294,631970,626037,420320,380839,237942,115656,174184,228241,172004,211024,209985,200411,223833,148360,200835,194217,134423,228099,234970,160977,-9605,127784,249803,-8388607,0,2664,2663,2663,755,2477,-10110976,1,1,14,1,287,0,0,0,1
443350295,631910,625505,421076,381180,238011,115763,174487,228314,171732,211003,209889,200377,223944,148393,200922,194279,134292,228267,234887,161028,-9529,127870,249803,-8388607,0,2658,2665,2660,752,2481,-10110976,1,1,14,1,287,0,0,0,1
443350296,632295,624784,421985,381657,238219,115893,174283,228453,171822,210689,209554,200117,224003,148503,201106,194219,134380,228081,234900,161065,-9298,127910,249706,-8388607,0,2665,2667,2666,751,2481,-10110976,1,1,14,1,287,0,0,0,1
443350297,632628,623909,422727,381938,238268,116016,174719,228479,171675,210657,209649,200105,223964,148556,201301,194270,134468,228262,235000,161016,-9359,127987,249724,-8388607,0,2664,2660,2664,756,2477,-10110976,1,1,14,1,287,0,0,0,1
443350298,632732,623031,423569,382174,238353,115944,174738,228581,171594,210631,209561,200188,223984,148654,201473,194427,134420,228068,234975,160755,-9340,127899,249743,-8388607,0,2663,2664,2659,757,2479,-10110976,1,1,14,1,287,0,0,0,1
443350299,632703,622048,424451,382352,238447,116139,174621,228496,171831,210584,209524,200366,224111,148432,201348,194495,134665,228229,234994,160954,-9319,127987,249742,-8388607,0,2663,2662,2664,752,2484,-10110976,1,1,14,1,287,0,0,0,1
443350300,632513,620970,425157,382657,238316,116033,174469,228285,171849,210764,209662,200344,224016,148547,201287,194581,134628,228366,234998,160953,-9208,127901,249624,-8388607,0,2663,2667,2666,755,2479,-10110976,1,1,14,1,287,0,0,0,1
443350301,632278,619872,425707,382837,238207,115850,174405,228334,171967,210824,209727,200408,223899,148534,201290,194409,134556,228203,235014,160831,-9342,127908,249823,-8388607,0,2663,2665,2664,764,2477,-10110976,1,1,14,1,287,0,0,0,1
443350302,631843,618853,426061,382878,238199,115786,174255,228259,172073,211176,210149,200738,223874,148457,201004,194333,134620,228290,235058,161113,-9410,127834,249742,-8388607,0,2664,2667,2663,755,2484,-10110976,1,1,14,1,287,0,0,0,1
443350303,631425,617893,426543,383112,237989,115675,174246,228249,172177,211170,210041,200663,223830,148536,200869,194299,134737,228215,234903,161038,-9511,127711,249759,-8388607,0,2672,2670,2670,754,2477,-10110976,1,1,14,1,287,0,0,0,1
443350304,630891,616833,427123,383222,237872,115532,174194,228267,172156,211296,209987,200734,223869,148191,201007,194200,134679,228303,234888,160942,-9479,127841,249832,-8388607,0,2666,2665,2663,758,2475,-10110976,1,1,14,1,287,0,0,0,1
443350305,630483,615887,427829,383449,237735,115506,174137,228241,172379,211062,210258,200668,223883,148226,201063,194183,134533,228169,234948,161037,-9425,127956,249783,-8388607,0,2660,2668,2659,755,2482,-10110976,1,1,14,1,287,0,0,0,1
443350306,630015,614756,428247,383663,237822,115527,174257,228114,172523,211333,210244,200696,223769,148173,200942,194060,134615,228219,235026,161176,-9298,128006,249649,-8388607,0,2661,2664,2664,751,2480,-10110976,1,1,14,1,287,0,0,0,1
443350307,629314,613739,428780,383639,237837,115619,174177,228104,172340,211273,210070,200587,223652,148371,201072,194259,134507,228105,235044,160936,-9290,127932,249721,-8388607,0,2666,2668,2661,755,2475,-10110976,1,1,14,1,287,0,0,0,1
443350308,628412,612883,429157,383892,237990,115717,174262,228164,172250,211338,210186,200330,223787,148341,201208,194232,134500,228027,234952,160791,-9291,127963,249579,-8388607,0,2666,2666,2658,754,2480,-10110976,1,1,14,1,287,0,0,0,1
443350309,627345,612076,429418,384379,238224,115896,174257,228412,172079,211054,209944,200542,223835,148451,200978,194279,134502,228010,234847,160927,-9258,128086,249676,-8388607,0,2662,2668,2665,753,2480,-10110976,1,1,14,1,287,0,0,0,1
443350310,626068,611524,429603,384770,238223,115778,174390,228376,171854,210984,209747,200516,223924,148361,201026,194129,134378,227944,234902,160835,-9217,127999,249638,-8388607,0,2664,2662,2663,755,2479,-10110976,1,1,14,1,287,0,0,0,1
443350311,624632,610969,429629,385198,238225,115984,174592,228439,171656,210866,209671,200342,223861,148568,201165,194265,134426,228081,234826,160823,-9425,127960,249649,-8388607,0,2660,2665,2664,757,2477,-10110976,1,1,14,1,287,0,0,0,1
443350312,623052,610387,429709,385781,238498,116106,174462,228386,171671,210667,209695,200248,223840,148630,201170,194449,134591,228073,234995,160956,-9327,127765,249616,-8388607,0,2662,2665,2664,753,2484,-10110976,1,1,14,1,287,0,0,0,1
443350313,621644,609562,429600,386122,238357,115954,174457,228440,171583,210698,209578,200259,224173,148690,201250,194443,134487,228139,234844,161001,-9515,127895,249799,-8388607,0,2667,2659,2666,756,2475,-10110976,1,1,14,1,287,0,0,0,1
443350314,620405,609052,429882,386440,238188,115876,174372,228547,171699,210728,209702,200241,223987,148516,201195,194422,134398,228066,234851,161120,-9342,127886,249723,-8388607,0,2663,2664,2662,758,2475,-10110976,1,1,14,1,287,0,0,0,1
443350315,618996,608087,430046,386636,238152,115903,174436,228439,171945,210811,209798,200482,224130,148625,201308,194469,134669,228243,235038,161109,-9519,127746,249702,-8388607,0,2659,2669,2666,751,2481,-10110976,1,1,14,1,287,0,0,0,1
443350316,617894,607241,430421,386895,238078,115732,174301,228368,172002,210980,209758,200671,224140,148656,201186,194496,134498,228289,235086,160970,-9482,127706,249763,-8388607,0,2661,2664,2666,754,2478,-10110976,1,1,14,1,287,0,0,0,1
443350317,616594,606534,430798,387341,237913,115588,174165,228135,172163,211139,209898,200533,223865,148346,201083,194322,134605,228254,234897,160996,-9534,127629,249762,-8388607,0,2661,2666,2662,759,2475,-10110976,1,1,14,1,287,0,0,0,1
443350318,615416,606151,431007,387847,237896,115567,174294,228267,172214,211355,210039,200625,223868,148270,201010,194276,134585,228311,235043,161055,-9385,127715,249772,-8388607,0,2661,2666,2662,755,2479,-10110976,1,1,14,1,287,0,0,0,1
443350319,614054,605736,431000,388381,237874,115408,174296,228083,172246,211277,209808,200599,223887,148134,201075,194039,134566,228232,234987,160888,-9456,127583,249718,-8388607,0,2663,2662,2666,751,2479,-10110976,1,1,14,1,287,0,0,0,1
443350320,612842,605518,431024,388785,238002,115623,174065,228070,172265,211425,209993,200706,223749,148140,201044,194242,134797,228314,235066,160845,-9553,127734,249810,-8388607,0,2665,2662,2659,755,2476,-10110976,1,1,14,1,287,0,0,0,1
443350321,611843,605493,430944,389577,238082,115634,174346,228538,172383,211416,209992,200555,223679,148200,200887,194176,134567,228306,235062,161004,-9654,127682,249795,-8388607,0,2660,2665,2659,753,2481,-10110976,1,1,14,1,287,0,0,0,1
443350322,610913,605332,431281,390177,238122,115944,174425,228381,172286,211507,210039,200761,223780,148227,200936,194116,134483,228158,234923,160920,-9697,127657,249661,-8388607,0,2661,2664,2666,752,2482,-10110976,1,1,14,1,287,0,0,0,1
443350323,610422,605135,431871,390840,238146,115844,174496,228474,172228,211270,210047,200726,223704,148183,200853,194101,134463,228060,234839,160889,-9674,127642,249743,-8388607,0,2666,2659,2665,754,2477,-10110976,1,1,14,1,287,0,0,0,1
443350324,609914,604713,432444,391399,238312,115950,174712,228463,171919,210955,209862,200383,223541,148153,200849,194080,134358,228027,234724,160803,-9682,127483,249750,-8388607,0,2663,2667,2664,758,2479,-10110976,1,1,14,1,287,0,0,0,1
443350325,609882,604285,433259,391981,238363,116015,174524,228516,172079,210999,209857,200363,223962,148188,201095,194244,134413,228175,234831,160947,-9475,127581,249736,-8388607,0,2662,2666,2665,754,2481,-10110976,1,1,14,1,287,0,0,0,1
443350326,609864,603765,433953,392270,238308,116075,174495,228597,171903,210866,209815,200420,224123,148528,201141,194445,134295,227952,234874,160942,-9418,127727,249847,-8388607,0,2661,2672,2666,754,2478,-10110976,1,1,14,1,287,0,0,0,1
443350327,609744,603350,434745,392812,238286,116020,174369,228459,171868,210788,209687,200562,224044,148702,200990,194435,134265,227878,234881,160815,-9286,127855,249729,-8388607,0,2664,2667,2662,759,2475,-10110976,1,1,14,1,287,0,0,0,1
443350328,609415,602788,435299,393140,238089,115837,174503,228377,171874,210994,209751,200417,224066,148395,201163,194448,134419,227892,234810,160729,-9224,127874,249680,-8388607,0,2659,2667,2664,755,2480,-10110976,1,1,14,1,287,0,0,0,1
443350329,609017,602052,435990,393711,237990,115801,174333,228395,171874,210969,209860,200612,224103,148577,201207,194436,134461,228039,234984,160716,-9100,127925,249817,-8388607,0,2665,2663,2666,755,2477,-10110976,1,1,14,1,287,0,0,0,1
443350330,608390,601270,436357,394225,237965,115678,174330,228292,171870,210879,209977,200568,224007,148543,201297,194396,134490,228121,234981,160906,-9088,128155,249801,-8388607,0,2666,2666,2661,753,2477,-10110976,1,1,14,1,287,0,0,0,1
443350331,607381,600461,436556,394531,237819,115432,174166,228140,172104,211102,209899,200526,223835,148511,201205,194235,134574,228111,234885,160792,-9354,128007,249753,-8388607,0,2662,2668,2663,754,2481,-10110976,1,1,14,1,287,0,0,0,1
443350332,606670,599436,436911,394510,237757,115576,174237,228110,172251,211186,209774,200665,223927,148484,201082,194149,134727,228267,234864,160864,-9373,127941,249839,-8388607,0,2662,2663,2661,749,2479,-10110976,1,1,14,1,287,0,0,0,1
443350333,605807,598205,437039,394533,237798,115643,174277,228101,172229,211070,210079,200519,223921,148278,201182,194263,134710,228321,235041,161035,-9348,127614,249800,-8388607,0,2664,2663,2664,757,2477,-10110976,1,1,14,1,287,0,0,0,1
443350334,604986,596816,437423,394458,237993,115570,174180,228190,172141,211144,209850,200549,223766,148449,201046,194059,134653,228260,235017,161062,-9400,127637,249748,-8388607,0,2665,2668,2661,759,2479,-10110976,1,1,14,1,287,0,0,0,1
443350335,604383,595441,437677,394645,238143,115841,174300,228288,172207,211183,209950,200483,223808,148140,200850,194372,134630,228251,235081,161164,-9462,127679,249809,-8388607,0,2661,2664,2664,754,2482,-10110976,1,1,14,1,287,0,0,0,1
443350336,603714,594548,438337,394883,238103,115937,174419,228304,171965,210998,210106,200595,223602,148102,200821,194052,134598,228261,235075,161130,-9490,127662,249673,-8388607,0,2664,2661,2665,756,2478,-10110976,1,1,14,1,287,0,0,0,1
443350337,603136,593597,438733,395057,238215,116034,174439,228486,172101,211133,209985,200555,223705,148339,201005,194163,134484,228234,234984,161055,-9567,127449,249936,-8388607,0,2662,2667,2661,757,2487,-10110976,1,1,14,1,287,0,0,0,1
443350338,602555,592754,439382,395237,238254,115841,174517,228444,171841,211102,210008,200573,223787,148267,201081,194229,134443,228225,234986,161019,-9666,127408,249836,-8388607,0,2659,2666,2664,754,2482,-10110976,1,1,14,1,287,0,0,0,1
443350339,602221,592282,439969,395773,238335,116030,174584,228563,171932,210951,209945,200567,223808,148356,201081,194120,134476,228169,235089,160900,-9563,127568,249744,-8388607,0,2664,2663,2666,752,2477,-10110976,1,1,14,1,287,0,0,0,1
443350340,602041,591926,440490,396500,238296,116004,174684,228559,172014,210981,209952,200703,223871,148504,201162,194331,134510,228112,234979,160965,-9113,127663,249766,-8388607,0,2665,2664,2662,758,2476,-10110976,1,1,14,1,287,0,0,0,1
443350341,601702,591567,440864,396845,238157,115849,174504,228500,171905,210848,209868,200444,223855,148509,201025,194266,134525,227999,234786,160811,-9328,127639,249662,-8388607,0,2664,2668,2662,752,2481,-10110976,1,1,14,1,287,0,0,0,1
443350342,601451,591381,441420,397257,238115,115778,174362,228230,171878,210972,209827,200516,223824,148607,201144,194422,134520,228034,234749,160945,-9416,127509,249763,-8388607,0,2661,2661,2665,749,2482,-10110976,1,1,14,1,287,0,0,0,1
443350343,601067,590883,442160,398008,237931,115588,174229,228200,171964,211057,209702,200518,223869,148519,200988,194518,134268,228126,234820,160844,-9259,127810,249788,-8388607,0,2661,2663,2664,756,2478,-10110976,1,1,14,1,287,0,0,0,1
443350344,600687,590378,442940,398608,237974,115714,174220,228016,171911,211021,209950,200383,223874,148572,201238,194401,134504,228144,234887,160994,-9242,127848,249792,-8388607,0,2664,2667,2659,759,2478,-10110976,1,1,14,1,287,0,0,0,1
443350345,600612,589839,443764,399021,237865,115694,174179,228103,172036,211084,209938,200574,224083,148504,201393,194705,134453,228100,234794,161000,-9054,128068,249740,-8388607,0,2663,2663,2664,752,2482,-10110976,1,1,14,1,287,0,0,0,1
443350346,600024,588963,444289,399319,237839,115532,174131,228153,171903,211097,209980,200550,223986,148558,201283,194418,134481,228067,234793,160943,-9261,127801,249728,-8388607,0,2673,2664,2664,751,2478,-10110976,1,1,14,1,287,0,0,0,1
443350347,599432,588087,444898,399453,237881,115536,174209,228104,172019,211117,209988,200482,224091,148537,201143,194370,134448,228110,234902,160984,-9158,127818,249656,-8388607,0,2660,2663,2663,758,2479,-10110976,1,1,14,1,287,0,0,0,1
443350348,598736,587247,445148,399570,238026,115651,174078,228254,171912,211124,210006,200632,224053,148362,200971,194194,134620,228170,234957,161101,-9128,127835,249769,-8388607,0,2659,2664,2664,754,2484,-10110976,1,1,14,1,287,0,0,0,1
443350349,597880,586471,445234,399720,238235,115789,174459,228360,171939,211048,210028,200498,224049,148356,201207,194244,134654,228395,235165,161107,-9004,127793,249751,-8388607,0,2663,2660,2666,754,2477,-10110976,1,1,14,1,287,0,0,0,1
443350350,596688,585463,445190,399595,238084,115771,174382,228197,172097,210931,209882,200566,223867,148183,201075,194419,134641,228449,234954,161072,-9289,127817,249733,-8388607,0,2672,2660,2664,759,2473,-10110976,1,1,14,1,287,0,0,0,1
443350351,595667,584477,445433,400049,238412,115865,174194,228214,172056,211141,209798,200440,223652,148151,200836,194018,134537,228221,235079,161010,-9171,127649,249648,-8388607,0,2661,2665,2661,748,2483,-10110976,1,1,14,1,287,0,0,0,1
443350352,594534,583606,445697,400386,238281,115943,174403,228421,171922,210939,209953,200514,223690,148050,200723,194117,134514,227865,234955,160919,-9475,127572,249707,-8388607,0,2661,2663,2666,757,2477,-10110976,1,1,14,1,287,0,0,0,1
443350353,593484,582796,446137,400617,238328,115977,174444,228453,171977,210943,209765,200455,223545,148052,200587,193933,134652,228234,234962,160943,-9491,127484,249689,-8388607,0,2664,2663,2663,758,2471,-10110976,1,1,14,1,287,0,0,0,1
443350354,592654,581866,446363,400907,238239,116030,174433,228516,171820,210796,209831,200182,223458,148000,200722,194090,134452,228119,234921,160966,-9475,127498,249711,-8388607,0,2661,2666,2658,755,2479,-10110976,1,1,14,1,287,0,0,0,1
443350355,591999,581204,446496,401272,238306,115932,174587,228333,172066,211136,209885,200424,223681,148352,200966,194092,134483,228256,234875,160906,-9412,127568,249714,-8388607,0,2665,2663,2666,753,2481,-10110976,1,1,14,1,287,0,0,0,1
443350356,591214,580507,446688,401484,238164,115882,174465,228390,172003,211015,210034,200452,223888,148211,201068,194377,134345,228248,234894,161032,-9434,127632,249719,-8388607,0,2668,2659,2664,756,2471,-10110976,1,1,14,1,287,0,0,0,1
443350357,590307,580185,447119,401951,238150,115727,174370,228342,172038,210954,209829,200427,224124,148398,201103,194260,134475,228050,234679,160974,-9302,127599,249695,-8388607,0,2661,2665,2661,758,2477,-10110976,1,1,14,1,287,0,0,0,1
443350358,589334,579658,447198,402658,238197,115930,174450,228254,172064,211112,209894,200596,224241,148604,201235,194255,134407,227996,234694,160850,-9486,127681,249878,-8388607,0,2660,2664,2662,753,2482,-10110976,1,1,14,1,287,0,0,0,1
443350359,588317,579502,447522,403451,238016,115794,174456,228320,172169,211050,209956,200680,224081,148573,201137,194280,134365,227778,234761,160837,-9391,127732,249657,-8388607,0,2661,2659,2664,756,2476,-10110976,1,1,14,1,287,0,0,0,1
443350360,587497,579107,447782,403970,237909,115724,174279,228280,172171,211048,209943,200843,224193,148593,201103,194307,134518,228026,234859,160808,-9351,127617,249688,-8388607,0,2663,2664,2660,760,2479,-10110976,1,1,14,1,287,0,0,0,1
443350361,586644,578722,447797,404313,238069,115893,174263,228198,172016,211070,209911,200657,224127,148601,201230,194416,134456,227966,234907,160829,-9462,127559,249791,-8388607,0,2659,2661,2664,753,2483,-10110976,1,1,14,1,287,0,0,0,1
443350362,585712,578064,448080,404745,237798,115370,174034,228065,171989,211068,209945,200486,223937,148479,200999,194595,134479,227943,235007,160768,-9566,127471,249700,-8388607,0,2661,2663,2668,754,2473,-10110976,1,1,14,1,287,0,0,0,1
443350363,585228,577204,448757,405083,237938,115579,174255,228090,172119,210981,209901,200448,223869,148563,201099,194398,134509,228081,234883,160955,-9315,127530,249683,-8388607,0,2659,2666,2662,757,2475,-10110976,1,1,14,1,287,0,0,0,1
443350364,584408,576491,449264,405389,237862,115511,174199,228056,172034,211077,209892,200524,223894,148509,201027,194554,134590,228178,234882,161011,-9329,127489,249589,-8388607,0,2657,2668,2666,755,2479,-10110976,1,1,14,1,287,0,0,0,1
443350365,583930,575874,449706,405970,237755,115532,174274,228225,171977,211135,210202,200597,223994,148300,200990,194433,134721,228394,234983,161133,-9294,127606,249669,-8388607,0,2665,2666,2666,753,2479,-10110976,1,1,14,1,287,0,0,0,1
443350366,583225,575305,450158,406526,237960,115568,174316,228207,171938,211037,210023,200440,223710,148323,200834,194291,134529,228258,234989,161009,-9413,127491,249563,-8388607,0,2668,2663,2660,756,2478,-10110976,1,1,14,1,287,0,0,0,1
443350367,582431,575054,450357,407064,237967,115709,174175,228203,171766,211103,209802,200359,223740,148223,200785,193879,134738,228223,235014,161129,-9473,127213,249567,-8388607,0,2666,2666,2659,757,2477,-10110976,1,1,14,1,287,0,0,0,1
443350368,581641,574965,450598,407596,238100,115832,174216,228281,171908,211078,209928,200370,223821,148212,200822,194043,134712,228374,235055,161126,-9467,127542,249613,-8388607,0,2662,2663,2665,751,2481,-10110976,1,1,14,1,287,0,0,0,1
443350369,581008,574715,450898,408213,238247,115956,174404,228340,171759,210786,209873,200334,223662,148147,200887,194037,134814,228281,235082,161040,-9419,127529,249546,-8388607,0,2663,2660,2664,756,2476,-10110976,1,1,14,1,287,0,0,0,1
443350370,580419,574796,451469,408819,238254,116065,174517,228529,171703,210775,209887,200330,223530,148337,201023,194227,134562,228240,234995,160755,-9348,127637,249560,-8388607,0,2672,2661,2664,761,2477,-10110976,1,1,14,1,287,0,0,0,1
443350371,580023,574281,452013,409597,238242,115949,174525,228397,171578,210564,209680,200308,223815,148180,200876,194152,134540,228229,234910,160969,-9653,127307,249560,-8388607,0,2659,2665,2666,754,2481,-10110976,1,1,14,1,287,0,0,0,1
443350372,579794,574184,452789,410119,238282,115926,174419,228459,171714,210610,209614,200178,223700,148328,200912,194334,134462,228077,234900,160925,-9694,127481,249757,-8388607,0,2667,2662,2663,753,2476,-10110976,1,1,14,1,287,0,0,0,1
443350373,579730,573786,453541,410738,238368,115742,174315,228345,171944,210853,209833,200261,223815,148375,201148,194569,134275,228066,234886,161037,-9543,127502,249580,-8388607,0,2662,2665,2662,757,2475,-10110976,1,1,14,1,287,0,0,0,1
443350374,579988,573520,454521,411361,238080,115868,174425,228274,172072,210975,209864,200375,223808,148384,201209,194368,134299,227995,234689,160810,-9493,127533,249598,-8388607,0,2662,2668,2663,754,2479,-10110976,1,1,14,1,287,0,0,0,1
443350375,579736,573142,455237,411964,237887,115749,174489,228285,171997,211059,210030,200343,223871,148366,201104,194569,134216,227951,234677,160711,-9260,127646,249632,-8388607,0,2661,2664,2666,750,2478,-10110976,1,1,14,1,287,0,0,0,1
443350376,579528,572993,455821,412558,237782,115672,174214,228313,172081,211108,209963,200517,223912,148561,201271,194374,134343,228011,234643,160769,-9227,127557,249673,-8388607,0,2668,2666,2659,755,2475,-10110976,1,1,14,1,287,0,0,0,1
443350377,579189,572736,456306,413107,237958,115691,174187,228329,172232,211216,210058,200752,224176,148659,201307,194365,134370,228046,234611,160830,-9384,127700,249732,-8388607,0,2660,2667,2659,751,2477,-10110976,1,1,14,1,287,0,0,0,1
443350378,578660,572403,456751,413566,237976,115616,174187,228062,172215,211284,210168,200769,224122,148670,201379,194549,134368,227968,234626,160620,-9335,127815,249492,-8388607,0,2663,2664,2667,749,2483,-10110976,1,1,14,1,287,0,0,0,1
443350379,578160,571924,457083,414112,238061,115615,174094,228160,172112,211194,210087,200630,223933,148502,201075,194328,134583,228209,234793,160821,-9311,127704,249628,-8388607,0,2663,2662,2662,756,2478,-10110976,1,1,14,1,287,0,0,0,1
443350380,577659,571055,457611,414339,238014,115571,174244,228103,171918,211099,210037,200594,223909,148279,201099,194379,134617,228071,234856,161015,-9221,127663,249530,-8388607,0,2661,2666,2658,755,2480,-10110976,1,1,14,1,287,0,0,0,1
443350381,577173,570076,458116,414642,238137,115644,174522,228270,172002,211179,210110,200514,223901,148507,201025,194375,134829,228224,235138,161073,-9272,127529,249670,-8388607,0,2663,2664,2664,753,2482,-10110976,1,1,14,1,287,0,0,0,1
443350382,576730,569119,458810,414758,238175,115746,174454,228325,171865,210901,209873,200438,223783,148365,200936,194266,134696,228285,235172,161049,-9396,127434,249609,-8388607,0,2666,2660,2664,757,2478,-10110976,1,1,14,1,287,0,0,0,1
443350383,576297,568129,459350,414583,238202,115800,174471,228516,171858,210841,209931,200415,223618,148392,200996,194304,134671,228321,235214,160977,-9512,127373,249537,-8388607,0,2661,2667,2663,759,2478,-10110976,1,1,14,1,287,0,0,0,1
443350384,575955,567357,459830,414812,238376,116008,174477,228378,171600,210849,209862,200359,223760,148262,201064,194267,134745,228390,235093,161191,-9475,127259,249589,-8388607,0,2657,2663,2665,755,2482,-10110976,1,1,14,1,287,0,0,0,1
443350385,575741,566574,460356,415017,238279,115949,174370,228332,171628,210861,209641,200300,223866,148285,200901,194108,134673,228378,235021,161072,-9435,127288,249556,-8388607,0,2661,2664,2665,751,2478,-10110976,1,1,14,1,287,0,0,0,1
443350386,575658,566258,461287,415611,238301,115951,174293,228345,171760,210731,209569,200428,223844,148208,200981,194153,134722,228452,234983,161208,-9348,127258,249546,-8388607,0,2666,2666,2660,760,2475,-10110976,1,1,14,1,287,0,0,0,1
443350387,575503,565978,462073,416171,238273,115933,174263,228230,171647,210825,209767,200494,223725,148465,200975,194229,134520,228124,235060,161034,-9511,127267,249509,-8388607,0,2660,2668,2663,754,2481,-10110976,1,1,14,1,287,0,0,0,1
443350388,575419,565737,462847,416852,238075,115777,174086,228147,171888,210831,209925,200422,223932,148435,200870,194080,134614,227980,234898,160978,-9475,127401,249517,-8388607,0,2664,2660,2663,751,2477,-10110976,1,1,14,1,287,0,0,0,1
443350389,575601,565475,463892,417614,238059,115575,174257,228061,171999,210704,209823,200390,223848,148372,200904,194182,134438,228025,234871,160859,-9292,127481,249639,-8388607,0,2661,2665,2662,760,2476,-10110976,1,1,14,1,287,0,0,0,1
443350390,575702,565549,464839,418226,237964,115517,174132,228209,172228,211050,209939,200705,223950,148357,201015,194201,134417,228143,234950,160855,-9117,127589,249611,-8388607,0,2661,2667,2662,750,2480,-10110976,1,1,14,1,287,0,0,0,1
443350391,575768,565324,465473,418791,237690,115555,174099,228026,171936,211214,209855,200458,223919,148443,201035,194291,134301,228008,234746,160815,-8999,127694,249615,-8388607,0,2662,2663,2663,754,2481,-10110976,1,1,14,1,287,0,0,0,1
443350392,575733,565112,466209,419315,237998,115629,174332,228157,172276,211105,209825,200610,223947,148545,201441,194403,134473,227929,234864,160994,-9120,127583,249601,-8388607,0,2668,2661,2666,757,2476,-10110976,1,1,14,1,287,0,0,0,1
443350393,575506,564793,466982,419805,237978,115769,174259,228232,171913,211161,209915,200551,223797,148512,201234,194469,134273,227957,234661,160759,-8920,127750,249649,-8388607,0,2665,2665,2662,754,2479,-10110976,1,1,14,1,287,0,0,0,1
443350394,574867,564238,467407,420118,238007,115792,174218,227973,172063,211042,209879,200575,223898,148553,201071,194186,134184,228023,234720,160821,-9068,127733,249577,-8388607,0,2659,2664,2664,754,2482,-10110976,1,1,14,1,287,0,0,0,1
443350395,574206,563616,467928,420566,238028,115783,174151,228279,171948,211047,209984,200513,223952,148564,201050,194333,134180,227978,234853,160898,-9128,127703,249715,-8388607,0,2663,2664,2667,753,2478,-10110976,1,1,14,1,287,0,0,0,1
443350396,573294,563002,468092,420957,238056,116011,174378,228350,172116,210835,209953,200579,223977,148554,200865,194395,134470,228033,234903,160843,-9234,127638,249713,-8388607,0,2661,2664,2662,760,2475,-10110976,1,1,14,1,287,0,0,0,1
443350397,572340,562330,468392,421455,238140,115969,174483,228372,171903,210868,210020,200470,223887,148493,200968,194346,134510,227986,234948,161044,-9433,127549,249560,-8388607,0,2662,2666,2662,755,2482,-10110976,1,1,14,1,287,0,0,0,1
443350398,571300,561858,468745,421896,238251,116034,174468,228348,171793,211009,209878,200229,223904,148248,200707,194253,134488,228116,235178,161081,-9265,127641,249558,-8388607,0,2660,2661,2666,751,2477,-10110976,1,1,14,1,287,0,0,0,1
443350399,570445,561452,468916,422385,238156,115960,174344,228212,171767,211014,209662,200246,223849,148333,200976,194016,134832,228205,235070,161094,-9320,127525,249595,-8388607,0,2665,2664,2662,758,2475,-10110976,1,1,14,1,287,0,0,0,1
443350400,569534,561138,469367,423036,238183,115900,174455,228210,171876,211093,209630,200368,223710,148283,201032,194210,134820,228186,234991,160977,-9465,127350,249517,-8388607,0,2660,2666,2659,754,2480,-10110976,1,1,14,1,287,0,0,0,1
443350401,568674,560853,469796,423671,238209,115883,174413,228238,171764,210909,209811,200423,223753,148241,200904,194295,134821,228376,234969,160985,-9328,127179,249692,-8388607,0,2661,2662,2666,753,2479,-10110976,1,1,14,1,287,0,0,0,1
443350402,567994,560533,470141,424295,238075,115755,174323,228262,171690,210773,209715,200338,223867,148121,200940,194172,134740,228269,235106,161135,-9385,127422,249706,-8388607,0,2668,2663,2662,755,2478,-10110976,1,1,14,1,287,0,0,0,1
443350403,567389,560347,470381,424971,238007,115762,174102,228236,171900,210970,209758,200315,223920,148283,200969,194085,134725,228209,235014,161047,-9400,127517,249685,-8388607,0,2663,2665,2657,757,2480,-10110976,1,1,14,1,287,0,0,0,1
443350404,566772,560092,470666,425626,237806,115849,174077,228263,171995,210904,209837,200438,223832,148384,201131,194264,134594,228072,235081,160944,-9114,127578,249547,-8388607,0,2663,2663,2665,754,2481,-10110976,1,1,14,1,287,0,0,0,1
443350405,566235,559898,471074,426244,237998,115825,174271,228212,171914,210970,209792,200455,223995,148515,201024,194364,134507,228039,235039,161012,-9196,127574,249568,-8388607,0,2663,2662,2665,753,2478,-10110976,1,1,14,1,287,0,0,0,1
443350406,565510,559477,471508,426822,237787,115784,174095,228409,172038,211062,209954,200655,224038,148732,201126,194252,134237,228125,234962,160843,-9331,127677,249554,-8388607,0,2658,2665,2664,759,2475,-10110976,1,1,14,1,287,0,0,0,1
443350407,564828,559038,471891,427260,237950,115765,174418,228482,172079,211069,210023,200553,223942,148699,201110,194380,134387,228049,234829,160974,-9186,127721,249581,-8388607,0,2664,2666,2666,754,2481,-10110976,1,1,14,1,287,0,0,0,1
443350408,564070,558435,472224,427548,238252,115931,174413,228431,172170,211165,209979,200500,224260,148631,201275,194165,134431,228141,234868,160890,-9014,127698,249601,-8388607,0,2665,2663,2662,756,2477,-10110976,1,1,14,1,287,0,0,0,1
443350409,563328,557921,472161,427977,238075,115801,174404,228383,172174,211059,209910,200489,224059,148408,201040,194208,134115,227947,234784,160822,-9222,127397,249614,-8388607,0,2666,2665,2664,758,2473,-10110976,1,1,14,1,287,0,0,0,1
443350410,562608,557345,472379,428312,238222,115810,174305,228354,172035,211145,209902,200463,224030,148280,200941,194052,134345,228074,234778,160868,-9262,127331,249536,-8388607,0,2659,2668,2664,754,2481,-10110976,1,1,14,1,287,0,0,0,1
443350411,561696,556628,472816,428547,238032,115893,174262,228445,171969,211076,209907,200427,223951,148336,200948,194305,134202,227942,234896,160729,-9316,127335,249508,-8388607,0,2672,2663,2666,753,2477,-10110976,1,1,14,1,287,0,0,0,1
443350412,561119,556044,473101,429010,238100,115907,174406,228441,172090,211113,209897,200443,223841,148496,201017,194215,134442,228024,235015,160843,-9513,127170,249474,-8388607,0,2664,2663,2666,756,2473,-10110976,1,1,14,1,287,0,0,0,1
443350413,560631,555567,473687,429449,237930,115697,174155,228314,171946,210863,209954,200422,223813,148275,201008,194297,134470,228180,234897,160799,-9614,127206,249490,-8388607,0,2665,2667,2659,754,2481,-10110976,1,1,14,1,287,0,0,0,1
443350414,560585,555128,474544,430000,238075,115803,174367,228362,172092,210995,209943,200535,223723,148234,200909,194250,134644,228116,234940,160986,-9466,127155,249604,-8388607,0,2665,2663,2665,751,2484,-10110976,1,1,14,1,287,0,0,0,1
443350415,560659,554914,475424,430506,238041,115830,174174,228307,172012,211051,209868,200436,223821,148290,200967,194419,134567,228258,234892,160969,-9378,127275,249530,-8388607,0,2667,2662,2663,756,2477,-10110976,1,1,14,1,287,0,0,0,1
443350416,560869,554799,476322,431032,238024,115701,174417,228402,171891,211129,209989,200710,224023,148448,201032,194484,134715,228396,235008,160944,-9389,127300,249724,-8388607,0,2662,2667,2663,758,2479,-10110976,1,1,14,1,287,0,0,0,1
443350417,561180,554760,477474,431814,238078,115622,174289,228243,171823,211091,209875,200538,224070,148668,201212,194392,134570,228125,234864,160973,-9118,127261,249556,-8388607,0,2660,2664,2664,753,2482,-10110976,1,1,14,1,287,0,0,0,1
443350418,561630,554938,478532,432612,238230,115704,174470,228361,171855,211042,209762,200486,224023,148459,201026,194144,134626,228299,235034,161088,-9194,127451,249672,-8388607,0,2661,2659,2664,751,2478,-10110976,1,1,14,1,287,0,0,0,1
443350419,562350,555249,479659,433442,238217,115815,174410,228469,171887,211068,209828,200398,224115,148450,201217,194228,134707,228276,234981,161009,-9278,127447,249580,-8388607,0,2663,2666,2662,759,2475,-10110976,1,1,14,1,287,0,0,0,1
443350420,562548,555365,480710,434243,238080,115624,174376,228334,171835,210916,209855,200345,224009,148430,201104,194415,134511,228188,234871,161026,-9200,127661,249692,-8388607,0,2661,2666,2664,754,2481,-10110976,1,1,14,1,287,0,0,0,1
443350421,562995,555301,481914,434860,238290,115778,174271,228351,172008,210936,209851,200425,223960,148701,201284,194512,134527,228285,234975,161081,-9005,127598,249568,-8388607,0,2661,2664,2666,754,2478,-10110976,1,1,14,1,287,0,0,0,1
443350422,563442,555090,483133,435505,237996,115913,174186,228357,171990,211130,210117,200369,223955,148613,201117,194499,134437,228009,234913,161029,-9065,127664,249521,-8388607,0,2664,2665,2662,759,2475,-10110976,1,1,14,1,287,0,0,0,1
443350423,563564,554639,484195,436054,238014,115832,174306,228319,171767,210875,209997,200240,223924,148480,201213,194352,134529,228165,235022,160966,-9143,127887,249590,-8388607,0,2661,2668,2661,754,2479,-10110976,1,1,14,1,287,0,0,0,1
443350424,563800,554362,485354,436672,237965,115928,174375,228412,172037,211076,210035,200441,223790,148407,200968,194489,134607,228136,234818,161130,-9097,127798,249695,-8388607,0,2663,2664,2665,751,2477,-10110976,1,1,14,1,287,0,0,0,1
443350425,563684,553679,485931,436810,238018,115829,174408,228421,172054,211115,209907,200579,223967,148463,200982,194320,134587,228166,234824,160951,-9031,127573,249679,-8388607,0,2668,2662,2660,755,2478,-10110976,1,1,14,1,287,0,0,0,1
443350426,563217,553139,486405,437253,238084,115741,174431,228384,171994,211116,209840,200605,223956,148353,200983,194200,134464,228316,234925,160952,-9153,127501,249521,-8388607,0,2661,2667,2662,757,2480,-10110976,1,1,14,1,287,0,0,0,1
443350427,562819,552811,487050,437427,238168,115696,174449,228227,172002,211010,209933,200658,223719,148198,200854,194119,134469,228266,234849,161035,-9195,127510,249688,-8388607,0,2658,2666,2657,752,2482,-10110976,1,1,14,1,287,0,0,0,1
443350428,562318,552126,487522,438159,237941,115726,174238,228242,172036,211174,209822,200411,223953,148268,201043,194189,134593,228122,234948,160957,-9089,127460,249513,-8388607,0,2667,2663,2666,758,2478,-10110976,1,1,14,1,287,0,0,0,1
443350429,561655,551780,488034,438867,237935,115754,174301,228130,171998,211102,209925,200592,223848,148279,201255,194380,134493,228016,234903,160919,-9221,127315,249585,-8388607,0,2663,2664,2659,762,2477,-10110976,1,1,14,1,287,0,0,0,1
443350430,561224,551463,488734,439555,237936,115667,174276,228223,171912,210799,209886,200406,223772,148286,200977,194157,134530,228055,234749,160918,-9416,127135,249565,-8388607,0,2659,2661,2664,755,2484,-10110976,1,1,14,1,287,0,0,0,1
443350431,560855,551277,489304,440209,237966,115805,174157,228354,171982,210961,209842,200572,224101,148334,200895,194166,134383,227933,234902,160836,-9298,127131,249687,-8388607,0,2664,2665,2663,753,2474,-10110976,1,1,14,1,287,0,0,0,1
443350432,560567,551164,489891,440975,237987,115730,174234,228372,171911,210703,209892,200344,223869,148490,200788,194427,134459,228001,234922,160855,-9321,127184,249583,-8388607,0,2663,2660,2666,760,2473,-10110976,1,1,14,1,287,0,0,0,1
443350433,560352,551123,490393,442036,237942,115829,174190,228241,171776,210847,209831,200381,223954,148505,201259,194512,134489,228027,234950,160942,-9105,127445,249541,-8388607,0,2659,2668,2666,755,2480,-10110976,1,1,14,1,287,0,0,0,1
443350434,559820,551193,490783,443053,237999,115710,174167,228139,171882,210869,209580,200336,224068,148518,201282,194527,134419,228105,234846,161083,-9095,127461,249542,-8388607,0,2667,2664,2666,750,2478,-10110976,1,1,14,1,287,0,0,0,1
443350435,559430,551425,491147,444134,238095,115532,174224,227996,171818,210932,209601,200364,223818,148466,201226,194275,134433,228186,234924,161108,-9269,127406,249582,-8388607,0,2668,2667,2661,754,2477,-10110976,1,1,14,1,287,0,0,0,1
443350436,558924,551726,491815,445255,238169,115535,174158,228165,171892,210979,209555,200156,224136,148423,201178,194367,134587,228322,234971,160967,-9140,127523,249656,-8388607,0,2663,2668,2659,754,2477,-10110976,1,1,14,1,287,0,0,0,1
443350437,558372,551589,492155,446052,238033,115460,174280,228287,171816,210869,209860,200448,223873,148296,200931,194217,134530,228257,234950,161026,-9027,127603,249567,-8388607,0,2663,2664,2665,753,2484,-10110976,1,1,14,1,287,0,0,0,1
443350438,557501,551267,492287,446732,238097,115706,174306,228192,171978,210852,209697,200407,223842,148224,201024,194229,134538,228245,235068,161005,-8950,127702,249540,-8388607,0,2662,2663,2664,754,2476,-10110976,1,1,14,1,287,0,0,0,1
443350439,557108,550818,492591,447284,238099,115763,174451,228408,172094,211088,209837,200594,223575,148154,200820,194200,134744,228409,235039,161085,-9252,127514,249554,-8388607,0,2661,2666,2659,756,2478,-10110976,1,1,14,1,287,0,0,0,1
443350440,556300,550184,492863,447638,238117,115747,174333,228397,171935,210835,209743,200598,223581,148203,200793,193863,134730,228135,234971,160925,-9363,127459,249661,-8388607,0,2663,2664,2662,754,2484,-10110976,1,1,14,1,287,0,0,0,1
443350441,555686,549506,493294,448067,238197,115894,174402,228434,172022,210987,209870,200625,223659,148314,200839,194150,134701,228216,235041,161006,-9208,127269,249576,-8388607,0,2665,2661,2666,754,2477,-10110976,1,1,14,1,287,0,0,0,1
443350442,554956,548890,493873,448529,238140,115958,174362,228451,172055,210958,209718,200601,223703,148311,200758,194051,134583,228326,234978,160934,-9236,127246,249558,-8388607,0,2661,2665,2661,758,2478,-10110976,1,1,14,1,287,0,0,0,1
443350443,554666,548322,494330,448938,238129,115740,174252,228432,171992,211006,209787,200611,223855,148159,200842,194182,134462,228086,234809,160894,-9283,127199,249634,-8388607,0,2656,2668,2663,753,2479,-10110976,1,1,14,1,287,0,0,0,1
443350444,554083,548017,494694,449484,238074,115854,174421,228464,171934,211000,209790,200465,223851,148320,200966,194135,134424,228212,234833,160884,-9369,127102,249676,-8388607,0,2661,2664,2666,752,2477,-10110976,1,1,14,1,287,0,0,0,1
443350445,553993,547770,495497,449878,238195,115882,174438,228311,171953,211060,209860,200511,224075,148382,201169,194391,134381,228061,234716,160948,-9404,127162,249518,-8388607,0,2668,2665,2663,757,2475,-10110976,1,1,14,1,287,0,0,0,1
443350446,553676,547319,496286,450297,238170,115628,174387,228263,172072,210902,209927,200619,223866,148319,201075,194213,134304,227893,234750,160865,-9143,127466,249592,-8388607,0,2659,2668,2662,751,2479,-10110976,1,1,14,1,287,0,0,0,1
443350447,553559,546969,496773,450729,237825,115409,174228,228262,171836,210875,209827,200442,223898,148431,201185,194276,134211,227914,234738,160820,-9263,127361,249465,-8388607,0,2661,2663,2666,751,2479,-10110976,1,1,14,1,287,0,0,0,1
443350448,553501,546440,497568,451305,237898,115469,174311,228263,171912,211057,209900,200496,224058,148746,201022,194408,134182,227935,234733,160892,-9233,127464,249619,-8388607,0,2663,2666,2662,756,2473,-10110976,1,1,14,1,287,0,0,0,1
443350449,553143,545992,498416,451505,237804,115585,174204,228134,171938,211004,209950,200645,224114,148398,201103,194160,134287,228083,234692,160817,-9095,127390,249450,-8388607,0,2664,2665,2664,757,2479,-10110976,1,1,14,1,287,0,0,0,1
443350450,552861,545416,499234,451644,237747,115655,174112,228187,172124,211002,209923,200564,223903,148410,200998,194264,134390,228037,234888,160924,-9109,127574,249467,-8388607,0,2662,2665,2666,755,2481,-10110976,1,1,14,1,287,0,0,0,1
443350451,552592,544765,499813,452059,238000,115798,174203,228109,171999,211033,209836,200497,223866,148409,200977,194301,134377,228146,235008,160944,-9024,127668,249511,-8388607,0,2666,2661,2668,756,2477,-10110976,1,1,14,1,287,0,0,0,1
443350452,552009,543908,500244,452212,238139,115699,174331,228408,171965,211238,209904,200576,223960,148454,201082,194306,134657,228339,235052,161206,-9049,127449,249485,-8388607,0,2659,2665,2664,758,2477,-10110976,1,1,14,1,287,0,0,0,1
443350453,551325,543090,500569,452366,238131,115717,174362,228459,172054,210910,209819,200301,223790,148235,200887,194193,134658,228335,235043,161007,-8916,127508,249450,-8388607,0,2658,2671,2665,753,2481,-10110976,1,1,14,1,287,0,0,0,1
443350454,550577,542455,501045,452631,238311,115907,174612,228468,171871,210855,209799,200613,223938,148576,201179,194145,134755,228377,235233,161301,-9089,127480,249584,-8388607,0,2661,2660,2668,753,2476,-10110976,1,1,14,1,287,0,0,0,1
443350455,549805,541612,501491,452759,238300,115965,174356,228368,171846,210690,210018,200388,223872,148227,200969,194064,134745,228288,235014,161193,-9219,127296,249518,-8388607,0,2665,2664,2662,759,2474,-10110976,1,1,14,1,287,0,0,0,1
443350456,549123,540901,502108,453120,238244,116025,174531,228490,171797,210739,209654,200323,223843,148263,200951,194210,134764,228311,235161,161139,-9351,127093,249456,-8388607,0,2661,2666,2662,754,2479,-10110976,1,1,14,1,287,0,0,0,1
443350457,548782,540222,502924,453676,238233,116051,174390,228432,171977,210919,209934,200476,223962,148384,201089,194181,134644,228386,235176,161211,-9502,127093,249600,-8388607,0,2664,2665,2666,755,2477,-10110976,1,1,14,1,287,0,0,0,1
443350458,548431,539676,503884,454191,238185,116014,174312,228375,171995,210905,209938,200506,223721,148323,200903,194184,134583,228205,235027,161143,-9501,127299,249417,-8388607,0,2666,2666,2661,754,2473,-10110976,1,1,14,1,287,0,0,0,1
443350459,548345,539452,504834,454883,238059,115878,174378,228386,172085,210885,209894,200392,223953,148453,201039,194148,134731,228185,235009,161072,-9355,127130,249556,-8388607,0,2660,2667,2659,753,2473,-10110976,1,1,14,1,287,0,0,0,1
443350460,548470,539206,505841,455524,238076,115871,174304,228262,172155,211167,209901,200449,223911,148372,200971,194215,134593,227981,234894,160907,-9438,126913,249342,-8388607,0,2663,2663,2665,751,2484,-10110976,1,1,14,1,287,0,0,0,1
443350461,548738,539216,506990,456273,237975,115570,174320,228249,172002,211127,209796,200453,223988,148495,201096,194490,134425,228198,234681,160895,-9309,127073,249425,-8388607,0,2668,2664,2662,755,2477,-10110976,1,1,14,1,287,0,0,0,1
443350462,549044,539322,508033,457133,237860,115426,174231,228145,172064,211184,209955,200658,224038,148585,201050,194368,134330,227980,234758,160781,-9252,127373,249391,-8388607,0,2663,2666,2663,757,2478,-10110976,1,1,14,1,287,0,0,0,1
443350463,549328,539560,509132,458418,237848,115474,174117,228128,171995,211147,209930,200634,223970,148456,201151,194442,134187,227930,234736,160909,-9021,127408,249407,-8388607,0,2660,2664,2665,752,2482,-10110976,1,1,14,1,287,0,0,0,1
443350464,549609,539859,510383,459497,238006,115531,174141,228029,172131,211345,210012,200552,224033,148533,201240,194564,134273,227931,234784,160718,-8999,127568,249352,-8388607,0,2661,2664,2666,754,2478,-10110976,1,1,14,1,287,0,0,0,1
443350465,549605,540042,511341,460598,237830,115611,174267,228262,172249,211054,209934,200787,223950,148551,201288,194205,134194,227953,234861,160841,-9217,127243,249381,-8388607,0,2661,2665,2660,760,2478,-10110976,1,1,14,1,287,0,0,0,1
443350466,549855,540163,512389,461707,237964,115644,174189,228542,171992,211149,210015,200593,224098,148442,201128,194230,134278,227923,234878,160835,-8993,127429,249392,-8388607,0,2661,2667,2663,754,2480,-10110976,1,1,14,1,287,0,0,0,1
443350467,549515,540065,513172,462754,238044,115899,174260,228477,171824,210967,209862,200505,223992,148340,201029,194158,134338,228085,234958,161097,-8847,127711,249425,-8388607,0,2659,2663,2664,754,2478,-10110976,1,1,14,1,287,0,0,0,1
443350468,548975,539943,513470,463340,238074,115947,174433,228360,171968,210857,209617,200245,223923,148404,200889,194207,134521,228076,235003,161117,-8976,127526,249360,-8388607,0,2663,2665,2662,759,2473,-10110976,1,1,14,1,287,0,0,0,1
443350469,548430,539668,513958,464104,238121,116005,174647,228486,171896,210979,209917,200451,223801,148536,200873,194337,134595,228225,234930,161117,-9059,127553,249525,-8388607,0,2658,2668,2672,755,2481,-10110976,1,1,14,1,287,0,0,0,1
443350470,547625,539309,514335,464807,238251,115878,174527,228500,171854,210912,209556,200384,223733,148429,200797,194357,134726,228282,235066,160992,-9164,127326,249407,-8388607,0,2660,2662,2666,751,2487,-10110976,1,1,14,1,287,0,0,0,1
443350471,546897,539080,514747,465393,238157,115705,174417,228452,171542,210827,209598,200066,223623,148195,200737,194195,134815,228080,234909,161081,-9071,127406,249285,-8388607,0,2666,2663,2666,757,2477,-10110976,1,1,14,1,287,0,0,0,1
443350472,546118,538685,515066,466126,238264,115993,174485,228378,171887,210913,209675,200304,223742,148224,200967,194099,134812,228367,235029,161035,-9063,127530,249506,-8388607,0,2663,2665,2659,754,2477,-10110976,1,1,14,1,287,0,0,0,1
443350473,545191,538191,515090,466670,238246,115831,174269,228259,171836,210923,209966,200414,223753,148173,200944,194269,134550,228295,235063,161022,-9232,127154,249395,-8388607,0,2666,2660,2666,751,2479,-10110976,1,1,14,1,287,0,0,0,1
443350474,544448,537851,515270,467283,238006,115789,174253,228211,172021,211139,209830,200644,223703,148183,200921,194317,134746,228369,234896,161018,-9199,127192,249399,-8388607,0,2663,2662,2666,756,2477,-10110976,1,1,14,1,287,0,0,0,1
443350475,543707,537754,515505,468187,237928,115668,174237,228207,171866,211092,209931,200556,223740,148132,201000,194146,134554,228280,234844,161003,-9095,127254,249388,-8388607,0,2659,2668,2666,757,2477,-10110976,1,1,14,1,287,0,0,0,1
443350476,542934,537590,515960,468819,237709,115637,174179,228258,171978,210934,209752,200503,223855,148304,201020,194305,134454,228012,234805,160774,-9198,127313,249412,-8388607,0,2661,2666,2664,753,2482,-10110976,1,1,14,1,287,0,0,0,1
443350477,542306,537385,516328,469706,237934,115578,174210,228257,172054,211003,209875,200542,224132,148473,201133,194487,134332,228014,235002,160736,-9252,127172,249412,-8388607,0,2667,2665,2661,754,2478,-10110976,1,1,14,1,287,0,0,0,1
443350478,541631,537390,516500,470457,237953,115569,174163,228311,172099,210987,209810,200363,224146,148721,201083,194353,134229,227987,234656,160957,-9353,127107,249521,-8388607,0,2664,2665,2662,758,2473,-10110976,1,1,14,1,287,0,0,0,1
443350479,541302,537274,516946,471069,238078,115610,174121,228143,172013,211065,209739,200378,224061,148655,201017,194339,134304,227872,234692,160789,-9224,127449,249461,-8388607,0,2662,2668,2664,754,2481,-10110976,1,1,14,1,287,0,0,0,1
443350480,540640,536987,517507,471785,238009,115639,174384,228229,172078,210927,209937,200497,224183,148488,201159,194441,134214,227904,234818,160589,-8942,127479,249542,-8388607,0,2661,2662,2666,752,2478,-10110976,1,1,14,1,287,0,0,0,1
443350481,540204,536512,517767,471887,238214,115912,174426,228350,172028,210954,209975,200570,224198,148772,201137,194548,134247,227940,234825,160796,-9105,127269,249594,-8388607,0,2665,2662,2659,758,2475,-10110976,1,1,14,1,287,0,0,0,1
443350482,539992,535844,518500,472189,238175,115965,174455,228536,171849,211000,209970,200556,223941,148667,201126,194423,134434,228066,234909,160911,-9160,127413,249579,-8388607,0,2663,2666,2658,755,2479,-10110976,1,1,14,1,287,0,0,0,1
443350483,539544,535162,519289,472407,238185,116048,174485,228411,171890,210955,209923,200624,223898,148572,200998,194380,134472,228212,234698,160835,-9091,127264,249480,-8388607,0,2664,2663,2666,749,2481,-10110976,1,1,14,1,287,0,0,0,1
443350484,539087,534535,519935,472872,238141,115855,174343,228493,171974,210975,209785,200494,223873,148331,201017,194088,134562,228083,234946,160841,-9020,127417,249499,-8388607,0,2665,2664,2662,756,2478,-10110976,1,1,14,1,287,0,0,0,1
443350485,538647,533635,520753,473051,238217,115962,174420,228447,171897,211075,209935,200661,223744,148493,201101,194400,134488,228189,234938,161029,-9079,127237,249500,-8388607,0,2658,2669,2659,756,2479,-10110976,1,1,14,1,287,0,0,0,1
443350486,538133,533072,521279,473235,238304,115900,174514,228275,171984,211042,209848,200410,223725,148275,200961,194420,134781,228322,235057,161079,-9371,126939,249430,-8388607,0,2663,2668,2661,754,2482,-10110976,1,1,14,1,287,0,0,0,1
443350487,537788,532419,521864,473630,238152,115624,174300,228242,172135,211127,209692,200430,223888,148238,200974,194119,134691,228297,235183,160993,-9396,127067,249424,-8388607,0,2665,2661,2665,755,2478,-10110976,1,1,14,1,287,0,0,0,1
443350488,537553,531869,522836,474015,237887,115691,174250,228260,171922,210962,209823,200389,223784,148007,200923,194037,134691,228280,234936,161077,-9252,127429,249530,-8388607,0,2662,2665,2664,760,2477,-10110976,1,1,14,1,287,0,0,0,1
443350489,537518,531206,523819,474519,237982,115619,174228,228116,171966,210991,209924,200438,223800,148090,201033,194191,134648,228372,234915,161008,-9293,127164,249522,-8388607,0,2657,2665,2664,754,2482,-10110976,1,1,14,1,287,0,0,0,1
443350490,537646,530817,524835,475115,237930,115616,174227,228088,171904,210734,209684,200143,223852,148340,201205,194059,134578,228152,235016,160883,-9393,127015,249433,-8388607,0,2661,2664,2668,753,2477,-10110976,1,1,14,1,287,0,0,0,1
443350491,537835,530395,526099,475862,237854,115580,174123,228242,171920,210787,209704,200224,223951,148276,200896,194386,134536,228045,235002,160867,-9411,127032,249511,-8388607,0,2661,2664,2662,760,2475,-10110976,1,1,14,1,287,0,0,0,1
443350492,538178,530268,527491,476627,237848,115558,174269,228116,171879,210841,209579,200393,223885,148392,200945,194338,134474,227943,234981,160812,-9192,127209,249564,-8388607,0,2664,2666,2659,754,2481,-10110976,1,1,14,1,287,0,0,0,1
443350493,538397,529875,528656,477135,237912,115529,174377,228222,171854,210985,209631,200483,223896,148414,200936,194420,134552,227948,234756,160919,-9007,127516,249609,-8388607,0,2666,2664,2668,751,2477,-10110976,1,1,14,1,287,0,0,0,1
443350494,538890,529851,529843,477920,238076,115747,174273,228403,171810,210977,209744,200481,224211,148544,201195,194323,134387,227916,234751,160717,-8974,127256,249404,-8388607,0,2666,2667,2661,757,2476,-10110976,1,1,14,1,287,0,0,0,1
443350495,538979,529571,530646,478402,238183,115852,174468,228315,172016,211193,209726,200400,224108,148417,201293,194321,134346,228169,234856,160843,-9118,127373,249571,-8388607,0,2660,2667,2666,757,2477,-10110976,1,1,14,1,287,0,0,0,1
443350496,538951,529334,531578,479177,238369,115831,174349,228393,171789,211059,209819,200435,224085,148443,201027,194225,134298,228078,234887,160795,-9039,127458,249510,-8388607,0,2661,2661,2664,753,2482,-10110976,1,1,14,1,287,0,0,0,1
443350497,538793,529135,532577,479973,238455,115882,174382,228368,172143,211120,210016,200581,223998,148507,201154,194341,134453,228152,234914,161000,-8790,127665,249664,-8388607,0,2666,2663,2662,756,2477,-10110976,1,1,14,1,287,0,0,0,1
443350498,538234,528480,533250,480752,238267,115745,174364,228204,171942,210908,209771,200433,223905,148317,201119,194406,134367,228029,234714,160739,-9089,127462,249464,-8388607,0,2664,2665,2661,756,2486,-10110976,1,1,14,1,287,0,0,0,1
443350499,537855,527843,533765,481451,238239,116012,174628,228449,172127,211080,210184,200747,223938,148422,201256,194205,134495,228314,234834,161047,-9046,127374,249486,-8388607,0,2656,2665,2666,755,2481,-10110976,1,1,14,1,287,0,0,0,1
443350500,537207,527138,534282,481874,238164,115793,174429,228485,172254,211081,210263,200520,223880,148363,200929,194095,134636,228115,234854,160902,-9110,127215,249516,-8388607,0,2665,2664,2665,755,2480,-10110976,1,1,14,1,287,0,0,0,1
443350501,536592,526751,534858,482225,237941,115791,174230,228327,172220,211018,209929,200591,223545,148161,200946,194118,134770,228158,235137,160980,-8993,127342,249554,-8388607,0,2659,2665,2663,758,2473,-10110976,1,1,14,1,287,0,0,0,1
443350502,535906,526255,535153,482672,237806,115719,174250,228335,172218,211287,209899,200369,223606,148279,201095,194246,134610,228183,235093,161005,-9100,127434,249466,-8388607,0,2659,2664,2660,755,2481,-10110976,1,1,14,1,287,0,0,0,1
443350503,535227,525799,535195,483290,238052,115726,174321,228455,172024,211240,210083,200648,223817,148207,201068,194095,134672,228191,235070,160978,-9263,127284,249616,-8388607,0,2664,2661,2668,752,2479,-10110976,1,1,14,1,287,0,0,0,1
443350504,534478,525564,535724,484044,237839,115691,174293,228292,172042,210876,209964,200591,223702,148328,201037,194102,134583,228318,235066,161113,-9159,127194,249554,-8388607,0,2668,2666,2663,757,2475,-10110976,1,1,14,1,287,0,0,0,1
443350505,533680,525455,536159,484962,237939,115572,174089,228163,171827,210931,209850,200566,223907,148393,201097,194318,134502,228195,235119,161005,-9050,127130,249507,-8388607,0,2661,2668,2658,754,2482,-10110976,1,1,14,1,287,0,0,0,1
443350506,532879,525244,536479,486084,238026,115746,174073,228358,171967,210775,209831,200360,224121,148513,201019,194262,134666,228320,235004,161062,-9071,127317,249517,-8388607,0,2663,2663,2664,746,2481,-10110976,1,1,14,1,287,0,0,0,1
443350507,532194,525212,536628,486608,238000,115589,174164,228160,171761,210712,209643,200262,223830,148328,200996,194132,134438,228258,234882,160997,-9107,127252,249508,-8388607,0,2662,2666,2661,758,2478,-10110976,1,1,14,1,287,0,0,0,1
443350508,531467,525309,536550,487201,238030,115746,174201,228119,171813,210728,209589,200442,224020,148438,201168,194330,134313,228121,234846,160960,-9179,127221,249509,-8388607,0,2661,2668,2659,757,2479,-10110976,1,1,14,1,287,0,0,0,1
443350509,530712,525155,536970,487914,238124,115625,174296,228312,171827,210842,209662,200436,223957,148476,201119,194428,134452,228082,234931,160979,-9029,127567,249582,-8388607,0,2665,2664,2662,755,2484,-10110976,1,1,14,1,287,0,0,0,1
443350510,530044,525036,537518,488765,238076,115816,174397,228355,171862,210718,209722,200225,223693,148549,201144,194406,134614,228007,235122,161010,-9039,127477,249585,-8388607,0,2667,2661,2666,757,2477,-10110976,1,1,14,1,287,0,0,0,1
443350511,529471,524670,537736,489400,238282,115861,174412,228324,171789,210960,209885,200335,223667,148524,201205,194392,134439,228177,234750,161084,-9077,127269,249542,-8388607,0,2664,2666,2664,760,2477,-10110976,1,1,14,1,287,0,0,0,1
443350512,528707,524281,538057,490084,238242,115934,174394,228446,171877,210992,209936,200489,223811,148369,201106,194292,134604,228178,234739,160920,-9191,127132,249629,-8388607,0,2659,2665,2665,753,2481,-10110976,1,1,14,1,287,0,0,0,1
443350513,528162,524094,538499,490826,238321,116094,174452,228433,171958,211126,209875,200452,223936,148531,201202,194338,134475,228273,234942,160923,-9198,127162,249586,-8388607,0,2663,2661,2666,754,2477,-10110976,1,1,14,1,287,0,0,0,1
443350514,527468,523922,539037,491512,238166,115956,174313,228297,172031,211052,210003,200504,223970,148341,200785,194073,134520,228092,234874,160931,-9142,127310,249560,-8388607,0,2668,2666,2663,755,2478,-10110976,1,1,14,1,287,0,0,0,1
443350515,526900,523847,539363,492116,238149,115867,174350,228368,172104,211079,209934,200515,223785,148314,200832,194074,134460,228099,234788,160785,-9121,127232,249630,-8388607,0,2664,2669,2661,752,2480,-10110976,1,1,14,1,287,0,0,0,1
443350516,526374,523639,539792,492711,238173,115791,174326,228269,172263,211326,209924,200526,223857,148242,201082,194204,134381,228137,234738,160944,-9454,127107,249518,-8388607,0,2661,2662,2664,751,2479,-10110976,1,1,14,1,287,0,0,0,1
443350517,526108,523454,540412,493194,238147,115753,174217,228336,172213,211128,209884,200559,223828,148454,201208,194065,134392,228114,234872,160907,-9317,127115,249587,-8388607,0,2659,2663,2662,759,2471,-10110976,1,1,14,1,287,0,0,0,1
443350518,526017,522978,541348,493866,238031,115542,174302,228288,172217,211103,209947,200685,223876,148416,201073,194197,134578,228145,234860,161113,-9189,127559,249717,-8388607,0,2662,2668,2662,753,2477,-10110976,1,1,14,1,287,0,0,0,1
443350519,525765,522677,542067,494519,237967,115474,174233,228091,172060,211078,209951,200533,223671,148248,200948,194201,134466,228062,234981,161014,-9069,127457,249465,-8388607,0,2670,2663,2666,752,2481,-10110976,1,1,14,1,287,0,0,0,1
443350520,525575,522168,542619,494892,237976,115488,174146,228400,172208,210986,209796,200503,223977,148470,201038,194465,134479,228124,234968,160862,-8982,127295,249616,-8388607,0,2668,2662,2664,757,2479,-10110976,1,1,14,1,287,0,0,0,1
443350521,525327,521623,543274,495385,238086,115712,174131,228368,171998,210968,209705,200507,223950,148569,201130,194467,134571,228114,234973,160829,-9123,127291,249553,-8388607,0,2662,2667,2661,754,2481,-10110976,1,1,14,1,287,0,0,0,1
443350522,524721,520995,543898,495801,237952,115623,174057,228210,171822,210915,209543,200376,223947,148467,201043,194296,134551,228162,234888,160892,-9186,127431,249514,-8388607,0,2658,2661,2664,754,2482,-10110976,1,1,14,1,287,0,0,0,1
443350523,524418,520433,544425,496189,237977,115790,174172,228216,171812,210936,209628,200395,223980,148461,201231,194412,134608,228126,234883,161042,-9017,127435,249719,-8388607,0,2664,2665,2666,756,2478,-10110976,1,1,14,1,287,0,0,0,1
443350524,523947,519700,544957,496388,238017,115662,174272,228359,171805,210779,209610,200263,223888,148474,201055,194256,134594,228079,234988,160902,-9227,127231,249643,-8388607,0,2664,2661,2662,759,2478,-10110976,1,1,14,1,287,0,0,0,1
443350525,523738,519046,545764,497033,238304,115745,174497,228427,171901,210979,209838,200312,223972,148547,201115,194477,134698,228272,234990,161158,-9301,127186,249642,-8388607,0,2661,2666,2663,754,2477,-10110976,1,1,14,1,287,0,0,0,1
443350526,523253,518404,546472,497419,238325,115813,174452,228489,171639,210880,209740,200485,223951,148478,201129,194298,134425,228241,234995,161051,-9233,127211,249542,-8388607,0,2661,2664,2666,754,2478,-10110976,1,1,14,1,287,0,0,0,1
443350527,522830,517613,547470,498009,238061,115919,174432,228290,171811,210734,209739,200487,223872,148287,201035,194176,134476,228003,235087,161049,-9134,127388,249525,-8388607,0,2664,2666,2664,755,2477,-10110976,1,1,14,1,287,0,0,0,1
443350528,522709,516934,548048,498368,238190,116025,174288,228350,171840,210848,209716,200355,223718,148120,200970,194207,134482,228066,234952,161030,-9156,127233,249598,-8388607,0,2657,2670,2662,754,2477,-10110976,1,1,14,1,287,0,0,0,1
443350529,522530,516387,548774,498942,238229,115985,174509,228313,171971,210994,209752,200322,223784,148328,200958,194264,134521,228243,234896,160956,-9150,127169,249625,-8388607,0,2659,2666,2664,752,2479,-10110976,1,1,14,1,287,0,0,0,1
443350530,522246,515979,549553,499621,238265,115937,174458,228310,171930,210919,209969,200427,223820,148390,201041,194272,134368,228231,234804,161004,-9171,127222,249572,-8388607,0,2668,2664,2661,753,2475,-10110976,1,1,14,1,287,0,0,0,1
443350531,521771,515741,550157,500447,238185,115887,174354,228358,172020,211113,209881,200449,223833,148329,200916,194183,134418,228100,234778,160824,-9176,127360,249594,-8388607,0,2661,2666,2656,757,2479,-10110976,1,1,14,1,287,0,0,0,1
443350532,521331,515534,550990,501239,238190,115847,174285,228320,172090,211119,210012,200479,223887,148320,201113,194158,134551,228053,234857,160788,-9139,127382,249702,-8388607,0,2662,2666,2661,751,2481,-10110976,1,1,14,1,287,0,0,0,1
443350533,520752,515241,551701,502000,237948,115769,174264,228399,172110,210991,209937,200876,223768,148283,201018,194271,134526,228161,234914,160750,-9356,127093,249636,-8388607,0,2659,2663,2666,754,2477,-10110976,1,1,14,1,287,0,0,0,1
443350534,520685,514900,552425,502903,237986,115592,174153,228487,172115,211186,210003,200732,224039,148344,200825,194257,134412,228084,234859,160745,-9250,127045,249704,-8388607,0,2662,2665,2662,757,2473,-10110976,1,1,14,1,287,0,0,0,1
443350535,520521,514572,553359,503432,237847,115734,174233,228396,172120,210989,209929,200504,223711,148304,201170,194213,134390,228120,234812,160949,-9062,127301,249761,-8388607,0,2661,2666,2662,754,2482,-10110976,1,1,14,1,287,0,0,0,1
443350536,520392,514200,554014,503792,237890,115581,174089,228234,172094,211124,209957,200477,223889,148467,201063,194083,134147,227995,234726,160763,-9048,127496,249643,-8388607,0,2664,2663,2668,755,2477,-10110976,1,1,14,1,287,0,0,0,1
443350537,520004,513825,554730,504427,237849,115562,174075,228109,171992,211019,209940,200482,223950,148467,201147,194404,134337,227995,234763,160928,-9138,127362,249784,-8388607,0,2661,2668,2666,759,2471,-10110976,1,1,14,1,287,0,0,0,1
443350538,519853,513242,555596,504910,237936,115706,174164,228281,171999,210870,209752,200520,223875,148306,201139,194337,134302,228027,234924,160867,-9005,127384,249790,-8388607,0,2654,2668,2666,755,2480,-10110976,1,1,14,1,287,0,0,0,1
443350539,519539,512827,556171,505582,238013,115782,174326,228173,171990,210988,209716,200418,224011,148264,201057,194266,134433,227979,234886,160988,-9048,127356,249730,-8388607,0,2664,2664,2665,751,2477,-10110976,1,1,14,1,287,0,0,0,1
443350540,519083,512466,556795,506285,238058,115733,174243,228271,171735,210878,209829,200475,223934,148439,201147,194303,134477,228278,234907,161142,-9033,127271,249800,-8388607,0,2666,2667,2663,757,2476,-10110976,1,1,14,1,287,0,0,0,1
443350541,518315,512121,557120,506574,238207,115918,174257,228425,171892,210779,209650,200421,224075,148537,201217,194382,134479,228240,235001,160899,-9024,127248,249753,-8388607,0,2665,2667,2662,756,2480,-10110976,1,1,14,1,287,0,0,0,1
443350542,517600,511793,557210,507010,238097,115662,174374,228223,171781,210803,209729,200184,223880,148475,201138,194389,134420,228065,235063,161054,-9092,127170,249784,-8388607,0,2664,2664,2664,751,2479,-10110976,1,1,14,1,287,0,0,0,1
443350543,516695,511274,557058,507575,238165,115749,174328,228363,171682,210608,209763,200232,223862,148394,200946,194262,134652,228256,235052,160960,-8990,127391,249858,-8388607,0,2663,2662,2664,756,2478,-10110976,1,1,14,1,287,0,0,0,1
443350544,515932,510989,557321,507944,238045,115892,174419,228398,171747,210678,209633,200305,223825,148227,200901,194184,134729,228098,235009,161145,-8997,127384,249758,-8388607,0,2660,2667,2659,757,2478,-10110976,1,1,14,1,287,0,0,0,1
443350545,515128,510448,557794,508338,238134,115899,174320,228489,171727,210770,209826,200260,223805,148357,201089,194291,134628,228308,235151,161141,-9216,127197,249832,-8388607,0,2663,2665,2661,754,2488,-10110976,1,1,14,1,287,0,0,0,1
443350546,514333,510029,558342,509059,238006,115967,174333,228503,171726,211046,209648,200404,223852,148407,200972,194199,134686,228348,235018,161071,-9055,127181,249878,-8388607,0,2668,2661,2665,756,2478,-10110976,1,1,14,1,287,0,0,0,1
443350547,513658,509370,558564,509606,238211,115715,174279,228315,172023,211098,209892,200561,223675,148229,200937,194274,134667,228272,235035,161041,-9337,127112,249993,-8388607,0,2660,2666,2666,759,2478,-10110976,1,1,14,1,287,0,0,0,1
443350548,513060,509058,558960,510189,238226,115769,174275,228257,172076,211124,209997,200616,223899,148128,200993,194189,134563,228238,234980,161196,-9089,127142,249836,-8388607,0,2657,2668,2666,755,2482,-10110976,1,1,14,1,287,0,0,0,1
443350549,512384,508625,558944,510592,237887,115676,174126,228277,172066,211258,210050,200488,223729,148183,200987,194293,134524,228127,234995,160812,-9200,127372,249893,-8388607,0,2656,2666,2665,752,2477,-10110976,1,1,14,1,287,0,0,0,1
443350550,511719,508281,559022,511030,238024,115755,174372,228257,172037,211256,210141,200604,223988,148442,200859,194233,134591,228159,235052,160918,-9045,127275,249887,-8388607,0,2664,2668,2661,758,2475,-10110976,1,1,14,1,287,0,0,0,1
443350551,510659,508138,559021,511567,237989,115654,173975,228176,172286,211331,210029,200505,223943,148371,200944,194134,134281,227998,234779,160866,-9117,127444,249901,-8388607,0,2661,2669,2658,754,2480,-10110976,1,1,14,1,287,0,0,0,1
443350552,510005,507834,559102,512471,238005,115707,174147,228344,172161,211152,210137,200646,224029,148466,201202,194458,134434,228033,234932,160817,-8886,127626,249850,-8388607,0,2664,2662,2666,751,2477,-10110976,1,1,14,1,287,0,0,0,1
443350553,508799,507410,559117,513125,238113,115680,174277,228351,171991,211225,209867,200288,223898,148392,201304,194366,134283,227947,234831,160705,-9009,127547,249848,-8388607,0,2664,2666,2666,757,2476,-10110976,1,1,14,1,287,0,0,0,1
443350554,507923,506905,559269,513731,238070,115842,174582,228237,172050,211127,210074,200551,224245,148596,201249,194786,134448,227997,234973,161029,-9103,127204,249970,-8388607,0,2660,2663,2659,755,2480,-10110976,1,1,14,1,287,0,0,0,1
443350555,506846,506242,559384,514156,238237,115853,174420,228399,172046,210984,209920,200487,224109,148542,201246,194540,134349,228072,234945,161017,-9286,127222,249908,-8388607,0,2666,2662,2666,752,2484,-10110976,1,1,14,1,287,0,0,0,1
443350556,505708,505308,559555,514540,238261,115931,174230,228368,172023,211030,209900,200398,224177,148510,201215,194410,134272,228036,234765,160920,-9337,127032,249969,-8388607,0,2666,2663,2666,757,2477,-10110976,1,1,14,1,287,0,0,0,1
443350557,504912,504418,559964,514715,238323,115971,174346,228321,171892,210989,209663,200347,223989,148305,201182,194278,134360,228126,234990,160897,-9298,127242,249933,-8388607,0,2663,2664,2661,759,2479,-10110976,1,1,14,1,287,0,0,0,1
443350558,504108,503593,560554,514972,238327,116046,174395,228390,171887,210911,209622,200388,223725,148628,201236,194299,134498,228172,235121,161129,-9453,127092,249812,-8388607,0,2659,2665,2664,755,2481,-10110976,1,1,14,1,287,0,0,0,1
443350559,503787,502743,561409,515442,238350,116013,174443,228527,171801,210917,209824,200207,223687,148648,201015,194494,134738,228153,234941,161156,-9448,126987,249969,-8388607,0,2661,2662,2666,756,2478,-10110976,1,1,14,1,287,0,0,0,1
443350560,503809,502047,562409,515757,238145,115904,174480,228471,172016,210956,209936,200611,223797,148417,200961,194523,134714,228350,235053,161128,-9405,126941,249845,-8388607,0,2663,2664,2662,758,2474,-10110976,1,1,14,1,287,0,0,0,1
443350561,503437,501519,563417,516468,237976,115696,174456,228416,171947,210865,209706,200479,223620,148315,200984,194360,134817,228280,235101,161223,-9333,126944,249961,-8388607,0,2661,2666,2662,755,2481,-10110976,1,1,14,1,287,0,0,0,1
443350562,503621,501186,564636,516998,237945,115658,174145,228327,172191,211029,210047,200588,223788,148437,201105,194217,134768,228287,235168,161116,-9297,127183,249971,-8388607,0,2665,2664,2665,754,2475,-10110976,1,1,14,1,287,0,0,0,1
443350563,503673,500904,565445,517788,238055,115602,174046,228336,171967,210978,209744,200373,223528,148003,200925,194069,134741,228178,235077,161099,-9324,127126,249997,-8388607,0,2665,2663,2663,756,2475,-10110976,1,1,14,1,287,0,0,0,1
443350564,503729,500901,566471,518394,238054,115475,174202,228244,172197,211027,209780,200411,223877,148012,200799,194062,134703,228185,235126,160918,-9118,127209,249977,-8388607,0,2661,2666,2658,756,2481,-10110976,1,1,14,1,287,0,0,0,1
443350565,503856,501063,567577,519318,238017,115415,174123,228187,172228,211227,209929,200614,223977,148121,201064,194298,134481,228175,235066,161073,-9038,127487,249970,-8388607,0,2661,2666,2664,749,2479,-10110976,1,1,14,1,287,0,0,0,1
443350566,503616,500805,568224,520004,237874,115454,174081,228013,172110,211053,210011,200864,223870,148223,201012,194155,134507,228099,234897,160785,-8986,127464,250023,-8388607,0,2668,2662,2661,756,2478,-10110976,1,1,14,1,287,0,0,0,1
443350567,503453,500497,569180,520652,238015,115598,174270,228285,172142,211092,210000,200766,223879,148311,200975,194210,134375,228223,234907,160965,-8934,127752,250026,-8388607,0,2661,2667,2659,758,2478,-10110976,1,1,14,1,287,0,0,0,1
443350568,502992,500044,569775,521104,238111,115761,174311,228361,171958,210965,209870,200459,224015,148683,201143,194382,134063,228034,234825,160809,-8824,127623,250028,-8388607,0,2664,2665,2669,753,2481,-10110976,1,1,14,1,287,0,0,0,1
443350569,502414,499505,570202,521400,238123,115929,174302,228561,171903,211014,209944,200539,224189,148810,201173,194493,134320,227998,234784,160967,-8861,127699,250152,-8388607,0,2661,2663,2666,756,2478,-10110976,1,1,14,1,287,0,0,0,1
443350570,501582,498595,570375,521403,238134,115953,174479,228597,171946,211117,209936,200474,224143,148669,201221,194460,134381,228151,235029,161197,-8866,127662,250192,-8388607,0,2660,2665,2664,758,2478,-10110976,1,1,14,1,287,0,0,0,1
443350571,500616,497775,570560,521322,238399,115854,174428,228439,171805,210978,209742,200442,223960,148656,201215,194524,134211,228054,234842,160766,-8846,127490,250130,-8388607,0,2659,2666,2664,759,2479,-10110976,1,1,14,1,287,0,0,0,1
443350572,499667,496524,570441,521569,238422,116015,174485,228573,171795,210863,209825,200539,223979,148657,201169,194510,134371,228097,234813,160821,-9025,127528,249971,-8388607,0,2665,2662,2666,755,2476,-10110976,1,1,14,1,287,0,0,0,1
443350573,498360,495647,570116,521927,238239,115967,174499,228411,172055,211156,209931,200669,224182,148633,201300,194494,134260,228028,234856,160911,-9005,127375,249974,-8388607,0,2666,2666,2662,757,2473,-10110976,1,1,14,1,287,0,0,0,1
443350574,496947,494848,570109,522327,238469,116012,174417,228350,171900,210978,209714,200395,223871,148303,201269,194606,134590,228353,235069,160968,-9037,127152,250009,-8388607,0,2662,2668,2661,752,2478,-10110976,1,1,14,1,287,0,0,0,1
443350575,495686,494277,570054,522745,238420,115912,174459,228356,172052,211113,210097,200457,224045,148310,201165,194241,134613,228317,235151,160915,-9254,127023,250123,-8388607,0,2660,2663,2665,751,2477,-10110976,1,1,14,1,287,0,0,0,1
443350576,494403,493734,569773,523125,238364,115936,174445,228603,172087,211008,210010,200418,223832,148135,200951,194165,134760,228355,235088,161150,-9432,126936,250102,-8388607,0,2668,2666,2666,757,2473,-10110976,1,1,14,1,287,0,0,0,1
443350577,493436,493310,569561,523548,238210,115868,174431,228420,172325,211265,209944,200632,223787,148180,201046,194293,134733,228397,235157,161012,-9483,127140,250068,-8388607,0,2663,2666,2659,755,2478,-10110976,1,1,14,1,287,0,0,0,1
443350578,492730,492850,569378,524061,238077,115914,174402,228313,172160,211160,210086,200599,223626,148073,200975,194183,134783,228408,234971,160992,-9228,127207,250064,-8388607,0,2663,2662,2664,754,2482,-10110976,1,1,14,1,287,0,0,0,1
443350579,491894,492421,569448,524363,238066,115812,174278,228403,172113,211122,210082,200662,223807,148185,201071,194212,134721,228440,235031,160965,-9122,127132,250020,-8388607,0,2663,2664,2664,755,2476,-10110976,1,1,14,1,287,0,0,0,1
443350580,491443,491993,569532,524825,238105,115790,174317,228450,172242,211034,210047,200701,223923,148317,201065,194343,134569,228089,235042,160835,-9263,127354,250131,-8388607,0,2661,2664,2659,760,2479,-10110976,1,1,14,1,287,0,0,0,1
443350581,490752,491506,569725,525012,237913,115823,174152,228530,171984,210966,210053,200517,223857,148393,200977,194213,134480,228065,234961,161111,-9308,127377,250026,-8388607,0,2657,2664,2664,754,2482,-10110976,1,1,14,1,287,0,0,0,1
443350582,490340,491306,570210,525712,238346,115788,174358,228419,171978,211205,210074,200603,224092,148304,200879,194465,134359,228031,235074,161025,-9092,127482,250193,-8388607,0,2663,2662,2664,755,2478,-10110976,1,1,14,1,287,0,0,0,1
443350583,489619,490586,570352,526120,238226,115619,174385,228237,171899,210952,209923,200441,224104,148362,201011,194499,134370,227903,234927,160954,-9157,127441,250118,-8388607,0,2664,2661,2662,758,2475,-10110976,1,1,14,1,287,0,0,0,1
443350584,488922,490096,570794,526860,238203,115682,174170,228341,171807,211038,209974,200645,224135,148609,201218,194106,134335,227984,234946,160848,-9093,127295,250105,-8388607,0,2661,2668,2664,753,2482,-10110976,1,1,14,1,287,0,0,0,1
443350585,488451,489576,571360,527083,238155,115816,174374,228408,171831,210883,209893,200511,224087,148531,201275,194545,134221,227994,234881,160863,-9170,127196,250073,-8388607,0,2661,2661,2666,751,2479,-10110976,1,1,14,1,287,0,0,0,1
443350586,487669,488946,571547,527558,238122,115716,174324,228454,171885,210936,209876,200335,224066,148401,201214,194161,134329,227948,234752,160889,-9227,127301,250156,-8388607,0,2663,2662,2659,756,2475,-10110976,1,1,14,1,287,0,0,0,1
443350587,487011,488350,571920,527797,238166,115865,174307,228324,171954,210801,209804,200403,224083,148417,201186,194397,134348,228176,234880,160735,-9101,127249,250012,-8388607,0,2661,2667,2662,754,2479,-10110976,1,1,14,1,287,0,0,0,1
443350588,486502,487674,572573,528176,238406,115776,174326,228422,171980,210895,209980,200394,224137,148446,201161,194371,134404,228166,234816,161050,-9084,127307,250130,-8388607,0,2665,2661,2661,752,2479,-10110976,1,1,14,1,287,0,0,0,1
443350589,486145,486838,573111,528397,238271,115963,174349,228578,172068,210978,210138,200301,223999,148394,201080,194281,134390,228168,234838,160923,-9137,127206,250041,-8388607,0,2668,2662,2672,754,2477,-10110976,1,1,14,1,287,0,0,0,1
443350590,485515,486085,573624,528511,238219,115868,174402,228391,171897,211020,209783,200344,223789,148333,201152,194217,134524,228172,234889,160780,-9122,127272,250074,-8388607,0,2659,2663,2659,758,2475,-10110976,1,1,14,1,287,0,0,0,1
443350591,484923,485244,573931,528812,238094,115717,174408,228406,172187,211058,209927,200466,223737,148085,200887,194214,134474,228089,234856,160807,-9031,127384,250105,-8388607,0,2659,2663,2666,756,2481,-10110976,1,1,14,1,287,0,0,0,1
443350592,484442,484763,574305,529238,238147,115721,174510,228464,172117,211330,210012,200476,223658,148268,201023,194241,134674,228342,234911,160980,-9102,127305,250213,-8388607,0,2666,2663,2661,754,2479,-10110976,1,1,14,1,287,0,0,0,1
443350593,483655,484271,574746,529806,238252,115833,174474,228443,172199,211319,210131,200731,223631,148360,201102,194349,134718,228335,235061,161037,-9203,127177,250140,-8388607,0,2666,2667,2664,756,2477,-10110976,1,1,14,1,287,0,0,0,1
443350594,482975,483821,575283,530284,238123,115795,174302,228413,172032,211292,209983,200669,223575,148305,200957,194157,134527,228344,235007,161038,-9191,127215,250173,-8388607,0,2659,2665,2666,753,2481,-10110976,1,1,14,1,287,0,0,0,1
443350595,482335,483435,575988,531087,237988,115579,174177,228275,172056,211045,210151,200549,223754,148146,200834,194069,134642,228227,235066,161006,-9368,127135,250144,-8388607,0,2661,2664,2666,753,2478,-10110976,1,1,14,1,287,0,0,0,1
443350596,481895,482933,576724,531819,238062,115514,174184,228395,171988,211130,209973,200561,223780,148203,201117,194206,134580,228107,235137,161039,-9459,127136,250172,-8388607,0,2664,2663,2663,758,2471,-10110976,1,1,14,1,287,0,0,0,1
443350597,481591,482633,577108,532575,238139,115575,174327,228297,172124,211174,210085,200531,223828,148389,201165,194280,134563,228231,234917,160978,-9037,127341,250176,-8388607,0,2661,2668,2658,754,2480,-10110976,1,1,14,1,287,0,0,0,1
443350598,481268,482263,577599,533099,238101,115645,174132,228268,172094,210963,210118,200474,223929,148471,201134,194305,134444,228143,235062,160988,-9017,127350,250096,-8388607,0,2665,2659,2667,751,2481,-10110976,1,1,14,1,287,0,0,0,1
443350599,480778,481991,577954,533499,238075,115656,174176,228357,172066,211123,209986,200605,223932,148523,201293,194530,134510,228072,235035,160968,-9140,127458,250304,-8388607,0,2664,2663,2663,756,2473,-10110976,1,1,14,1,287,0,0,0,1
443350600,480102,481498,578350,533990,238229,115708,174264,228351,171914,210968,209913,200485,224105,148598,201207,194456,134400,228111,234899,160815,-8941,127615,250125,-8388607,0,2661,2666,2658,754,2480,-10110976,1,1,14,1,287,0,0,0,1
443350601,479463,481012,578611,534482,238118,115963,174377,228256,171761,211044,209779,200285,224053,148410,201196,194723,134329,228375,234873,160798,-9017,127730,250068,-8388607,0,2660,2660,2665,750,2481,-10110976,1,1,14,1,287,0,0,0,1
443350602,478798,480438,578909,535198,238053,115832,174527,228509,171791,210928,209748,200410,223914,148585,201188,194685,134291,228123,235009,160783,-9021,127544,250068,-8388607,0,2663,2659,2659,755,2478,-10110976,1,1,14,1,287,0,0,0,1
443350603,477886,479750,579206,535722,238290,115868,174442,228329,171706,210902,209905,200485,223944,148675,201233,194370,134329,228145,234896,160961,-9024,127485,250117,-8388607,0,2663,2664,2660,758,2479,-10110976,1,1,14,1,287,0,0,0,1
443350604,476824,478983,579142,536043,238252,115963,174588,228567,171886,211018,209832,200490,223956,148323,201168,194530,134486,228112,235024,161017,-9103,127499,250047,-8388607,0,2659,2660,2666,754,2481,-10110976,1,1,14,1,287,0,0,0,1
443350605,475874,478475,579245,536228,238262,116084,174587,228542,172096,211059,209857,200536,224086,148379,201182,194548,134610,228136,235098,160890,-9061,127281,250025,-8388607,0,2663,2663,2666,753,2478,-10110976,1,1,14,1,287,0,0,0,1
443350606,474898,477527,579395,536242,238141,115904,174257,228267,171939,211039,209854,200416,223919,148244,200935,194344,134607,228253,234996,160958,-9183,127205,250083,-8388607,0,2661,2664,2662,759,2478,-10110976,1,1,14,1,287,0,0,0,1
443350607,474182,476823,579653,536552,237984,115771,174282,228385,172277,211047,210071,200382,223822,148286,200931,194013,134541,228154,235031,161070,-9264,127104,250030,-8388607,0,2657,2665,2664,754,2479,-10110976,1,1,14,1,287,0,0,0,1
443350608,473416,475976,579918,536936,238120,115721,174243,228312,172266,211142,210065,200497,223815,148207,201174,194197,134719,228343,235041,161150,-9445,127019,250200,-8388607,0,2663,2664,2662,754,2477,-10110976,1,1,14,1,287,0,0,0,1
443350609,472810,475478,580419,537262,237942,115620,173988,228211,172312,210943,210043,200476,223602,148162,200959,194205,134589,228331,234975,161077,-9381,127010,250096,-8388607,0,2665,2671,2664,758,2474,-10110976,1,1,14,1,287,0,0,0,1
443350610,472211,475099,580881,537834,237872,115484,174034,228186,172280,211098,210118,200638,223804,148213,200852,194266,134754,228219,235109,161015,-9303,127089,250214,-8388607,0,2664,2668,2659,755,2481,-10110976,1,1,14,1,287,0,0,0,1
443350611,471627,474690,581122,538360,237845,115396,174050,228186,172132,210936,209951,200503,223704,148341,200992,194269,134618,228041,234918,161002,-9379,127048,250026,-8388607,0,2661,2662,2667,752,2481,-10110976,1,1,14,1,287,0,0,0,1
443350612,471288,474493,581289,538593,237776,115236,174096,228177,172025,210993,209721,200516,223549,148248,200961,194239,134554,228142,234875,160856,-9331,127307,250019,-8388607,0,2666,2663,2661,755,2477,-10110976,1,1,14,1,287,0,0,0,1
443350613,470748,474250,581629,539072,238073,115402,174160,228266,171974,210898,209779,200465,223832,148403,201021,194275,134365,228147,234989,161114,-9110,127371,250038,-8388607,0,2669,2665,2659,759,2480,-10110976,1,1,14,1,287,0,0,0,1
443350614,470329,473999,581582,539467,238029,115660,174168,228267,171871,210873,209542,200365,223857,148708,201303,194370,134351,228129,234894,160944,-9216,127385,250011,-8388607,0,2662,2664,2664,754,2483,-10110976,1,1,14,1,287,0,0,0,1
443350615,469600,473429,581823,539669,238144,115895,174278,228369,171817,210884,209671,200319,223885,148517,201043,194314,134351,228087,235020,160955,-9141,127720,250064,-8388607,0,2666,2662,2665,755,2478,-10110976,1,1,14,1,287,0,0,0,1
443350616,469079,472814,581860,539570,238485,116080,174587,228642,171747,210717,209803,200377,224179,148423,201420,194582,134317,228137,234970,161038,-8889,127648,250213,-8388607,0,2661,2666,2660,757,2479,-10110976,1,1,14,1,287,0,0,0,1
443350617,468181,472015,581892,539560,238325,116212,174484,228642,171726,210948,209863,200349,223888,148571,201111,194406,134506,228045,235095,160868,-9054,127587,249993,-8388607,0,2658,2668,2664,753,2481,-10110976,1,1,14,1,287,0,0,0,1
443350618,467206,470740,581776,539335,238535,116192,174530,228591,171779,210872,209987,200439,223922,148490,201073,194440,134476,228269,235058,160811,-8854,127654,250052,-8388607,0,2663,2663,2668,755,2477,-10110976,1,1,14,1,287,0,0,0,1
443350619,465971,469475,581659,538961,238373,116182,174604,228714,171905,210846,209794,200260,223893,148472,201163,194294,134571,228201,234794,160910,-8947,127537,250102,-8388607,0,2663,2664,2660,759,2475,-10110976,1,1,14,1,287,0,0,0,1
443350620,464951,468251,581458,538803,238340,115992,174472,228737,171960,210936,209948,200572,223923,148363,200959,194171,134587,228271,234877,160824,-9010,127314,250039,-8388607,0,2661,2666,2662,754,2480,-10110976,1,1,14,1,287,0,0,0,1
443350621,463474,466994,581002,538542,238157,115823,174286,228413,172083,211108,210007,200478,223950,148389,201076,194164,134467,228129,234870,160909,-9234,127423,249858,-8388607,0,2663,2662,2666,751,2478,-10110976,1,1,14,1,287,0,0,0,1
443350622,462109,465881,580568,538539,237985,115639,174247,228157,172160,211154,209955,200591,223666,148188,200867,194115,134440,228091,234821,161075,-9275,127409,250035,-8388607,0,2662,2667,2663,754,2477,-10110976,1,1,14,1,287,0,0,0,1
443350623,460783,464955,580559,538781,237903,115652,174182,228109,172299,211330,210186,200479,223819,148282,200966,194129,134524,228134,234868,161009,-9379,127090,250068,-8388607,0,2661,2666,2658,755,2479,-10110976,1,1,14,1,287,0,0,0,1
443350624,459350,463906,580313,539004,237824,115590,174172,228119,172381,211188,209963,200792,223702,148057,200804,194005,134594,228082,235026,161145,-9508,126887,250039,-8388607,0,2663,2664,2666,753,2481,-10110976,1,1,14,1,287,0,0,0,1
443350625,458325,463267,580040,539458,237805,115481,174120,228210,172165,211363,210137,200695,223803,148277,201107,194394,134505,228180,235012,161005,-9670,126845,250070,-8388607,0,2667,2663,2661,756,2478,-10110976,1,1,14,1,287,0,0,0,1
443350626,457452,462941,580133,540058,238036,115438,174187,228246,172186,211140,210093,200906,223838,148282,201207,194353,134418,228101,234908,161062,-9608,126976,249993,-8388607,0,2663,2665,2659,757,2477,-10110976,1,1,14,1,287,0,0,0,1
443350627,456903,462584,580165,540655,237963,115640,174069,228238,172084,211019,210080,200605,224120,148176,201035,194362,134528,228114,234798,160835,-9564,127139,250018,-8388607,0,2657,2664,2660,754,2482,-10110976,1,1,14,1,287,0,0,0,1
443350628,456606,462490,580542,541674,237983,115811,174336,228448,172018,210945,210022,200597,224060,148424,201044,194490,134389,228166,235013,160911,-9507,126977,250051,-8388607,0,2661,2663,2666,758,2478,-10110976,1,1,14,1,287,0,0,0,1
443350629,456263,462461,580981,542516,238246,115728,174455,228488,171926,210884,209860,200447,223975,148566,201268,194438,134567,228134,234918,161008,-9436,127205,250128,-8388607,0,2664,2665,2660,760,2473,-10110976,1,1,14,1,287,0,0,0,1
443350630,455910,462375,581845,543469,238276,115652,174508,228398,171748,210616,209836,200280,223799,148567,201044,194250,134341,228107,235149,161020,-9335,127213,249981,-8388607,0,2659,2661,2666,754,2479,-10110976,1,1,14,1,287,0,0,0,1
443350631,456045,462336,582895,544676,238387,115941,174490,228485,171748,210851,209497,200219,223820,148517,201019,194392,134569,228227,235048,161108,-9370,127271,249945,-8388607,0,2665,2664,2670,754,2477,-10110976,1,1,14,1,287,0,0,0,1
443350632,455895,462140,583830,545613,238337,116050,174450,228537,171828,210799,209524,200292,224070,148708,201070,194355,134590,228270,235097,160963,-9412,127251,250130,-8388607,0,2661,2665,2664,756,2473,-10110976,1,1,14,1,287,0,0,0,1
443350633,455780,462019,584784,546525,238287,115971,174556,228384,171801,210804,209631,200432,223953,148630,201049,194307,134537,228381,235028,161141,-9086,127460,250238,-8388607,0,2660,2669,2666,756,2480,-10110976,1,1,14,1,287,0,0,0,1
443350634,455582,461754,585402,547021,238247,115923,174360,228429,171735,210774,209795,200426,223894,148341,201059,194416,134628,228253,235053,160886,-9178,127350,250163,-8388607,0,2662,2664,2663,752,2480,-10110976,1,1,14,1,287,0,0,0,1
443350635,455222,461347,586267,547515,238046,115781,174173,228297,171803,211022,209701,200511,223934,148455,200971,194356,134633,228250,235033,161012,-9012,127518,250189,-8388607,0,2669,2665,2664,756,2477,-10110976,1,1,14,1,287,0,0,0,1
443350636,454881,460767,586798,547874,237888,115720,174056,228373,172102,211021,209806,200550,223773,148343,201108,194223,134626,228227,235001,161116,-9113,127546,250128,-8388607,0,2659,2667,2659,759,2477,-10110976,1,1,14,1,287,0,0,0,1
443350637,454292,459957,587180,548324,237746,115442,174153,228087,172004,211295,209853,200530,223820,148344,200872,194056,134550,228216,234824,160901,-9253,127462,250158,-8388607,0,2663,2662,2664,754,2482,-10110976,1,1,14,1,287,0,0,0,1
443350638,453744,459466,587618,548819,237640,115306,173995,228121,172273,211163,209969,200625,223774,148259,200858,194174,134547,228185,235049,160895,-9057,127337,250163,-8388607,0,2660,2661,2665,755,2478,-10110976,1,1,14,1,287,0,0,0,1
443350639,452911,458901,588200,549302,237951,115492,174067,228195,172261,211261,210076,200537,223945,148188,201168,194371,134421,228151,234813,160909,-9250,127422,250255,-8388607,0,2661,2664,2660,759,2478,-10110976,1,1,14,1,287,0,0,0,1
443350640,452291,458348,588715,549453,237979,115446,174107,228344,172100,211176,210074,200635,223872,148183,200952,194239,134324,228233,234796,161006,-9482,127266,250297,-8388607,0,2663,2670,2664,754,2482,-10110976,1,1,14,1,287,0,0,0,1
443350641,451650,457658,589070,549811,238103,115698,174132,228333,172223,211012,209869,200663,223582,148277,200934,194366,134328,228060,234922,161049,-9209,127440,250359,-8388607,0,2665,2662,2666,755,2478,-10110976,1,1,14,1,287,0,0,0,1
443350642,451317,457091,589696,550168,238256,115879,174224,228255,171932,210976,209930,200543,223847,148535,200926,194382,134152,227974,234866,160815,-9166,127397,250197,-8388607,0,2665,2664,2662,759,2474,-10110976,1,1,14,1,287,0,0,0,1
443350643,450898,456375,590184,550536,238185,115914,174345,228533,171848,211013,209900,200418,223826,148438,200860,194459,134118,227959,234802,160912,-9232,127124,250143,-8388607,0,2661,2666,2658,754,2479,-10110976,1,1,14,1,287,0,0,0,1
443350644,450416,456006,590446,550999,238406,115802,174372,228554,171804,210827,209788,200363,223804,148431,201086,194175,134185,228008,234691,160887,-9219,127194,250052,-8388607,0,2660,2663,2668,751,2479,-10110976,1,1,14,1,287,0,0,0,1
443350645,449770,455606,590863,551250,238324,116099,174467,228481,171666,210898,209941,200478,223933,148500,201004,194446,134341,227966,234839,160870,-9384,127298,250182,-8388607,0,2663,2666,2663,755,2478,-10110976,1,1,14,1,287,0,0,0,1
443350646,449249,455281,591467,551862,238406,116219,174502,228653,171919,210903,209975,200565,223953,148520,201133,194633,134482,228288,234910,160918,-9247,127502,250193,-8388607,0,2661,2667,2657,755,2479,-10110976,1,1,14,1,287,0,0,0,1
443350647,448587,454994,591495,552080,238423,116111,174552,228675,171888,211009,209699,200415,223904,148507,201219,194469,134659,228309,235014,161068,-9095,127443,250191,-8388607,0,2661,2663,2665,752,2482,-10110976,1,1,14,1,287,0,0,0,1
443350648,447912,454512,591495,552318,238345,115895,174560,228503,171964,211066,209708,200248,223967,148385,200872,194426,134630,228392,235077,160933,-9140,127471,250205,-8388607,0,2665,2664,2664,753,2480,-10110976,1,1,14,1,287,0,0,0,1
443350649,447084,453814,591545,552651,238262,115964,174414,228444,171983,210938,209737,200450,223844,148487,201105,194305,134759,228276,235000,161054,-9230,127490,250319,-8388607,0,2661,2667,2659,757,2478,-10110976,1,1,14,1,287,0,0,0,1
443350650,446164,453200,591591,552787,238072,115716,174191,228163,171919,210948,209789,200244,223978,148182,201115,194272,134847,228237,234921,161043,-9137,127627,250254,-8388607,0,2662,2663,2662,754,2484,-10110976,1,1,14,1,287,0,0,0,1
443350651,445133,452378,591493,553098,237844,115574,174087,228003,172049,211016,210009,200473,223947,148537,200939,194079,134620,228409,235037,161019,-9240,127419,250078,-8388607,0,2667,2662,2664,756,2478,-10110976,1,1,14,1,287,0,0,0,1
443350652,444149,451695,591711,553448,237884,115401,174073,228114,171957,211129,210203,200706,223927,148497,201198,194355,134648,228330,235099,161132,-9434,127460,250231,-8388607,0,2664,2665,2663,760,2473,-10110976,1,1,14,1,287,0,0,0,1
443350653,443345,450923,591979,553707,237801,115478,174123,228228,172003,211180,210100,200570,223932,148557,201107,194345,134748,228308,235176,161151,-9305,127366,250261,-8388607,0,2661,2667,2666,755,2481,-10110976,1,1,14,1,287,0,0,0,1
443350654,442393,449984,592349,554026,237771,115418,173945,228086,172151,211143,210040,200684,223998,148273,201187,194290,134614,228153,234963,161201,-9347,127084,250297,-8388607,0,2665,2665,2668,751,2477,-10110976,1,1,14,1,287,0,0,0,1
443350655,441622,449245,592916,554261,237603,115549,174118,228293,172130,210983,210108,200488,223751,148493,201159,194362,134530,228100,234940,160910,-9620,127211,250317,-8388607,0,2666,2665,2661,753,2473,-10110976,1,1,14,1,287,0,0,0,1
443350656,440864,448621,593391,554440,237900,115691,174231,228498,172209,211179,209974,200493,223907,148350,201063,194373,134367,228003,234957,160877,-9752,127021,250325,-8388607,0,2659,2668,2664,754,2481,-10110976,1,1,14,1,287,0,0,0,1
443350657,440499,447937,594107,554790,238158,115874,174251,228417,172095,210930,209932,200412,223926,148355,200973,194511,134367,227972,234787,160929,-9542,127011,250238,-8388607,0,2665,2661,2667,752,2480,-10110976,1,1,14,1,287,0,0,0,1
443350658,440267,447284,594764,555080,238354,115951,174305,228575,171938,210960,209837,200432,223842,148473,201080,194344,134382,227879,234802,160903,-9485,127173,250297,-8388607,0,2665,2659,2662,756,2478,-10110976,1,1,14,1,287,0,0,0,1
443350659,439988,446930,595294,555596,238432,115974,174482,228545,171872,210959,209771,200326,224050,148392,200946,194384,134314,227881,234775,160909,-9314,127225,250334,-8388607,0,2659,2668,2661,756,2479,-10110976,1,1,14,1,287,0,0,0,1
443350660,439854,446604,595852,555962,238518,115991,174713,228681,172013,211059,209782,200573,223886,148610,200936,194443,134313,227888,234852,160879,-9237,127527,250437,-8388607,0,2657,2662,2663,754,2482,-10110976,1,1,14,1,287,0,0,0,1
443350661,439463,446443,595934,556501,238640,116064,174808,228749,171813,210965,209704,200545,223906,148474,201021,194324,134423,228024,234817,161094,-9296,127345,250462,-8388607,0,2665,2659,2664,756,2478,-10110976,1,1,14,1,287,0,0,0,1
443350662,438947,446143,596028,557165,238256,115941,174551,228570,171841,210633,209884,200597,223921,148440,200958,194358,134342,227944,234783,160870,-9141,127565,250511,-8388607,0,2663,2664,2660,758,2475,-10110976,1,1,14,1,287,0,0,0,1
443350663,438231,445938,596149,557782,238222,115989,174414,228483,171825,210988,209701,200638,223896,148388,201105,194260,134584,228054,234967,160889,-8928,127635,250455,-8388607,0,2662,2667,2664,753,2484,-10110976,1,1,14,1,287,0,0,0,1
443350664,437212,445292,596092,558069,238001,115811,174182,228426,171920,210996,209915,200521,223815,148288,200863,194182,134672,228153,234906,160870,-9119,127511,250439,-8388607,0,2664,2661,2664,752,2477,-10110976,1,1,14,1,287,0,0,0,1
443350665,436433,444721,595860,558561,237912,115579,174038,228206,172016,211015,210035,200641,223697,148277,201164,194271,134657,228374,235027,160997,-9251,127384,250599,-8388607,0,2664,2667,2661,756,2480,-10110976,1,1,14,1,287,0,0,0,1
443350666,435372,443770,595696,558699,237715,115400,173959,228008,172129,211076,209795,200328,223793,148348,201149,194269,134750,228354,234989,161048,-9190,127578,250532,-8388607,0,2660,2665,2664,754,2482,-10110976,1,1,14,1,287,0,0,0,1
443350667,434321,442856,595363,558781,237594,115435,173852,227923,172123,211092,210002,200529,223939,148430,200954,194293,134790,228384,235133,161117,-9168,127561,250545,-8388607,0,2666,2664,2665,751,2477,-10110976,1,1,14,1,287,0,0,0,1
443350668,433219,442016,594926,558656,237731,115392,173924,227963,172084,211220,210044,200457,223873,148465,201055,194364,134688,228370,235161,161028,-9101,127497,250460,-8388607,0,2664,2661,2663,755,2476,-10110976,1,1,14,1,287,0,0,0,1
443350669,432018,440877,594656,558703,237768,115356,174023,228100,172069,211097,210030,200544,223943,148437,201151,194370,134680,228197,235024,160892,-9322,127365,250503,-8388607,0,2661,2666,2662,759,2480,-10110976,1,1,14,1,287,0,0,0,1
443350670,430814,440088,594470,558919,237783,115470,174044,228229,172083,211026,209921,200469,223954,148508,201159,194400,134606,228055,235164,160960,-9371,127352,250582,-8388607,0,2661,2666,2665,751,2482,-10110976,1,1,14,1,287,0,0,0,1
443350671,429808,439147,594414,559369,237854,115601,174189,228359,171880,210960,209741,200514,224126,148498,201264,194318,134543,228001,234971,160988,-9471,127290,250436,-8388607,0,2666,2661,2664,757,2476,-10110976,1,1,14,1,287,0,0,0,1
443350672,428861,438513,594319,559918,238239,115976,174365,228359,171958,210907,209717,200284,224013,148497,201093,194386,134367,228162,234886,160978,-9614,127002,250666,-8388607,0,2663,2667,2662,759,2477,-10110976,1,1,14,1,287,0,0,0,1
443350673,427896,438064,594431,560428,238410,116093,174468,228478,171805,210928,209844,200491,224102,148626,201124,194412,134414,228142,234922,160992,-9565,126934,250693,-8388607,0,2672,2662,2666,755,2481,-10110976,1,1,14,1,287,0,0,0,1
443350674,427187,437826,594276,561072,238546,116136,174549,228613,171723,210982,209708,200512,224105,148484,201311,194384,134340,228138,234739,160906,-9747,127053,250624,-8388607,0,2663,2663,2667,756,2477,-10110976,1,1,14,1,287,0,0,0,1
443350675,426856,437820,594637,561840,238544,116264,174543,228832,171860,210725,209378,200455,223883,148376,200997,194445,134351,228285,234857,160954,-9575,127127,250595,-8388607,0,2660,2666,2666,760,2473,-10110976,1,1,14,1,287,0,0,0,1
443350676,426603,437783,595116,562850,238756,116230,174735,228792,171914,210966,209762,200607,224074,148532,201098,194388,134343,228324,234932,161040,-9421,127333,250727,-8388607,0,2659,2666,2664,754,2481,-10110976,1,1,14,1,287,0,0,0,1
443350677,426311,437593,595982,563601,238554,116135,174547,228671,172084,211103,209812,200257,223789,148397,200927,194166,134355,228019,234991,160990,-9573,127309,250657,-8388607,0,2663,2664,2666,752,2476,-10110976,1,1,14,1,287,0,0,0,1
443350678,426272,437564,597007,564628,238340,116015,174511,228654,171968,210824,209908,200185,223783,148003,200890,194019,134533,228152,234947,160972,-9595,127255,250610,-8388607,0,2665,2661,2662,757,2469,-10110976,1,1,14,1,287,0,0,0,1
443350679,426348,437558,598442,565473,238093,115631,174184,228441,172021,210942,209878,200502,223655,148233,201094,193983,134601,228131,234919,160940,-9488,127295,250617,-8388607,0,2662,2668,2662,752,2481,-10110976,1,1,14,1,287,0,0,0,1
443350680,426779,437157,599802,566500,237834,115653,174078,228216,172107,210993,209895,200538,223669,147870,200851,194123,134586,228008,234931,160834,-9256,127471,250781,-8388607,0,2660,2663,2666,749,2477,-10110976,1,1,14,1,287,0,0,0,1
443350681,426805,436824,601423,567360,237635,115486,173866,228101,172088,211430,209944,200737,223966,148199,200873,194153,134582,228079,234869,160962,-9315,127409,250758,-8388607,0,2661,2662,2662,754,2477,-10110976,1,1,14,1,287,0,0,0,1
443350682,426919,436643,602669,568022,237552,115273,173921,227972,172112,211134,210118,200801,223733,148216,201029,194253,134495,228093,234823,160857,-9354,127331,250724,-8388607,0,2663,2668,2659,754,2481,-10110976,1,1,14,1,287,0,0,0,1
443350683,426962,436381,604199,568839,237536,115133,173803,227780,172190,211110,209855,200481,223692,148310,201080,194131,134609,228125,234779,160949,-9442,127392,250811,-8388607,0,2663,2662,2664,753,2482,-10110976,1,1,14,1,287,0,0,0,1
443350684,427010,436334,605595,569680,237659,115084,173823,227939,172215,211054,209857,200626,223937,148392,200952,194233,134358,228163,234775,160958,-9209,127531,250896,-8388607,0,2663,2662,2665,755,2476,-10110976,1,1,14,1,287,0,0,0,1
443350685,426887,436135,606540,570333,237579,115170,173861,228017,172007,210887,209795,200392,223916,148313,201003,194338,134236,227990,234959,160866,-9368,127461,250919,-8388607,0,2661,2667,2659,759,2478,-10110976,1,1,14,1,287,0,0,0,1
443350686,426827,435832,607420,571024,238021,115448,174002,228162,171858,210831,209751,200480,224134,148465,200995,194229,134207,228151,234737,161000,-9169,127637,250933,-8388607,0,2658,2665,2664,754,2482,-10110976,1,1,14,1,287,0,0,0,1
443350687,426679,435378,608395,571724,238152,115721,174276,228381,171888,210593,209595,200203,223989,148559,201070,194356,134355,227989,234833,160925,-9276,127368,250852,-8388607,0,2664,2661,2668,754,2477,-10110976,1,1,14,1,287,0,0,0,1
443350688,426346,434890,609403,572093,238310,115943,174364,228609,171800,210712,209650,200285,224063,148568,201102,194531,134366,228088,234932,160830,-9322,127544,250771,-8388607,0,2670,2665,2661,759,2475,-10110976,1,1,14,1,287,0,0,0,1
443350689,425946,434399,610283,572566,238487,116313,174594,228734,171654,210572,209366,200267,224116,148641,201170,194529,134412,228109,234955,160835,-9283,127561,250873,-8388607,0,2662,2668,2659,753,2480,-10110976,1,1,14,1,287,0,0,0,1
443350690,425609,433698,611162,573122,238699,116348,174719,228985,171678,210785,209617,200379,223987,148519,201037,194381,134620,228163,234865,160750,-9379,127453,250868,-8388607,0,2663,2662,2664,749,2477,-10110976,1,1,14,1,287,0,0,0,1
443350691,425190,433043,611921,573638,238737,116382,174722,228766,171761,211003,209865,200363,223873,148394,201026,194235,134560,228275,234982,160943,-9347,127444,250891,-8388607,0,2664,2662,2662,755,2477,-10110976,1,1,14,1,287,0,0,0,1
443350692,424727,432630,612654,574468,238642,116351,174796,228748,171982,210694,210025,200527,224015,148133,200888,194100,134661,228189,234834,161002,-9254,127419,250963,-8388607,0,2662,2673,2659,755,2480,-10110976,1,1,14,1,287,0,0,0,1
443350693,424098,432140,613421,575064,238387,116235,174596,228556,171938,211058,209895,200597,223733,148253,200923,194165,134591,228298,234877,161142,-9385,127354,250932,-8388607,0,2665,2662,2666,752,2479,-10110976,1,1,14,1,287,0,0,0,1
443350694,423629,431656,613895,575650,238326,115803,174371,228433,172276,211263,210041,200647,223729,148218,201034,194239,134580,228182,234880,161048,-9574,127293,250885,-8388607,0,2667,2662,2664,755,2479,-10110976,1,1,14,1,287,0,0,0,1
443350695,423125,431252,614353,576335,238003,115763,174312,228339,172384,211196,210127,200804,223707,148019,201038,194112,134468,228239,234922,161125,-9411,127349,250965,-8388607,0,2662,2668,2661,755,2480,-10110976,1,1,14,1,287,0,0,0,1
443350696,422838,431003,614379,576944,237783,115510,173969,228175,172420,211335,210287,200651,223669,148312,200885,194132,134590,228214,235042,161133,-9494,127448,251025,-8388607,0,2659,2664,2665,754,2482,-10110976,1,1,14,1,287,0,0,0,1
443350697,422355,430906,615015,577879,237554,115264,173946,228089,172382,211109,210147,200764,223825,148121,200751,194284,134553,228290,234885,160930,-9218,127675,251007,-8388607,0,2661,2659,2664,756,2478,-10110976,1,1,14,1,287,0,0,0,1
443350698,421893,430745,615385,578857,237538,115298,173795,227962,172340,211327,209961,200712,223891,148317,201003,194252,134491,228118,234788,160925,-9213,127369,251001,-8388607,0,2663,2664,2660,759,2478,-10110976,1,1,14,1,287,0,0,0,1
443350699,421205,430496,615726,579978,237752,115200,173912,228025,172270,211365,210067,200549,224211,148593,201196,194578,134422,228052,234832,160708,-9388,127365,250954,-8388607,0,2661,2666,2662,755,2482,-10110976,1,1,14,1,287,0,0,0,1
443350700,420631,430268,616057,581169,237639,115214,174030,227985,172022,211164,209854,200715,224127,148705,201323,194441,134384,228040,234939,160989,-9165,127585,251049,-8388607,0,2665,2662,2666,755,2479,-10110976,1,1,14,1,287,0,0,0,1
443350701,420004,430208,616239,582186,237937,115474,174215,228008,171785,210881,209778,200414,224066,148680,201225,194353,134566,228078,234981,160879,-9011,127713,251061,-8388607,0,2663,2665,2663,756,2475,-10110976,1,1,14,1,287,0,0,0,1
443350702,419276,429939,616303,583029,237916,115517,174140,228141,171547,210645,209410,200371,224078,148701,201199,194640,134331,228111,234913,160968,-9172,127506,251013,-8388607,0,2657,2666,2658,753,2479,-10110976,1,1,14,1,287,0,0,0,1
443350703,418449,429661,616406,583604,238271,115892,174301,228494,171621,210474,209598,200189,224260,148709,201159,194658,134473,228113,235020,161018,-9350,127478,250977,-8388607,0,2663,2666,2666,750,2481,-10110976,1,1,14,1,287,0,0,0,1
443350704,417789,429309,617054,584410,238418,115987,174659,228582,171575,210537,209650,200134,223981,148608,201300,194444,134391,228129,235049,161018,-9333,127315,251034,-8388607,0,2668,2659,2664,756,2478,-10110976,1,1,14,1,287,0,0,0,1
443350705,417252,428800,617793,585084,238480,115996,174637,228807,171450,210471,209401,200242,223875,148484,201122,194426,134430,228319,234964,161239,-9497,127312,251122,-8388607,0,2662,2668,2659,759,2479,-10110976,1,1,14,1,287,0,0,0,1
443350706,416904,428227,618578,585797,238365,116167,174576,228682,171479,210483,209589,200213,223712,148363,200969,194349,134625,228141,234858,161027,-9617,127226,251119,-8388607,0,2661,2663,2665,752,2482,-10110976,1,1,14,1,287,0,0,0,1
443350707,416444,427688,619435,586552,238485,116355,174539,228675,171790,210999,209620,200373,223622,148152,200919,194384,134659,228366,234960,161107,-9606,127257,251200,-8388607,0,2663,2661,2665,755,2478,-10110976,1,1,14,1,287,0,0,0,1
443350708,416096,427367,620253,587238,238431,116074,174405,228405,172097,211103,209795,200426,223643,148147,200866,194317,134656,228156,235150,161085,-9562,127136,251117,-8388607,0,2661,2665,2659,760,2478,-10110976,1,1,14,1,287,0,0,0,1
443350709,415822,426978,621011,587920,238358,115875,174360,228379,172059,211093,209990,200570,223457,148020,200649,194067,134780,228249,235109,160897,-9486,127281,251122,-8388607,0,2662,2666,2664,754,2481,-10110976,1,1,14,1,287,0,0,0,1
443350710,415446,426637,621476,588352,238137,115705,174312,228386,172409,211394,210247,200813,223732,148056,200899,193817,134915,228259,235118,161106,-9139,127554,251213,-8388607,0,2665,2663,2664,756,2478,-10110976,1,1,14,1,287,0,0,0,1
443350711,415356,426625,621852,589060,237928,115478,174083,228427,172519,211413,210268,200780,223656,148191,201056,193947,134888,228243,235046,160964,-9321,127587,251177,-8388607,0,2661,2665,2662,759,2475,-10110976,1,1,14,1,287,0,0,0,1
443350712,414920,426288,622133,589471,237847,115400,173925,228182,172453,211398,210401,200967,223777,148072,200988,193986,134586,228268,234974,160869,-9246,127626,251167,-8388607,0,2658,2669,2663,755,2477,-10110976,1,1,14,1,287,0,0,0,1
443350713,414267,425997,622579,589803,237723,115323,174117,227972,172437,211243,210278,200709,223761,148286,201094,194121,134516,228063,234741,160948,-9228,127675,251226,-8388607,0,2661,2662,2666,752,2478,-10110976,1,1,14,1,287,0,0,0,1
443350714,413864,425378,622871,589883,237713,115429,173921,228119,172344,211229,210196,200610,223952,148256,200872,194283,134222,227998,234715,160793,-9342,127685,251187,-8388607,0,2665,2667,2666,757,2476,-10110976,1,1,14,1,287,0,0,0,1
443350715,413241,424537,623063,590036,237742,115572,173974,228268,172160,211074,210004,200700,224109,148750,201242,194466,134078,227971,234816,160863,-9222,127794,251240,-8388607,0,2663,2665,2659,755,2477,-10110976,1,1,14,1,287,0,0,0,1
443350716,412516,423535,623174,589785,237999,115755,174194,228483,171830,210828,209725,200619,224029,148698,201273,194472,134100,228025,234648,160911,-9171,127638,251292,-8388607,0,2664,2663,2661,749,2481,-10110976,1,1,14,1,287,0,0,0,1
443350717,411848,422319,623491,589751,238251,115790,174445,228490,171736,210800,209809,200483,224211,148872,201291,194578,134244,227921,234810,160828,-9344,127460,251200,-8388607,0,2662,2663,2666,756,2477,-10110976,1,1,14,1,287,0,0,0,1
443350718,410913,421390,624141,590035,238250,115948,174435,228610,171549,210683,209536,200261,224172,148839,201288,194516,134232,227975,234838,160723,-9404,127429,251141,-8388607,0,2660,2666,2658,758,2479,-10110976,1,1,14,1,287,0,0,0,1
443350719,410351,420485,624798,590441,238462,116048,174576,228691,171723,210671,209650,200253,224417,148879,201281,194440,134324,227975,234866,160781,-9533,127355,251169,-8388607,0,2661,2664,2662,754,2482,-10110976,1,1,14,1,287,0,0,0,1
443350720,409641,419729,625417,591194,238551,116201,174714,228565,171491,210481,209685,200241,224278,148663,201084,194285,134544,228022,235081,160945,-9579,127119,251287,-8388607,0,2665,2659,2664,755,2478,-10110976,1,1,14,1,287,0,0,0,1
443350721,408945,419289,625830,591765,238374,116024,174541,228661,171708,210567,209546,200275,223842,148477,201148,194126,134609,228143,235124,161000,-9647,127000,251222,-8388607,0,2661,2668,2666,757,2473,-10110976,1,1,14,1,287,0,0,0,1
443350722,408292,419021,626373,592733,238480,115806,174539,228570,171702,210792,209676,200095,223827,148096,200937,194074,134785,228199,234994,161107,-9828,127163,251331,-8388607,0,2661,2666,2662,754,2482,-10110976,1,1,14,1,287,0,0,0,1
443350723,408066,419013,626983,593553,238253,115763,174447,228444,172005,210927,209920,200375,223696,148241,201045,194162,134829,228410,235174,161124,-9635,127213,251418,-8388607,0,2661,2664,2666,754,2475,-10110976,1,1,14,1,287,0,0,0,1
443350724,407925,419104,627689,594807,238220,115688,173971,228120,172099,210879,210104,200439,223289,147895,200913,193963,134834,228337,235169,161289,-9659,127365,251445,-8388607,0,2664,2663,2662,757,2473,-10110976,1,1,14,1,287,0,0,0,1
443350725,408019,419231,628753,596030,238105,115601,174028,228109,172106,211178,209935,200430,223538,147927,200637,194010,134617,228587,235012,161121,-9756,127386,251388,-8388607,0,2661,2668,2659,753,2480,-10110976,1,1,14,1,287,0,0,0,1
443350726,408128,419524,630204,597427,237747,115340,173965,228123,172308,211045,209862,200586,223282,148084,200823,194060,134618,228533,235008,161090,-9526,127375,251347,-8388607,0,2664,2663,2666,749,2481,-10110976,1,1,14,1,287,0,0,0,1
443350727,408517,419566,631956,599150,237732,115489,173941,228144,172176,211379,210091,200657,223606,148099,200874,194079,134620,228310,235041,161027,-9350,127408,251414,-8388607,0,2665,2664,2666,755,2478,-10110976,1,1,14,1,287,0,0,0,1
443350728,408874,419578,633691,600666,237825,115350,174013,228237,172222,211271,210013,200820,223687,148243,200937,194271,134558,228224,234950,160889,-9436,127429,251394,-8388607,0,2658,2665,2659,754,2479,-10110976,1,1,14,1,287,0,0,0,1
443350729,408925,419722,635222,601981,237810,115364,174160,228220,172273,211129,210054,200659,223765,148329,200932,194279,134282,228149,234869,160833,-9372,127370,251423,-8388607,0,2662,2666,2664,752,2482,-10110976,1,1,14,1,287,0,0,0,1
443350730,408904,419630,636641,603210,238009,115504,174232,228315,172136,211197,210117,200528,224042,148491,201001,194118,134266,228067,234783,160766,-9363,127684,251360,-8388607,0,2667,2664,2664,757,2478,-10110976,1,1,14,1,287,0,0,0,1
443350731,409014,419775,638076,604699,238342,115712,174352,228427,172045,210877,209865,200439,224172,148710,201152,194307,134248,227923,234689,160750,-9046,127822,251431,-8388607,0,2664,2664,2660,758,2477,-10110976,1,1,14,1,287,0,0,0,1
443350732,408982,419636,639523,605735,238296,115858,174228,228346,171856,210874,209888,200612,224303,148799,201229,194523,134081,227779,234647,160709,-9205,127625,251420,-8388607,0,2660,2667,2664,755,2481,-10110976,1,1,14,1,287,0,0,0,1
443350733,408742,419296,640797,606769,238501,115976,174524,228481,171841,210838,209672,200569,224498,148804,201309,194588,134057,227785,234649,160693,-9251,127580,251506,-8388607,0,2661,2662,2668,755,2477,-10110976,1,1,14,1,287,0,0,0,1
443350734,408669,418975,641959,607833,238523,116076,174589,228576,171764,210805,209597,200504,224276,148669,201299,194579,134229,228018,234823,160773,-9284,127613,251446,-8388607,0,2661,2668,2664,760,2471,-10110976,1,1,14,1,287,0,0,0,1
443350735,408509,418588,643024,608696,238359,116118,174511,228628,171712,210581,209654,200262,224117,148602,201397,194594,134288,227913,234785,160944,-9290,127588,251486,-8388607,0,2661,2669,2663,755,2481,-10110976,1,1,14,1,287,0,0,0,1
443350736,408129,418193,644232,609559,238466,116072,174553,228652,171899,210895,209705,200289,224108,148428,201293,194538,134428,228101,234872,161033,-9274,127634,251496,-8388607,0,2665,2661,2666,752,2477,-10110976,1,1,14,1,287,0,0,0,1
443350737,407787,417850,645125,610368,238406,116054,174507,228443,171719,210924,209761,200373,223866,148370,200927,194274,134474,228298,235015,161061,-9518,127571,251489,-8388607,0,2665,2666,2663,758,2473,-10110976,1,1,14,1,287,0,0,0,1
443350738,407409,417399,646125,611060,238152,115973,174285,228681,171985,210954,209694,200299,223758,148312,200859,194172,134757,228222,235115,160957,-9560,127507,251527,-8388607,0,2661,2667,2659,754,2481,-10110976,1,1,14,1,287,0,0,0,1
443350739,407186,416944,647029,611716,238236,115684,174221,228523,172068,211020,209933,200424,223593,148114,200818,194345,134844,228429,234976,160938,-9384,127454,251428,-8388607,0,2660,2664,2664,753,2481,-10110976,1,1,14,1,287,0,0,0,1
443350740,406889,416613,647965,612738,238063,115503,174286,228395,172084,211184,209885,200530,223551,148046,200789,193993,134929,228367,235299,161029,-9508,127457,251462,-8388607,0,2668,2659,2659,757,2476,-10110976,1,1,14,1,287,0,0,0,1
443350741,406576,416417,648701,613480,237936,115607,174223,228282,172331,211124,210139,200685,223550,148047,200866,193931,135013,228327,235089,161144,-9373,127438,251378,-8388607,0,2663,2666,2660,758,2479,-10110976,1,1,14,1,287,0,0,0,1
443350742,406224,416205,649427,614207,237967,115514,174093,228179,172235,211116,210157,200613,223575,147953,200737,193816,134876,228441,235214,161075,-9535,127453,251515,-8388607,0,2662,2665,2665,748,2480,-10110976,1,1,14,1,287,0,0,0,1
443350743,405816,415931,650070,614833,237966,115517,173995,228294,172142,211050,210028,200551,223938,148049,200842,193984,134618,228350,235181,161039,-9514,127406,251526,-8388607,0,2661,2663,2664,755,2478,-10110976,1,1,14,1,287,0,0,0,1
443350744,405530,415547,650692,615381,237909,115422,174131,228251,172140,211046,210060,200512,223777,148272,200894,194214,134527,228309,235145,161128,-9161,127826,251439,-8388607,0,2661,2666,2660,758,2479,-10110976,1,1,14,1,287,0,0,0,1
443350745,405110,415182,651106,616095,237928,115450,174222,228354,172064,211134,209815,200648,223950,148374,201029,194224,134335,227995,234923,161074,-9161,127764,251458,-8388607,0,2659,2665,2664,753,2482,-10110976,1,1,14,1,287,0,0,0,1
443350746,404583,414766,651627,616979,238016,115559,174253,228374,172117,211126,209908,200591,224005,148589,201153,194526,134253,227964,234871,160934,-9226,127716,251579,-8388607,0,2663,2664,2663,753,2478,-10110976,1,1,14,1,287,0,0,0,1
443350747,403850,414392,652084,617663,238050,115676,174350,228368,171853,210986,209984,200648,223953,148534,201244,194564,134218,228085,234830,160913,-9454,127464,251539,-8388607,0,2676,2666,2662,757,2476,-10110976,1,1,14,1,287,0,0,0,1
443350748,403112,413950,652382,618290,238269,115823,174415,228468,171716,210788,209653,200227,224197,148666,201312,194603,134232,227827,234580,160889,-9481,127559,251429,-8388607,0,2660,2667,2664,752,2480,-10110976,1,1,14,1,287,0,0,0,1
443350749,402293,413452,652479,618941,238387,116013,174490,228510,171708,210817,209586,200454,224381,148865,201318,194731,134306,228045,234780,160913,-9323,127671,251546,-8388607,0,2664,2663,2668,749,2477,-10110976,1,1,14,1,287,0,0,0,1
443350750,401481,412821,652480,619350,238525,115969,174378,228570,171665,210796,209846,200265,224424,148787,201257,194715,134151,227921,234837,160875,-9376,127737,251587,-8388607,0,2664,2667,2663,755,2475,-10110976,1,1,14,1,287,0,0,0,1
443350751,400641,412339,652683,619921,238327,115929,174290,228444,171795,210643,209568,200441,224138,148722,200804,194351,134147,227904,234781,160774,-9557,127428,251559,-8388607,0,2664,2667,2659,755,2479,-10110976,1,1,14,1,287,0,0,0,1
443350752,399795,411912,653467,620456,238304,116064,174532,228478,171820,210815,209756,200456,223974,148614,201133,194351,134407,228029,234827,161029,-9666,127289,251651,-8388607,0,2663,2662,2666,753,2482,-10110976,1,1,14,1,287,0,0,0,1
443350753,399119,411078,654331,621075,238083,115721,174221,228358,171721,211091,209738,200450,223785,148335,200973,194149,134431,228158,234841,160972,-9726,127307,251616,-8388607,0,2664,2659,2666,757,2477,-10110976,1,1,14,1,287,0,0,0,1
443350754,398772,410551,655502,621892,237904,115637,174227,228438,171993,211008,209869,200595,223676,148276,200860,194292,134593,228196,234948,161009,-9842,127248,251536,-8388607,0,2660,2669,2664,760,2473,-10110976,1,1,14,1,287,0,0,0,1
443350755,398637,409812,656402,622620,237902,115430,174097,228248,172052,211002,209981,200222,223648,147986,200534,194069,134653,228411,235059,161045,-9774,127297,251685,-8388607,0,2659,2662,2664,754,2482,-10110976,1,1,14,1,287,0,0,0,1
443350756,398348,409503,657453,623247,237983,115535,174004,228264,172271,211127,209815,200483,223364,147988,200853,193989,134791,228353,235082,161011,-9661,127303,251680,-8388607,0,2663,2665,2666,754,2477,-10110976,1,1,14,1,287,0,0,0,1
443350757,398447,409216,658440,623696,237903,115513,173915,228152,172143,211133,209818,200354,223369,147965,200835,193826,134925,228357,235192,161207,-9477,127461,251589,-8388607,0,2667,2665,2663,758,2475,-10110976,1,1,14,1,287,0,0,0,1
443350758,398488,409058,659391,624199,237987,115461,173965,228145,172097,211150,210169,200540,223549,148117,200804,193981,134696,228342,235030,161118,-9465,127624,251615,-8388607,0,2667,2669,2664,755,2481,-10110976,1,1,14,1,287,0,0,0,1
443350759,398260,408980,660153,625013,237993,115453,174087,228246,172089,211060,209930,200533,223676,148334,200768,194166,134778,228418,235027,160999,-9301,127765,251600,-8388607,0,2668,2663,2668,751,2477,-10110976,1,1,14,1,287,0,0,0,1
443350760,398079,408577,660880,625692,237960,115606,174093,228049,172024,210903,209805,200361,223812,148419,200748,194177,134497,228087,234702,160871,-9310,127845,251549,-8388607,0,2661,2662,2662,756,2476,-10110976,1,1,14,1,287,0,0,0,1
443350761,397723,408383,661646,626670,238210,115627,174348,228543,171943,210963,209824,200458,223797,148426,201021,194381,134358,228047,234967,160679,-9292,127862,251824,-8388607,0,2661,2666,2658,754,2480,-10110976,1,1,14,1,287,0,0,0,1
443350762,397164,407954,661959,626888,238277,115888,174447,228408,171915,210814,209603,200422,224052,148503,201116,194446,134272,228062,234777,160857,-9324,127828,251709,-8388607,0,2662,2661,2667,751,2477,-10110976,1,1,14,1,287,0,0,0,1
443350763,396604,407198,662352,627276,238349,116099,174780,228606,171970,210788,209694,200544,224200,148819,201376,194521,134173,228003,234731,161041,-9316,127745,251817,-8388607,0,2668,2659,2662,756,2478,-10110976,1,1,14,1,287,0,0,0,1
443350764,395870,406287,662562,627387,238400,116025,174565,228708,171771,210770,209588,200190,224302,148746,201356,194362,134229,227914,234808,160929,-9328,127954,251712,-8388607,0,2661,2666,2659,758,2479,-10110976,1,1,14,1,287,0,0,0,1
443350765,395160,405389,663022,627586,238392,116122,174364,228675,171671,210688,209786,200091,224376,148640,201328,194443,134243,227879,234717,160858,-9330,127737,251692,-8388607,0,2656,2663,2664,751,2484,-10110976,1,1,14,1,287,0,0,0,1
443350766,394343,404553,663608,627845,238415,116189,174585,228540,171861,210719,209836,200361,224226,148913,201153,194569,134335,227944,234725,160808,-9449,127528,251752,-8388607,0,2664,2661,2664,757,2477,-10110976,1,1,14,1,287,0,0,0,1
443350767,393840,403641,664254,628251,238201,115912,174325,228249,171836,210826,209914,200513,223846,148609,201208,194347,134324,227959,234704,160745,-9651,127337,251722,-8388607,0,2663,2668,2664,758,2473,-10110976,1,1,14,1,287,0,0,0,1
443350768,393333,402925,664810,628803,238055,115798,174108,228337,172223,211153,209964,200538,223962,148580,201267,194217,134492,228034,234892,160813,-9646,127290,251920,-8388607,0,2659,2668,2664,755,2481,-10110976,1,1,14,1,287,0,0,0,1
443350769,392642,402263,665457,629443,237962,115618,174033,228256,172095,211080,209974,200681,223790,148349,201009,194139,134573,228095,234886,161127,-9699,127287,251861,-8388607,0,2661,2664,2664,752,2478,-10110976,1,1,14,1,287,0,0,0,1
443350770,392073,401783,665632,629994,237931,115365,174176,228173,172296,211133,209977,200644,223578,148071,200827,194144,134620,228126,234871,161094,-9681,127163,251703,-8388607,0,2659,2661,2663,758,2475,-10110976,1,1,14,1,287,0,0,0,1
443350771,391394,401580,666057,630772,237876,115310,173928,228020,172473,211383,210224,200920,223550,148040,200809,194001,134659,228267,234864,160887,-9683,127226,251819,-8388607,0,2660,2668,2663,753,2479,-10110976,1,1,14,1,287,0,0,0,1
443350772,391038,401739,666630,631809,237887,115387,173946,228241,172233,211402,210273,200766,223771,148175,200871,193948,134747,228424,235089,161215,-9819,127252,251788,-8388607,0,2666,2665,2666,751,2479,-10110976,1,1,14,1,287,0,0,0,1
443350773,390733,401677,667359,633007,237951,115261,174093,228088,172231,211173,210075,200598,223631,148115,200770,193791,134693,228292,235053,161144,-9665,127616,251804,-8388607,0,2668,2666,2666,756,2475,-10110976,1,1,14,1,287,0,0,0,1
443350774,390831,401700,668405,634431,238105,115569,174038,228278,172194,211185,210061,200649,223665,148246,201103,194027,134676,228422,235120,161135,-9632,127668,251938,-8388607,0,2661,2664,2659,757,2479,-10110976,1,1,14,1,287,0,0,0,1
443350775,390727,401484,669353,635749,238232,115768,174356,228376,172016,211025,209881,200581,223890,148325,201027,194235,134664,228309,235014,160983,-9453,127611,251904,-8388607,0,2661,2660,2666,754,2484,-10110976,1,1,14,1,287,0,0,0,1
443350776,390434,401434,670619,636811,238196,115786,174299,228426,171795,210884,209737,200395,223955,148486,200991,194299,134538,228169,234784,161131,-9422,127581,251864,-8388607,0,2663,2659,2664,756,2476,-10110976,1,1,14,1,287,0,0,0,1
443350777,390358,401320,671881,637875,238455,115941,174451,228682,171627,210827,209854,200332,223896,148606,201188,194363,134400,228160,234937,160999,-9588,127548,251946,-8388607,0,2661,2666,2659,757,2478,-10110976,1,1,14,1,287,0,0,0,1
443350778,390288,401184,673074,638935,238416,116006,174460,228580,171433,210811,209669,200364,224112,148475,201159,194513,134369,228035,234826,160946,-9481,127662,251934,-8388607,0,2664,2665,2661,752,2484,-10110976,1,1,14,1,287,0,0,0,1
443350779,390330,400786,674251,639758,238396,116124,174378,228680,171569,210882,209496,200175,224174,148612,201266,194455,134429,228013,235046,160820,-9371,127707,251869,-8388607,0,2665,2663,2665,754,2478,-10110976,1,1,14,1,287,0,0,0,1
443350780,390067,400399,675733,640855,238368,116060,174491,228480,171564,210708,209554,200327,224059,148671,201343,194368,134373,228035,234945,160810,-9458,127647,251913,-8388607,0,2663,2665,2662,758,2480,-10110976,1,1,14,1,287,0,0,0,1
443350781,389823,399982,677140,642053,238191,115950,174463,228207,171762,210864,209882,200330,224118,148551,201071,194400,134368,227937,234864,160864,-9505,127559,251881,-8388607,0,2657,2666,2662,754,2482,-10110976,1,1,14,1,287,0,0,0,1
443350782,389560,399602,678352,642844,238173,115632,174321,228195,171951,210923,209746,200421,224259,148570,200999,194372,134425,228104,234806,160895,-9515,127647,251951,-8388607,0,2661,2662,2666,751,2479,-10110976,1,1,14,1,287,0,0,0,1
443350783,388997,399213,679309,643415,238023,115635,174189,228214,172043,211129,210029,200624,223975,148541,201143,194188,134401,227880,234799,160847,-9587,127664,251877,-8388607,0,2668,2666,2663,758,2475,-10110976,1,1,14,1,287,0,0,0,1
443350784,388709,398825,680167,643849,237901,115508,173987,228129,172259,210964,210201,200764,223927,148270,201236,194345,134451,228044,234774,160840,-9521,127672,251918,-8388607,0,2663,2666,2659,754,2480,-10110976,1,1,14,1,287,0,0,0,1
443350785,388462,398233,680986,644266,237811,115321,173906,228077,172318,211252,209897,200537,223904,148152,201025,194212,134533,228008,234785,160919,-9369,127705,251879,-8388607,0,2661,2662,2667,751,2482,-10110976,1,1,14,1,287,0,0,0,1
443350786,388110,397610,681794,644641,237691,115329,173991,228148,172396,211270,209978,200673,223500,148183,201004,194170,134613,228268,234831,160958,-9453,127740,251930,-8388607,0,2663,2662,2659,756,2477,-10110976,1,1,14,1,287,0,0,0,1
443350787,387798,397076,682749,645251,237959,115539,174048,228285,172385,211226,210100,200666,223761,148152,201011,194193,134616,228277,235023,161098,-9433,127633,252045,-8388607,0,2661,2667,2661,757,2479,-10110976,1,1,14,1,287,0,0,0,1
443350788,387366,396384,683234,645579,238024,115580,173989,228327,172027,211105,210105,200562,223584,148157,200715,194172,134593,228362,235014,161025,-9359,127574,251914,-8388607,0,2663,2666,2664,754,2482,-10110976,1,1,14,1,287,0,0,0,1
443350789,386978,395784,683764,646100,238109,115673,174087,228383,172153,210950,210031,200530,223632,148299,200824,194256,134592,228281,234946,161002,-9306,127638,252035,-8388607,0,2668,2663,2664,755,2478,-10110976,1,1,14,1,287,0,0,0,1
443350790,386363,395290,684130,646743,238253,115895,174373,228434,172030,211001,209798,200458,223811,148200,200970,194380,134470,228215,235166,160956,-9415,127588,252108,-8388607,0,2664,2665,2662,759,2479,-10110976,1,1,14,1,287,0,0,0,1
443350791,385776,394799,684137,647029,238218,115950,174501,228616,171802,210722,209728,200451,223973,148398,200975,194185,134633,228316,235061,161199,-9426,127698,252037,-8388607,0,2656,2665,2662,754,2482,-10110976,1,1,14,1,287,0,0,0,1
443350792,385119,394153,684246,647373,238338,115856,174495,228516,171639,210728,209559,200217,223908,148502,201083,194385,134545,228186,235015,161097,-9387,127698,252141,-8388607,0,2659,2666,2668,752,2477,-10110976,1,1,14,1,287,0,0,0,1
443350793,384338,393761,684186,648003,238479,115844,174464,228561,171844,210410,209562,200277,223896,148466,201104,194294,134561,228197,235043,161152,-9501,127632,251931,-8388607,0,2663,2664,2666,759,2475,-10110976,1,1,14,1,287,0,0,0,1
443350794,383606,393465,684299,648589,238461,116098,174361,228451,171619,210621,209537,200182,224184,148452,201071,194327,134481,228228,235043,160999,-9485,127728,252067,-8388607,0,2663,2668,2661,751,2483,-10110976,1,1,14,1,287,0,0,0,1
443350795,382929,392990,684189,649154,238391,115979,174486,228443,171502,210683,209884,200318,224048,148481,200964,194337,134361,228136,234947,161047,-9535,127626,252031,-8388607,0,2666,2664,2668,750,2484,-10110976,1,1,14,1,287,0,0,0,1
443350796,382235,392487,684129,649790,238288,115680,174301,228487,171679,210965,209708,200321,223862,148123,201001,194346,134417,227888,234981,160824,-9541,127654,252107,-8388607,0,2664,2663,2666,757,2473,-10110976,1,1,14,1,287,0,0,0,1
443350797,381476,391839,684182,650127,238032,115694,174362,228330,171779,210788,209685,200203,223926,148514,201107,194286,134392,228048,234785,160894,-9604,127749,251970,-8388607,0,2662,2670,2662,755,2481,-10110976,1,1,14,1,287,0,0,0,1
443350798,380711,391329,684110,650391,237922,115780,174296,228410,171964,211037,209815,200517,223916,148518,201062,194389,134459,228041,234885,160824,-9530,127682,252199,-8388607,0,2664,2663,2661,749,2484,-10110976,1,1,14,1,287,0,0,0,1
443350799,379887,390877,684108,651075,237937,115456,173958,228224,172086,211033,209947,200550,223940,148305,200854,194278,134325,228093,234740,160839,-9625,127670,252045,-8388607,0,2668,2658,2664,757,2477,-10110976,1,1,14,1,287,0,0,0,1
443350800,379178,390335,684116,651669,237741,115305,173929,228105,172056,211071,209978,200670,223839,148248,200922,194259,134192,228150,234923,160960,-9487,127618,252107,-8388607,0,2663,2666,2662,756,2480,-10110976,1,1,14,1,287,0,0,0,1
443350801,378496,389944,684610,652221,237962,115399,173997,228155,172239,211188,210055,200796,223955,148231,200978,194239,134480,228104,234982,160990,-9428,127578,252078,-8388607,0,2661,2665,2665,753,2481,-10110976,1,1,14,1,287,0,0,0,1
443350802,377859,389418,685319,653146,237937,115491,173887,228194,172230,211138,209984,200748,223814,148160,200892,194150,134492,228104,234873,160930,-9678,127394,252115,-8388607,0,2661,2664,2664,756,2478,-10110976,1,1,14,1,287,0,0,0,1
443350803,377166,389010,685763,653781,237947,115495,173992,228157,172223,211229,210220,200795,223872,148004,200832,193844,134550,228105,234887,160843,-9862,127412,252047,-8388607,0,2661,2664,2660,759,2478,-10110976,1,1,14,1,287,0,0,0,1
443350804,377022,388580,686683,654789,238118,115602,174308,228319,172259,211033,210110,200549,223796,148296,200934,194022,134419,228064,234848,160837,-9680,127564,252167,-8388607,0,2661,2666,2664,754,2482,-10110976,1,1,14,1,287,0,0,0,1
443350805,376262,388246,687080,655368,238165,115732,174242,228435,171920,211112,209935,200679,223820,148203,200840,194115,134462,228169,234929,160858,-9611,127423,252225,-8388607,0,2664,2660,2668,752,2477,-10110976,1,1,14,1,287,0,0,0,1
443350806,376199,387892,687875,655430,238295,115970,174317,228588,172028,210835,209874,200529,223907,148491,200996,194239,134419,228188,234886,160939,-9671,127589,252221,-8388607,0,2664,2666,2661,757,2475,-10110976,1,1,14,1,287,0,0,0,1
443350807,375907,387554,688300,655726,238271,115841,174391,228540,171867,210916,209854,200256,223986,148392,200994,194199,134434,228069,234960,161014,-9474,127906,252083,-8388607,0,2661,2668,2662,754,2479,-10110976,1,1,14,1,287,0,0,0,1
443350808,375605,386953,688661,656174,238281,115857,174485,228476,171708,210690,209652,200424,223782,148301,201081,194209,134442,228034,234711,160882,-9513,127844,252229,-8388607,0,2661,2663,2666,749,2478,-10110976,1,1,14,1,287,0,0,0,1
443350809,375316,386578,689231,656383,238429,116070,174569,228642,171844,210781,209712,200195,223897,148434,201220,194351,134580,228153,234786,161129,-9228,128035,252232,-8388607,0,2668,2663,2663,754,2473,-10110976,1,1,14,1,287,0,0,0,1
443350810,374691,385936,689686,656545,238346,115931,174533,228560,171889,211000,209764,200343,224030,148331,201219,194527,134511,228315,235078,160919,-9501,127889,252232,-8388607,0,2661,2667,2662,757,2478,-10110976,1,1,14,1,287,0,0,0,1
443350811,374006,384998,690109,656538,238477,115830,174320,228464,171766,210831,209528,200325,223948,148202,201188,194272,134530,228176,235053,160817,-9474,127735,252367,-8388607,0,2661,2663,2665,751,2482,-10110976,1,1,14,1,287,0,0,0,1
443350812,373308,384107,690490,656505,238378,115629,174276,228415,171938,210852,209772,200400,224222,148570,201083,194235,134581,228250,235026,161033,-9584,127718,252234,-8388607,0,2661,2663,2663,751,2478,-10110976,1,1,14,1,287,0,0,0,1
443350813,372503,383005,691034,656671,238183,115694,174175,228367,171857,210860,209877,200420,223969,148625,201150,194284,134536,228207,235001,161002,-9504,127710,252328,-8388607,0,2660,2665,2659,759,2479,-10110976,1,1,14,1,287,0,0,0,1
443350814,371576,381864,691530,656884,237924,115554,174058,228534,171923,211075,210087,200824,224134,148585,201175,194266,134600,228363,234885,161081,-9555,127570,252276,-8388607,0,2659,2665,2666,756,2481,-10110976,1,1,14,1,287,0,0,0,1
443350815,371158,380992,692338,657212,237964,115496,174113,228261,172127,210979,210086,200618,223821,148431,201234,194284,134525,228207,234985,161041,-9666,127487,252238,-8388607,0,2672,2665,2666,756,2477,-10110976,1,1,14,1,287,0,0,0,1
443350816,370481,380123,693011,657394,237792,115482,174030,228188,172003,211026,209807,200656,223751,148413,200954,194215,134514,228054,234932,161052,-9853,127430,252260,-8388607,0,2661,2666,2664,759,2475,-10110976,1,1,14,1,287,0,0,0,1
443350817,369900,379431,693485,657692,237989,115408,174115,228373,172294,211256,209972,200804,223897,148553,201093,194149,134457,228081,234976,160901,-9769,127342,252387,-8388607,0,2659,2668,2666,755,2477,-10110976,1,1,14,1,287,0,0,0,1
443350818,369602,378800,693807,657966,237989,115607,174148,228308,172441,211290,210206,200757,223851,148361,201009,194375,134460,227990,235082,160937,-9724,127341,252322,-8388607,0,2661,2664,2666,748,2477,-10110976,1,1,14,1,287,0,0,0,1
443350819,369088,378457,694117,658402,238149,115657,174333,228375,172259,211175,210096,200688,223738,148250,201044,194134,134473,228013,234911,161033,-9634,127478,252360,-8388607,0,2665,2664,2659,755,2476,-10110976,1,1,14,1,287,0,0,0,1
443350820,368643,378189,694514,659100,238306,115874,174475,228485,172109,211155,210067,200687,223733,148281,201021,194293,134618,228249,235045,161087,-9486,127753,252246,-8388607,0,2663,2667,2658,756,2479,-10110976,1,1,14,1,287,0,0,0,1
443350821,368193,377962,694998,659867,238258,115928,174276,228703,172008,211037,209848,200624,223834,148150,201119,194247,134538,228091,235047,161019,-9582,127704,252191,-8388607,0,2665,2663,2667,749,2479,-10110976,1,1,14,1,287,0,0,0,1
443350822,367643,377693,695575,660858,238376,116222,174538,228667,172096,210830,209928,200595,223868,148140,200919,194161,134540,228172,234971,161017,-9624,127716,252310,-8388607,0,2664,2676,2663,755,2476,-10110976,1,1,14,1,287,0,0,0,1
443350823,367238,377451,696143,661917,238480,116157,174526,228642,171917,210934,210049,200484,223955,148246,200988,194215,134461,228110,234962,160870,-9706,127637,252370,-8388607,0,2661,2666,2658,754,2479,-10110976,1,1,14,1,287,0,0,0,1
443350824,366856,377199,696539,662945,238389,116013,174674,228670,171729,210941,209840,200680,224052,148460,201035,194331,134492,228086,234938,160996,-9603,127665,252452,-8388607,0,2661,2662,2664,753,2482,-10110976,1,1,14,1,287,0,0,0,1
443350825,366503,376744,696881,663641,238367,115838,174555,228540,171686,210984,209937,200367,223970,148385,201027,194209,134498,228194,234901,160980,-9441,127787,252368,-8388607,0,2667,2659,2664,756,2478,-10110976,1,1,14,1,287,0,0,0,1
443350826,365825,376554,697266,664366,238134,115783,174422,228373,171792,210708,209569,200330,224012,148337,201089,194225,134464,228181,234958,161103,-9483,127771,252287,-8388607,0,2661,2663,2661,758,2478,-10110976,1,1,14,1,287,0,0,0,1
443350827,365504,376210,697695,664763,238098,115731,174195,228463,171835,210828,209803,200320,223811,148420,201029,194498,134417,228177,234945,160972,-9530,127819,252429,-8388607,0,2661,2667,2666,753,2481,-10110976,1,1,14,1,287,0,0,0,1
443350828,365034,375899,698196,665374,237823,115481,173793,228259,171922,210960,209891,200462,223944,148480,201097,194520,134410,228140,234866,160989,-9611,127725,252460,-8388607,0,2663,2661,2666,756,2478,-10110976,1,1,14,1,287,0,0,0,1
443350829,364584,375436,698512,665962,237657,115325,173837,228034,172008,210897,209905,200439,223993,148467,201177,194445,134410,228107,234931,160972,-9534,127726,252486,-8388607,0,2664,2665,2663,757,2475,-10110976,1,1,14,1,287,0,0,0,1
443350830,364025,374864,698849,666545,237776,115287,173793,228141,171977,211017,210011,200611,223943,148309,201070,194568,134596,228045,234912,161010,-9629,127698,252543,-8388607,0,2661,2670,2664,755,2482,-10110976,1,1,14,1,287,0,0,0,1
443350831,363450,374383,699095,666956,237753,115365,173787,228110,172152,210989,210051,200837,223829,148248,200969,194212,134566,228213,235002,161027,-9515,127725,252437,-8388607,0,2668,2663,2664,753,2477,-10110976,1,1,14,1,287,0,0,0,1
443350832,362622,373953,699515,667377,237997,115447,174167,228205,172161,211109,210059,200704,223772,148393,201099,194176,134620,228372,234998,160998,-9631,127683,252489,-8388607,0,2664,2657,2660,756,2476,-10110976,1,1,14,1,287,0,0,0,1
443350833,362107,373386,699974,667924,238066,115678,174296,228431,172044,211019,210041,200520,223847,148373,200972,194363,134575,228175,234928,161022,-9670,127744,252455,-8388607,0,2660,2665,2662,756,2481,-10110976,1,1,14,1,287,0,0,0,1
443350834,361359,372879,700498,668409,238252,115752,174319,228606,172014,211117,210101,200352,223856,148194,201045,194057,134567,228189,234961,160837,-9677,127648,252433,-8388607,0,2660,2663,2664,751,2482,-10110976,1,1,14,1,287,0,0,0,1
443350835,360848,372333,700993,668789,238507,115984,174600,228697,172088,211125,209830,200544,223787,148142,201095,194112,134513,228093,234869,161041,-9646,127559,252433,-8388607,0,2672,2659,2664,754,2477,-10110976,1,1,14,1,287,0,0,0,1
443350836,360382,371690,701407,668935,238607,116150,174601,228714,172090,211096,210068,200671,223797,148218,201111,194320,134521,228214,235012,160923,-9743,127666,252593,-8388607,0,2663,2669,2664,759,2477,-10110976,1,1,14,1,287,0,0,0,1
443350837,359910,371071,702059,669277,238701,116254,174385,229004,172036,211050,209933,200357,223586,148164,201126,194257,134511,228102,235115,160902,-9602,127596,252600,-8388607,0,2661,2665,2668,754,2481,-10110976,1,1,14,1,287,0,0,0,1
443350838,359502,370388,702324,669387,238701,116266,174671,228881,172121,210946,209950,200571,223788,148478,201143,194326,134477,228156,235085,161102,-9595,127867,252601,-8388607,0,2663,2659,2666,754,2478,-10110976,1,1,14,1,287,0,0,0,1
443350839,359016,369707,702442,669309,238584,116103,174540,228836,171990,210952,210066,200476,223776,148333,201111,194315,134499,227980,234941,160955,-9584,127863,252597,-8388607,0,2661,2666,2662,758,2474,-10110976,1,1,14,1,287,0,0,0,1
443350840,358516,369038,702638,669347,238439,116094,174511,228625,172030,210941,210064,200342,223863,148427,200946,194321,134330,228112,234925,160932,-9560,127911,252600,-8388607,0,2659,2666,2662,754,2481,-10110976,1,1,14,1,287,0,0,0,1
443350841,357912,368294,703039,669709,238343,115737,174344,228486,172074,211174,210028,200504,223987,148539,201108,194345,134404,228010,235122,160912,-9445,127969,252704,-8388607,0,2665,2664,2668,750,2479,-10110976,1,1,14,1,287,0,0,0,1
443350842,357105,367704,703137,669996,237973,115413,174191,228338,171955,211088,209875,200353,223989,148555,201130,194349,134382,227936,235014,160826,-9429,127845,252660,-8388607,0,2668,2666,2663,757,2475,-10110976,1,1,14,1,287,0,0,0,1
443350843,356161,366844,703470,670477,237881,115325,173915,228137,171986,211039,209854,200902,224292,148711,201234,194209,134339,228131,234811,160931,-9520,127658,252568,-8388607,0,2662,2668,2659,754,2480,-10110976,1,1,14,1,287,0,0,0,1
443350844,355364,366223,703672,670842,237843,115142,173957,228040,172055,211187,209941,200653,224195,148566,201235,194380,134535,228063,234841,160914,-9660,127617,252660,-8388607,0,2661,2664,2663,749,2479,-10110976,1,1,14,1,287,0,0,0,1
443350845,354524,365414,703950,671345,237813,115344,173920,228253,172172,211073,209928,200582,224116,148411,201136,194478,134503,228105,234864,160872,-9866,127673,252714,-8388607,0,2663,2662,2662,756,2476,-10110976,1,1,14,1,287,0,0,0,1
443350846,353775,365013,704276,671953,237862,115399,173865,228291,172140,211111,210104,200655,224037,148535,201173,194408,134615,228164,234872,160837,-9714,127641,252713,-8388607,0,2662,2667,2661,757,2479,-10110976,1,1,14,1,287,0,0,0,1
443350847,353114,364527,704792,672688,237837,115464,174097,228357,172092,211014,209944,200625,224125,148450,201089,194360,134512,228228,235160,160889,-9663,127666,252723,-8388607,0,2661,2663,2663,754,2482,-10110976,1,1,14,1,287,0,0,0,1
443350848,352665,364042,705386,673559,238360,115642,174050,228468,172131,210913,209846,200535,224027,148438,201137,194213,134536,228253,235027,160934,-9710,127752,252672,-8388607,0,2663,2663,2666,755,2478,-10110976,1,1,14,1,287,0,0,0,1
443350849,352239,363676,706005,674426,238369,115889,174413,228585,172174,210891,209773,200511,223739,148431,201068,194609,134692,228341,235133,161247,-9765,127744,252641,-8388607,0,2661,2667,2660,760,2478,-10110976,1,1,14,1,287,0,0,0,1
443350850,351648,363351,706845,675199,238466,115943,174375,228462,171916,210814,209671,200484,223682,148271,201005,194383,134554,228317,235189,161184,-9713,127638,252684,-8388607,0,2655,2667,2666,754,2482,-10110976,1,1,14,1,287,0,0,0,1
443350851,351229,363138,707695,675996,238728,116063,174594,228797,171883,210909,209682,200545,223822,148318,200850,194362,134508,228352,235222,161202,-9721,127736,252774,-8388607,0,2665,2664,2666,754,2477,-10110976,1,1,14,1,287,0,0,0,1
443350852,350912,362760,708228,676327,238712,116095,174677,228831,171791,210994,209767,200467,223829,148335,200936,194142,134640,228278,235034,161097,-9676,127755,252854,-8388607,0,2668,2668,2661,758,2471,-10110976,1,1,14,1,287,0,0,0,1
443350853,350723,362467,708883,676681,238763,116156,174578,228656,171612,210957,209737,200569,223697,148112,200948,194239,134646,228294,235137,161043,-9519,127945,252653,-8388607,0,2661,2668,2659,755,2477,-10110976,1,1,14,1,287,0,0,0,1
443350854,350246,362018,709519,677116,238604,116253,174670,228680,171896,210956,209854,200416,223755,148004,200927,194074,134619,228305,235093,161020,-9416,128026,252715,-8388607,0,2664,2664,2666,751,2481,-10110976,1,1,14,1,287,0,0,0,1
443350855,349749,361389,709970,677412,238310,115888,174356,228581,171998,210928,209744,200382,223703,148175,201031,194168,134551,228112,234919,160813,-9456,128097,252640,-8388607,0,2666,2667,2661,754,2475,-10110976,1,1,14,1,287,0,0,0,1
443350856,348973,360708,710233,677568,238230,115598,174285,228467,172122,210947,209952,200495,223601,148337,201004,194255,134348,227874,234868,160841,-9519,128044,252723,-8388607,0,2661,2674,2659,757,2480,-10110976,1,1,14,1,287,0,0,0,1
443350857,348272,359971,710437,677524,237929,115547,174129,228449,172366,211064,210149,200529,223873,148251,201185,194523,134388,227965,234875,160930,-9640,127895,252800,-8388607,0,2661,2662,2663,754,2484,-10110976,1,1,14,1,287,0,0,0,1
443350858,347342,359192,710238,677391,237827,115442,173852,228260,172170,210979,210176,200625,223937,148277,201045,194465,134293,227887,234664,160776,-9643,127903,252711,-8388607,0,2668,2659,2664,755,2477,-10110976,1,1,14,1,287,0,0,0,1
443350859,346370,358576,709878,677335,237911,115268,173874,228203,172347,211347,210345,200674,224140,148601,201218,194613,134269,228045,234740,160879,-9563,127963,252799,-8388607,0,2661,2664,2661,758,2477,-10110976,1,1,14,1,287,0,0,0,1
443350860,345344,357722,709313,677114,237829,115249,173911,228263,172231,211375,210251,200845,224295,148508,201086,194340,134215,228039,234784,160911,-9719,127813,252781,-8388607,0,2657,2665,2666,753,2481,-10110976,1,1,14,1,287,0,0,0,1
443350861,344570,356858,708858,676818,238079,115295,174081,228255,172252,211354,210095,200765,224179,148551,201270,194472,134292,227953,234785,160936,-9715,127747,252848,-8388607,0,2663,2659,2666,756,2478,-10110976,1,1,14,1,287,0,0,0,1
443350862,343551,355921,708483,676663,238250,115384,174092,228198,172344,211288,209927,200601,224379,148807,201360,194600,134284,227928,234912,160831,-9712,127742,252848,-8388607,0,2665,2666,2662,757,2475,-10110976,1,1,14,1,287,0,0,0,1
443350863,342723,355128,708344,676892,238230,115710,174212,228434,172208,210927,209682,200591,224208,148567,201200,194321,134420,228104,234901,160942,-9955,127591,252819,-8388607,0,2664,2668,2661,752,2481,-10110976,1,1,14,1,287,0,0,0,1
443350864,341956,354175,708126,677007,238422,115764,174313,228318,171867,210799,209732,200342,223956,148481,201131,194321,134463,228037,235061,160979,-9977,127467,252787,-8388607,0,2663,2664,2666,751,2480,-10110976,1,1,14,1,287,0,0,0,1
443350865,341350,353569,707964,677343,238339,116046,174318,228524,171768,210825,209940,200560,224112,148515,200898,194387,134496,228184,235022,161130,-10006,127458,252910,-8388607,0,2662,2668,2663,754,2473,-10110976,1,1,14,1,287,0,0,0,1
443350866,340728,353141,707852,677625,238518,115938,174524,228578,171661,210698,209707,200229,223872,148246,200949,194207,134816,228389,235185,161295,-9999,127502,252877,-8388607,0,2661,2666,2658,755,2479,-10110976,1,1,14,1,287,0,0,0,1
443350867,340241,352582,707504,677929,238477,115982,174291,228667,171714,210811,209802,200408,223566,148400,200789,194148,134609,228362,235026,161148,-9837,127675,252865,-8388607,0,2661,2664,2665,751,2480,-10110976,1,1,14,1,287,0,0,0,1
443350868,339680,352396,707256,678349,238430,115960,174369,228608,171804,210780,209677,200059,223493,148241,200972,194025,134754,228223,235128,161051,-9766,127783,252884,-8388607,0,2668,2664,2661,756,2478,-10110976,1,1,14,1,287,0,0,0,1
443350869,339355,351952,706924,678935,238451,115893,174556,228560,171787,210823,209743,200229,223550,148095,200901,194090,134869,228379,235056,160992,-9640,127936,252901,-8388607,0,2663,2663,2664,755,2478,-10110976,1,1,14,1,287,0,0,0,1
443350870,338823,351634,706805,679636,238340,115772,174419,228535,171972,211026,209843,200284,223486,148125,200896,194332,134691,228407,235139,161145,-9610,127973,252853,-8388607,0,2659,2664,2659,752,2482,-10110976,1,1,14,1,287,0,0,0,1
443350871,338239,351122,706998,680278,238113,115569,174285,228365,172045,211117,209961,200611,223894,148201,201085,194230,134668,228242,235122,161118,-9645,127917,252745,-8388607,0,2659,2663,2665,756,2478,-10110976,1,1,14,1,287,0,0,0,1
443350872,337460,350719,707220,680910,237965,115426,174090,228198,172011,211057,209890,200718,223950,148280,201040,194339,134423,228049,235029,160794,-9600,127869,252961,-8388607,0,2664,2666,2660,760,2477,-10110976,1,1,14,1,287,0,0,0,1
443350873,336921,349977,707475,681632,237837,115385,173867,228230,172077,211184,210026,200734,223823,148486,200932,194197,134523,227996,234885,160882,-9582,127819,252956,-8388607,0,2664,2668,2663,754,2482,-10110976,1,1,14,1,287,0,0,0,1
443350874,336230,349359,707862,682205,237698,115109,173859,228140,172143,211056,210204,200549,223921,148546,201127,194199,134334,228021,234734,160742,-9833,127554,252939,-8388607,0,2666,2663,2670,756,2477,-10110976,1,1,14,1,287,0,0,0,1
443350875,335585,348750,708650,682841,237835,115323,173994,228313,172362,211242,210308,200675,224299,148658,201378,194453,134203,228029,234771,160854,-9750,127671,252924,-8388607,0,2659,2668,2664,759,2476,-10110976,1,1,14,1,287,0,0,0,1
443350876,335103,347956,709523,683426,237829,115377,173902,228240,172327,211120,210079,200468,224072,148688,201104,194469,134292,227861,234615,160868,-9619,127680,252877,-8388607,0,2657,2666,2662,755,2479,-10110976,1,1,14,1,287,0,0,0,1
443350877,334409,347387,710499,683922,238056,115204,174076,228215,172257,211100,209937,200629,224147,148766,201165,194488,134242,228066,234702,160819,-9874,127602,252934,-8388607,0,2661,2668,2666,747,2480,-10110976,1,1,14,1,287,0,0,0,1
443350878,334125,347005,711939,684490,238171,115625,174135,228407,172030,211099,209772,200528,224183,148676,201069,194410,134175,228193,234929,161103,-9866,127599,252843,-8388607,0,2670,2666,2661,754,2475,-10110976,1,1,14,1,287,0,0,0,1
443350879,333716,346501,713421,685035,238257,115604,174267,228444,171923,210929,209810,200462,224187,148573,201078,194243,134395,228291,234919,161021,-10006,127539,252867,-8388607,0,2663,2668,2659,755,2480,-10110976,1,1,14,1,287,0,0,0,1
443350880,333585,345888,714942,685563,238294,115614,174357,228539,171757,210700,209822,200424,224085,148365,201168,194290,134404,228073,235012,160987,-9934,127664,252899,-8388607,0,2661,2662,2666,754,2482,-10110976,1,1,14,1,287,0,0,0,1
443350881,333534,345404,716481,686321,238369,115804,174449,228592,171606,210679,209679,200225,223954,148530,201035,194430,134609,228233,234997,161163,-9759,127537,252941,-8388607,0,2663,2663,2664,754,2477,-10110976,1,1,14,1,287,0,0,0,1
443350882,333384,345306,718143,686858,238422,116056,174484,228697,171875,210725,209608,200456,223864,148415,200994,194328,134826,228270,235023,161053,-9828,127648,253016,-8388607,0,2660,2666,2659,756,2479,-10110976,1,1,14,1,287,0,0,0,1
443350883,333259,345079,719713,687359,238450,115877,174533,228645,171524,210707,209612,200235,223535,147998,200966,194279,134788,228288,235107,160833,-9875,127759,252965,-8388607,0,2662,2666,2665,754,2482,-10110976,1,1,14,1,287,0,0,0,1
443350884,333154,344806,720941,687884,238390,115843,174468,228498,171731,210673,209600,200139,223681,148119,200687,194098,134635,228165,234995,160975,-9817,127727,252889,-8388607,0,2668,2663,2665,754,2474,-10110976,1,1,14,1,287,0,0,0,1
443350885,333004,344496,722105,688432,238245,115826,174187,228621,171588,210756,209670,200233,223381,148119,200845,193846,134561,228223,234941,160844,-9560,128039,252931,-8388607,0,2664,2666,2663,758,2479,-10110976,1,1,14,1,287,0,0,0,1
443350886,332910,344257,722902,688973,238250,115566,174214,228530,171912,210885,209838,200345,223565,147952,200927,194257,134749,228312,235022,161049,-9494,128072,252826,-8388607,0,2657,2666,2664,754,2482,-10110976,1,1,14,1,287,0,0,0,1
443350887,332544,343940,723549,689488,238146,115511,174096,228383,172238,211082,210101,200589,223649,148121,200836,194135,134607,228289,234927,161124,-9390,128205,252831,-8388607,0,2661,2662,2666,752,2475,-10110976,1,1,14,1,287,0,0,0,1
443350888,331890,343561,723804,689864,238052,115543,174034,228469,172204,211195,210079,200631,223710,148212,200876,194081,134546,228257,234894,161059,-9437,128032,252951,-8388607,0,2664,2661,2663,755,2471,-10110976,1,1,14,1,287,0,0,0,1
443350889,331248,343057,724235,690117,238085,115425,174125,228452,172179,211297,210008,200668,223822,148200,200983,194273,134338,228111,234951,160999,-9562,128002,253007,-8388607,0,2663,2669,2660,752,2480,-10110976,1,1,14,1,287,0,0,0,1
443350890,330442,342507,724589,690857,237874,115390,174056,228390,172363,211201,210171,200802,223840,148554,201276,194251,134396,228023,234739,160801,-9385,127982,252958,-8388607,0,2665,2664,2667,749,2479,-10110976,1,1,14,1,287,0,0,0,1
443350891,329485,341824,724760,691226,238014,115191,174024,228217,172089,211049,209999,200630,224148,148370,200999,194401,134357,227937,234725,160812,-9638,127809,253012,-8388607,0,2666,2664,2662,756,2477,-10110976,1,1,14,1,287,0,0,0,1
443350892,328581,341030,725131,691756,238174,115516,174037,228351,172124,210986,210043,200776,224116,148506,201157,194698,134318,228002,234752,160819,-9767,127571,252899,-8388607,0,2660,2664,2659,760,2479,-10110976,1,1,14,1,287,0,0,0,1
443350893,327992,340447,725161,692520,238085,115665,174087,228410,172083,210793,209987,200657,224275,148705,201035,194582,134336,227897,234836,160777,-9741,127680,253075,-8388607,0,2665,2666,2661,754,2481,-10110976,1,1,14,1,287,0,0,0,1
443350894,327245,340006,724839,693176,238093,115786,174145,228344,171962,210823,209644,200321,224024,148602,201168,194556,134300,228040,234887,160811,-9861,127714,252953,-8388607,0,2668,2662,2665,757,2477,-10110976,1,1,14,1,287,0,0,0,1
443350895,326627,339572,724769,693702,238236,115880,174371,228450,171730,210792,209691,200344,224101,148383,201061,194368,134418,228006,234866,160935,-9818,127724,253028,-8388607,0,2663,2664,2660,759,2479,-10110976,1,1,14,1,287,0,0,0,1
443350896,326110,339268,724739,694428,238301,115956,174422,228598,171740,210648,209915,200414,223946,148599,201043,194536,134382,228157,234917,160837,-9820,127846,253013,-8388607,0,2659,2664,2664,754,2483,-10110976,1,1,14,1,287,0,0,0,1
443350897,325659,339071,724704,695430,238460,115972,174492,228639,171798,210768,209547,200309,223958,148347,200989,194346,134484,228200,234924,161013,-9775,127756,252940,-8388607,0,2661,2659,2666,755,2478,-10110976,1,1,14,1,287,0,0,0,1
443350898,325049,338838,724999,696428,238450,116038,174547,228494,171677,210583,209644,200237,223858,148212,200828,194230,134400,228241,234941,161104,-9875,127709,252981,-8388607,0,2664,2665,2664,758,2473,-10110976,1,1,14,1,287,0,0,0,1
443350899,324584,338675,724987,697802,238481,115940,174459,228381,171665,211015,209670,200111,223736,148007,200798,194085,134530,228278,235057,161063,-9747,127814,253063,-8388607,0,2661,2666,2658,754,2480,-10110976,1,1,14,1,287,0,0,0,1
443350900,324256,338160,725091,698945,238379,115974,174390,228553,171885,211005,209795,200445,223662,148128,200932,194100,134591,228270,235039,160928,-9715,127935,253031,-8388607,0,2664,2663,2668,750,2477,-10110976,1,1,14,1,287,0,0,0,1
443350901,323755,338233,725433,699969,238231,115803,174328,228455,172062,211037,209998,200583,223415,147938,200651,194007,134669,228228,235044,161143,-9743,127861,253060,-8388607,0,2669,2663,2662,754,2473,-10110976,1,1,14,1,287,0,0,0,1
443350902,323229,337743,725624,700847,238367,115626,174376,228510,172257,211331,210055,200722,223605,148344,200954,194050,134611,228146,235035,160886,-9743,127916,253120,-8388607,0,2660,2662,2659,752,2481,-10110976,1,1,14,1,287,0,0,0,1
443350903,322682,337365,725660,701213,238008,115602,174010,228505,172330,211094,209956,200676,223819,148187,200902,193877,134803,228177,234861,160907,-9714,127885,253047,-8388607,0,2658,2663,2666,751,2481,-10110976,1,1,14,1,287,0,0,0,1
443350904,322211,336737,725727,701786,238051,115690,174169,228413,172303,211310,210023,200575,223748,148286,200961,194092,134568,228306,234908,160994,-9646,128114,253158,-8388607,0,2668,2662,2662,755,2477,-10110976,1,1,14,1,287,0,0,0,1
443350905,321695,336027,725620,701976,238003,115659,174116,228470,172308,211368,209974,200537,223770,148352,201034,194194,134515,228303,234932,160972,-9555,128093,253186,-8388607,0,2664,2667,2659,759,2479,-10110976,1,1,14,1,287,0,0,0,1
443350906,321023,335285,725608,702193,238066,115636,174015,228411,172343,211194,210154,200743,224158,148511,201166,194353,134442,228190,235048,160942,-9518,128154,253126,-8388607,0,2664,2666,2665,754,2483,-10110976,1,1,14,1,287,0,0,0,1
443350907,320128,334508,725554,702032,238078,115483,174156,228353,172300,211101,209952,200372,223962,148576,201040,194356,134450,227940,234829,160949,-9595,128141,253154,-8388607,0,2661,2663,2663,756,2479,-10110976,1,1,14,1,287,0,0,0,1
443350908,319148,333482,725801,701988,238177,115566,174138,228410,172014,210848,209870,200615,224261,148814,201018,194396,134441,228072,234782,160953,-9721,127952,253175,-8388607,0,2658,2665,2666,760,2475,-10110976,1,1,14,1,287,0,0,0,1
443350909,318236,332426,726152,701992,238151,115535,174233,228420,171842,210842,209898,200601,224185,148718,201250,194574,134160,228039,234721,160851,-9943,127702,253111,-8388607,0,2661,2667,2664,753,2482,-10110976,1,1,14,1,287,0,0,0,1
443350910,317395,331392,726712,702265,238144,115708,174339,228339,171767,210806,209829,200280,224339,148798,201165,194599,134300,228060,234669,160931,-10008,127703,253206,-8388607,0,2665,2663,2665,755,2478,-10110976,1,1,14,1,287,0,0,0,1
443350911,316697,330338,727605,702774,238163,115857,174308,228526,171766,210976,209636,200456,224190,148659,200957,194400,134458,227937,234695,160785,-9947,127612,253263,-8388607,0,2663,2666,2664,760,2475,-10110976,1,1,14,1,287,0,0,0,1
443350912,315954,329540,728737,703293,238175,115797,174292,228557,171670,210941,209701,200392,224032,148572,201040,194420,134503,228065,234926,160975,-10173,127433,253218,-8388607,0,2661,2668,2663,754,2480,-10110976,1,1,14,1,287,0,0,0,1
443350913,315518,328807,729955,703792,238243,115902,174472,228530,171907,210917,209674,200373,223811,148591,201140,194368,134606,228315,234866,160861,-10295,127307,253190,-8388607,0,2665,2665,2666,751,2478,-10110976,1,1,14,1,287,0,0,0,1
443350914,315092,328297,731208,704497,238391,115883,174222,228563,171904,210894,209823,200450,223845,148333,200875,194141,134498,228062,234833,160823,-10444,127327,253120,-8388607,0,2665,2666,2664,757,2477,-10110976,1,1,14,1,287,0,0,0,1
443350915,315215,328209,732592,705181,238311,115854,174361,228564,172200,211106,210054,200609,223727,148341,200865,194133,134650,228236,235109,161019,-10076,127499,253202,-8388607,0,2663,2667,2659,758,2480,-10110976,1,1,14,1,287,0,0,0,1
443350916,315093,328014,733798,706102,238066,115707,174249,228495,172008,210954,210060,200649,223824,148020,200867,194183,134603,228217,235083,160956,-9946,127745,253299,-8388607,0,2666,2664,2665,752,2484,-10110976,1,1,14,1,287,0,0,0,1
443350917,315380,327967,735108,707104,238074,115604,174205,228430,172231,211113,210004,200779,223753,148067,200953,194181,134615,228330,235013,161138,-9688,128017,253317,-8388607,0,2666,2662,2664,755,2478,-10110976,1,1,14,1,287,0,0,0,1
443350918,315354,328025,736784,708041,238070,115421,174080,228392,172372,211343,210050,200686,223641,148132,200879,194066,134605,228243,235106,161128,-9629,127971,253218,-8388607,0,2661,2666,2659,758,2479,-10110976,1,1,14,1,287,0,0,0,1
443350919,315344,328003,738254,709088,237953,115276,174126,228341,172306,211324,210087,200873,224029,148268,200960,194311,134560,228349,235162,161099,-9773,128081,253176,-8388607,0,2658,2663,2664,754,2484,-10110976,1,1,14,1,287,0,0,0,1
443350920,315348,327765,739782,710179,237898,115365,174207,228260,172126,211221,209945,200656,223867,148267,201043,194157,134576,228267,235017,160966,-9673,128108,253237,-8388607,0,2665,2659,2666,756,2477,-10110976,1,1,14,1,287,0,0,0,1
443350921,315125,327373,740976,711287,238083,115524,173911,228232,172208,210994,209973,200650,223800,148268,200983,194442,134685,228176,235180,160835,-9578,128222,253332,-8388607,0,2664,2664,2666,758,2473,-10110976,1,1,14,1,287,0,0,0,1
443350922,314756,326997,742165,712098,238049,115507,173994,228253,172122,210937,209843,200525,224031,148496,201222,194448,134495,228095,234977,160832,-9520,127997,253257,-8388607,0,2661,2666,2662,754,2482,-10110976,1,1,14,1,287,0,0,0,1
443350923,314256,326554,743426,712693,238173,115495,174020,228297,171746,210690,209706,200303,224046,148654,201239,194418,134574,228099,235123,160799,-9657,128084,253284,-8388607,0,2660,2661,2667,748,2477,-10110976,1,1,14,1,287,0,0,0,1
443350924,313672,326029,744781,713169,238280,115780,174132,228408,171814,210572,209775,200328,224102,148848,201272,194646,134554,228210,234966,160968,-9681,127971,253403,-8388607,0,2661,2664,2662,757,2475,-10110976,1,1,14,1,287,0,0,0,1
443350925,313040,325264,745871,713891,238278,115838,174216,228423,171798,210467,209720,200116,224237,148681,201216,194433,134222,228144,234824,160962,-9916,127987,253289,-8388607,0,2663,2668,2659,754,2481,-10110976,1,1,14,1,287,0,0,0,1
443350926,312613,324582,747051,714425,238286,115829,174145,228501,171588,210700,209592,200116,224303,148799,201298,194522,134231,228114,234879,160903,-9946,127678,253215,-8388607,0,2666,2666,2667,751,2478,-10110976,1,1,14,1,287,0,0,0,1
443350927,312211,323950,748321,715102,238219,116008,174339,228542,171642,210709,209692,200051,224133,148638,201027,194254,134242,228083,234850,160810,-9795,127632,253292,-8388607,0,2665,2662,2662,757,2478,-10110976,1,1,14,1,287,0,0,0,1
443350928,311719,323496,749581,716049,238438,115905,174567,228621,171833,210897,209759,200384,223986,148519,201158,194565,134408,228070,234993,160956,-9830,127741,253357,-8388607,0,2661,2667,2659,756,2481,-10110976,1,1,14,1,287,0,0,0,1
443350929,311326,323075,750782,716721,238394,115913,174470,228499,171689,211008,209889,200305,223938,148346,201170,194258,134343,227929,234905,160799,-9993,127696,253317,-8388607,0,2660,2664,2664,755,2484,-10110976,1,1,14,1,287,0,0,0,1
443350930,310935,322648,751918,717572,238386,115715,174273,228424,172006,211178,209914,200575,223734,148365,200919,194165,134378,228047,235086,160971,-10060,127747,253465,-8388607,0,2663,2661,2664,758,2477,-10110976,1,1,14,1,287,0,0,0,1
443350931,310614,322494,752988,718601,238278,115657,174265,228455,172226,211149,209991,200585,223640,148117,200937,194168,134467,228140,235022,160838,-10026,127728,253442,-8388607,0,2664,2665,2659,758,2477,-10110976,1,1,14,1,287,0,0,0,1
443350932,310499,322271,754013,719710,238003,115562,174147,228271,172134,211188,209962,200571,223492,148062,200740,194145,134426,228222,234902,160874,-10077,127711,253286,-8388607,0,2662,2667,2663,753,2478,-10110976,1,1,14,1,287,0,0,0,1
443350933,310291,322067,754697,720724,238164,115587,174291,228419,172198,211147,210125,200705,223756,148230,200901,194225,134637,228227,235126,160985,-10009,127994,253455,-8388607,0,2665,2664,2666,753,2477,-10110976,1,1,14,1,287,0,0,0,1
443350934,310009,321975,755170,721432,237924,115580,174061,228254,172273,211210,210043,200626,223542,147934,200854,193936,134588,228285,235164,160964,-9794,127968,253361,-8388607,0,2661,2663,2663,758,2473,-10110976,1,1,14,1,287,0,0,0,1
443350935,309634,321674,755268,722176,238231,115621,174226,228475,172295,211093,210021,200628,223773,148361,200896,194191,134625,228400,235109,161169,-9666,128312,253365,-8388607,0,2664,2669,2662,754,2475,-10110976,1,1,14,1,287,0,0,0,1
443350936,309138,321232,755097,722839,238123,115535,174164,228370,172132,211161,209871,200684,223916,148274,200954,194194,134729,228301,235222,161095,-9430,128331,253348,-8388607,0,2661,2663,2666,753,2477,-10110976,1,1,14,1,287,0,0,0,1
443350937,308465,320593,754961,723326,238062,115481,174276,228286,172050,211078,209805,200319,223851,148247,200994,194280,134472,228298,235063,161127,-9682,128303,253220,-8388607,0,2668,2668,2666,757,2473,-10110976,1,1,14,1,287,0,0,0,1
443350938,307621,319896,754917,724088,238151,115711,174271,228476,171785,210703,209834,200496,224093,148639,201284,194476,134464,227989,234944,160898,-9609,128264,253225,-8388607,0,2662,2667,2659,758,2481,-10110976,1,1,14,1,287,0,0,0,1
443350939,306680,319046,754675,725012,238133,115723,174299,228531,171797,210677,209686,200592,224211,148685,201046,194295,134341,228114,234830,160943,-9659,128156,253337,-8388607,0,2661,2662,2664,752,2482,-10110976,1,1,14,1,287,0,0,0,1
443350940,305783,318375,754684,725873,238263,115773,174219,228573,171717,210688,209712,200359,224311,148698,201090,194570,134411,228175,234894,160832,-9910,127919,253495,-8388607,0,2662,2661,2662,754,2478,-10110976,1,1,14,1,287,0,0,0,1
443350941,304696,317688,754602,726734,238183,115813,174374,228674,171638,210687,209729,200296,224299,148698,201231,194593,134434,228100,234663,160805,-9913,127906,253414,-8388607,0,2663,2664,2659,760,2479,-10110976,1,1,14,1,287,0,0,0,1
443350942,303676,316930,754619,727774,238266,115878,174404,228550,171684,210831,209853,200179,224066,148562,201156,194464,134345,227938,234811,160773,-10097,127839,253358,-8388607,0,2661,2664,2662,754,2482,-10110976,1,1,14,1,287,0,0,0,1
443350943,302825,316196,754509,728844,238368,115816,174474,228590,172017,210726,209879,200325,223898,148573,200986,194428,134353,227923,234781,160832,-10070,127749,253345,-8388607,0,2663,2662,2666,755,2478,-10110976,1,1,14,1,287,0,0,0,1
443350944,302238,315657,754553,729828,238371,115816,174331,228622,172146,211013,209926,200378,223929,148445,200990,194416,134589,228006,234818,160910,-9986,127858,253421,-8388607,0,2661,2664,2660,759,2478,-10110976,1,1,14,1,287,0,0,0,1
443350945,301666,315248,754708,730913,238299,115665,174328,228524,172101,211274,210033,200551,223913,148427,201102,194395,134469,228030,234820,160789,-9981,127752,253372,-8388607,0,2659,2668,2664,752,2481,-10110976,1,1,14,1,287,0,0,0,1
443350946,301151,315070,755270,732236,238221,115809,174200,228408,172178,211223,210046,200762,223863,148161,200826,194179,134533,227996,234870,160932,-10015,127898,253358,-8388607,0,2664,2665,2666,752,2478,-10110976,1,1,14,1,287,0,0,0,1
443350947,300697,314693,756355,733089,238118,115511,174163,228471,172196,211134,210069,200710,223827,148133,200888,194114,134577,228190,234879,160838,-10113,127908,253389,-8388607,0,2666,2665,2663,757,2475,-10110976,1,1,14,1,287,0,0,0,1
443350948,300519,314482,757636,734167,238214,115585,174237,228446,172481,211217,210119,200824,223714,148384,201062,194196,134532,228365,235167,161225,-9927,127933,253500,-8388607,0,2661,2666,2659,757,2480,-10110976,1,1,14,1,287,0,0,0,1
443350949,300301,314117,759006,734858,238023,115682,174217,228528,172289,211032,210131,200764,223722,148152,200716,194085,134581,228261,235101,161124,-9992,127975,253493,-8388607,0,2663,2663,2666,749,2484,-10110976,1,1,14,1,287,0,0,0,1
443350950,300198,313564,760494,735488,237804,115517,174049,228526,172342,211137,210023,200852,223928,148348,200841,194204,134707,228340,234980,161140,-10005,128135,253421,-8388607,0,2663,2659,2664,755,2475,-10110976,1,1,14,1,287,0,0,0,1
443350951,300121,313057,761853,736025,237944,115429,174122,228275,172186,211150,209897,200621,223850,148081,200822,194080,134673,228174,235030,161053,-9822,128051,253402,-8388607,0,2661,2668,2659,758,2479,-10110976,1,1,14,1,287,0,0,0,1
443350952,299991,312631,763090,736294,238196,115402,174192,228269,172187,211036,209922,200520,223926,148556,200891,194256,134663,228286,235175,160963,-9683,128230,253475,-8388607,0,2663,2666,2663,751,2484,-10110976,1,1,14,1,287,0,0,0,1
443350953,299807,312246,764193,736493,238097,115549,174224,228277,171905,210877,209947,200589,224112,148551,201198,194374,134479,228140,234985,160913,-9640,128296,253477,-8388607,0,2666,2661,2666,756,2478,-10110976,1,1,14,1,287,0,0,0,1
443350954,299335,311794,765019,736164,238346,115584,174154,228234,171838,210870,209739,200374,224132,148486,201304,194644,134636,228190,235014,160898,-9729,128351,253541,-8388607,0,2662,2666,2662,757,2473,-10110976,1,1,14,1,287,0,0,0,1
443350955,298795,311189,765496,736131,238312,115684,174287,228345,171748,211043,209840,200345,224307,148629,201358,194543,134709,228313,235008,160864,-9862,128224,253530,-8388607,0,2655,2669,2666,755,2481,-10110976,1,1,14,1,287,0,0,0,1
443350956,298051,310367,765944,735869,238141,115691,174098,228396,171537,210712,209677,200271,224159,148570,201213,194460,134380,228050,234667,160891,-9785,128265,253400,-8388607,0,2661,2661,2666,757,2477,-10110976,1,1,14,1,287,0,0,0,1
443350957,297470,309521,766064,735858,238142,115653,174378,228542,171540,210708,209806,200326,224061,148596,201219,194545,134315,228152,234877,160827,-9725,128116,253445,-8388607,0,2665,2664,2662,758,2474,-10110976,1,1,14,1,287,0,0,0,1
443350958,296462,308698,766772,735511,238410,115744,174344,228504,171790,210791,209796,200359,224249,148705,201281,194303,134405,228186,234782,160877,-9794,128188,253470,-8388607,0,2663,2669,2659,755,2477,-10110976,1,1,14,1,287,0,0,0,1
443350959,295629,307676,767268,735301,238144,115796,174442,228597,171798,210881,209818,200430,224083,148691,201157,194447,134329,228171,234902,160969,-9884,128125,253394,-8388607,0,2665,2665,2663,749,2480,-10110976,1,1,14,1,287,0,0,0,1
443350960,294720,306812,767843,735063,238249,115709,174268,228311,171906,210716,209913,200484,223928,148328,200959,194349,134265,227957,234883,161038,-10141,127859,253589,-8388607,0,2663,2664,2662,756,2477,-10110976,1,1,14,1,287,0,0,0,1
443350961,293930,305844,768464,735127,238238,115642,174177,228294,172131,211093,209943,200554,223839,148273,200895,194098,134367,228060,234853,160889,-10183,127878,253434,-8388607,0,2661,2666,2658,756,2479,-10110976,1,1,14,1,287,0,0,0,1
443350962,293583,305150,768644,735234,238156,115456,174200,228406,172233,211136,210041,200522,223758,148279,200710,194173,134436,228161,234996,160919,-10149,127699,253585,-8388607,0,2663,2662,2664,751,2479,-10110976,1,1,14,1,287,0,0,0,1
443350963,293059,304566,768710,735282,238165,115516,173951,228268,172122,211368,209879,200620,223535,148213,200860,194192,134533,228017,235049,160947,-10233,127743,253487,-8388607,0,2668,2659,2664,756,2476,-10110976,1,1,14,1,287,0,0,0,1
443350964,292658,304172,768958,735574,238318,115692,174229,228559,172315,211272,210086,200677,223686,148317,200825,194150,134629,228382,235080,161165,-10014,128092,253497,-8388607,0,2662,2663,2662,758,2480,-10110976,1,1,14,1,287,0,0,0,1
443350965,292353,303930,769027,735768,238168,115378,174141,228587,172248,211274,210067,200753,223743,148152,200803,194048,134682,228233,234936,161090,-10110,127926,253457,-8388607,0,2658,2663,2665,751,2481,-10110976,1,1,14,1,287,0,0,0,1
443350966,291970,303591,769106,736222,238076,115342,174067,228538,172213,211046,210001,200577,223554,148021,200618,193976,134672,228366,235118,161018,-10054,127869,253528,-8388607,0,2661,2662,2666,756,2478,-10110976,1,1,14,1,287,0,0,0,1
443350967,291485,303334,769129,736999,238035,115429,174110,228441,172063,211079,210040,200467,223773,148130,200795,193878,134529,228140,234929,160985,-9998,128054,253403,-8388607,0,2661,2664,2659,760,2475,-10110976,1,1,14,1,287,0,0,0,1
443350968,291151,303181,769337,738108,238198,115666,174191,228508,171981,210960,209910,200578,223796,148216,200971,194189,134636,228111,235133,161012,-9871,128087,253569,-8388607,0,2661,2668,2666,753,2482,-10110976,1,1,14,1,287,0,0,0,1
443350969,290745,302714,769488,738949,238086,115558,174252,228459,171999,210842,209838,200545,224025,148265,201123,194358,134440,228183,234980,160886,-9845,128129,253505,-8388607,0,2663,2663,2668,754,2478,-10110976,1,1,14,1,287,0,0,0,1
443350970,290096,302313,769527,739800,238027,115641,173982,228271,171823,210539,209666,200280,223900,148413,201098,194214,134263,227955,234834,160779,-9954,128151,253452,-8388607,0,2661,2665,2662,758,2475,-10110976,1,1,14,1,287,0,0,0,1
443350971,289629,301860,769712,740528,238142,115712,174258,228518,171741,210786,209711,200264,223934,148372,201050,194353,134313,228043,234772,160936,-10003,128283,253689,-8388607,0,2661,2670,2662,755,2479,-10110976,1,1,14,1,287,0,0,0,1
443350972,288999,301329,769774,741161,238104,115647,174139,228406,171567,210706,209625,200288,223939,148464,201148,194374,134196,227924,234753,160768,-9915,128118,253530,-8388607,0,2661,2667,2663,751,2477,-10110976,1,1,14,1,287,0,0,0,1
443350973,288463,300654,770237,741723,238219,115710,174127,228279,171578,210516,209618,200080,223976,148550,201055,194394,134318,227875,234753,160683,-9792,128110,253523,-8388607,0,2668,2663,2661,757,2476,-10110976,1,1,14,1,287,0,0,0,1
443350974,287836,299891,770710,742628,238100,115729,174235,228585,171703,210668,209874,200348,224010,148644,201103,194526,134189,227936,234664,160863,-9727,128117,253490,-8388607,0,2663,2669,2659,754,2477,-10110976,1,1,14,1,287,0,0,0,1
443350975,287075,299172,771391,743370,238071,115606,174149,228472,171706,210734,209835,200568,224216,148695,201208,194344,134384,227891,234827,160822,-9900,128134,253419,-8388607,0,2664,2668,2666,750,2481,-10110976,1,1,14,1,287,0,0,0,1
443350976,286266,298598,772223,744044,237926,115589,173984,228392,171878,210817,209865,200533,223802,148391,201218,194342,134376,227916,234900,160887,-10116,127936,253591,-8388607,0,2664,2663,2664,755,2477,-10110976,1,1,14,1,287,0,0,0,1
443350977,285731,297813,773385,745011,238082,115596,174057,228433,172038,210985,209972,200620,223875,148338,200897,194155,134558,228153,235002,161126,-10169,127936,253540,-8388607,0,2661,2667,2661,759,2479,-10110976,1,1,14,1,287,0,0,0,1
443350978,285270,297205,774269,745830,238106,115522,173935,228386,172001,210834,209990,200380,223708,148202,200817,194015,134495,228213,234985,161082,-10233,127903,253496,-8388607,0,2662,2665,2664,754,2484,-10110976,1,1,14,1,287,0,0,0,1
443350979,284694,296702,775127,746744,238165,115565,174119,228582,172207,211052,209946,200659,223795,148104,200867,194249,134674,228272,235235,161251,-10119,128021,253544,-8388607,0,2665,2659,2666,756,2478,-10110976,1,1,14,1,287,0,0,0,1
443350980,284415,296298,775891,747583,238260,115545,174026,228434,172339,211116,209988,200759,223682,148307,200820,194185,134658,228390,235094,161354,-9999,127973,253635,-8388607,0,2668,2665,2661,756,2477,-10110976,1,1,14,1,287,0,0,0,1
443350981,284066,296090,776713,748042,238095,115460,173983,228197,172197,210882,209928,200524,223632,148023,200749,194106,134711,228350,235024,161112,-10055,128094,253620,-8388607,0,2657,2666,2662,754,2483,-10110976,1,1,14,1,287,0,0,0,1
443350982,283840,296088,777270,748593,238419,115604,174270,228658,172325,211224,210017,200624,223633,148076,200871,194393,134737,228209,235109,161078,-10121,128176,253532,-8388607,0,2659,2661,2665,749,2478,-10110976,1,1,14,1,287,0,0,0,1
443350983,283537,295698,777998,749256,238348,115836,174254,228637,172177,211038,209958,200623,223687,148238,200977,194287,134739,228246,235019,161073,-9870,128153,253665,-8388607,0,2666,2663,2661,755,2476,-10110976,1,1,14,1,287,0,0,0,1
443350984,283162,295271,778391,749885,238248,115602,174176,228607,171936,211010,210046,200351,223661,148268,200844,194110,134576,228174,234907,160987,-9789,128233,253615,-8388607,0,2661,2666,2658,754,2480,-10110976,1,1,14,1,287,0,0,0,1
443350985,282802,294715,778844,750325,238398,115720,174438,228606,171847,210957,209856,200572,224024,148433,201124,194240,134506,228085,234860,160887,-9676,128414,253708,-8388607,0,2662,2661,2666,752,2484,-10110976,1,1,14,1,287,0,0,0,1
443350986,282212,294412,779420,750761,238348,115961,174271,228503,171896,210801,209723,200480,224082,148412,201188,194328,134457,227956,234923,160930,-9949,128185,253591,-8388607,0,2668,2659,2662,755,2477,-10110976,1,1,14,1,287,0,0,0,1
443350987,281523,293878,779776,751215,238221,115624,174149,228373,171832,210812,209839,200407,224186,148432,201079,194223,134163,228012,234717,160947,-9783,128226,253717,-8388607,0,2661,2666,2659,759,2478,-10110976,1,1,14,1,287,0,0,0,1
443350988,280924,293330,780353,751417,238106,115612,174121,228350,171999,210893,209644,200292,224236,148710,201307,194387,134148,228051,234637,160725,-9988,128124,253678,-8388607,0,2661,2665,2661,754,2482,-10110976,1,1,14,1,287,0,0,0,1
443350989,280286,292867,780508,751737,237981,115472,174189,228296,171775,210956,209743,200392,224307,148644,201151,194338,134244,228083,234683,160689,-9936,128009,253587,-8388607,0,2666,2659,2666,756,2477,-10110976,1,1,14,1,287,0,0,0,1
443350990,279711,292371,780669,752064,237893,115289,173987,228309,171781,210895,209730,200476,224056,148607,201197,194324,134089,228044,234814,160745,-9988,128236,253574,-8388607,0,2669,2666,2664,759,2478,-10110976,1,1,14,1,287,0,0,0,1
443350991,279039,291778,780643,752341,237959,115378,174064,228285,172007,210952,209815,200367,223955,148508,201121,194464,134273,228004,234871,160871,-9951,128249,253733,-8388607,0,2657,2667,2663,755,2482,-10110976,1,1,14,1,287,0,0,0,1
443350992,278251,291294,780601,752436,237935,115407,174059,228252,172089,211010,209939,200595,224008,148559,201075,194548,134524,227964,234919,161085,-9938,128166,253655,-8388607,0,2662,2662,2666,755,2477,-10110976,1,1,14,1,287,0,0,0,1
443350993,277518,290921,780740,752644,238096,115411,174149,228350,172135,210900,209841,200752,223800,148395,200868,194232,134534,228199,235134,161222,-10020,128168,253645,-8388607,0,2669,2665,2662,758,2473,-10110976,1,1,14,1,287,0,0,0,1
443350994,276934,290358,781112,752999,238280,115623,174159,228496,172072,211154,209890,200667,223897,148240,200702,194161,134556,228257,235219,161149,-10175,128194,253795,-8388607,0,2666,2669,2662,754,2479,-10110976,1,1,14,1,287,0,0,0,1
443350995,276259,289735,781326,753151,238209,115616,174177,228481,172079,211178,209919,200704,223821,148218,200817,194062,134867,228358,235229,161045,-10170,128001,253636,-8388607,0,2664,2665,2666,751,2477,-10110976,1,1,14,1,287,0,0,0,1
443350996,275676,289131,781695,753525,238356,115552,174194,228697,172089,210971,209890,200756,223726,148024,200838,193964,134808,228294,235180,161102,-10192,127837,253686,-8388607,0,2668,2665,2666,757,2477,-10110976,1,1,14,1,287,0,0,0,1
443350997,275013,288691,781880,753634,238461,115707,174274,228461,172009,211080,209794,200595,223725,148157,200823,193865,134865,228303,235082,161095,-10151,127787,253560,-8388607,0,2660,2666,2662,753,2480,-10110976,1,1,14,1,287,0,0,0,1
443350998,274719,288289,782240,753818,238387,115852,174466,228725,172267,211084,210085,200654,223829,148140,201046,194084,134806,228391,235216,161115,-10029,128039,253673,-8388607,0,2659,2665,2666,754,2481,-10110976,1,1,14,1,287,0,0,0,1
443350999,274359,287839,782476,753888,238446,115697,174323,228605,171832,210954,209831,200484,223461,148250,200744,193931,134629,228280,234970,161047,-10380,127963,253772,-8388607,0,2665,2659,2664,755,2477,-10110976,1,1,14,1,287,0,0,0,1
443351000,274031,287422,782592,753514,238258,115629,174178,228608,171856,210729,209654,200433,223611,148361,200934,194333,134445,228160,234878,161060,-10162,128242,253730,-8388607,0,2663,2666,2660,757,2479,-10110976,1,1,14,1,287,0,0,0,1
443351001,273751,286806,782426,753353,238168,115717,174239,228392,171896,210812,209795,200475,223915,148190,200874,194244,134424,228060,234874,160904,-10055,128252,253755,-8388607,0,2662,2666,2664,754,2484,-10110976,1,1,14,1,287,0,0,0,1
443351002,273343,286144,781848,753092,238046,115497,173875,228202,171754,210738,209743,200185,224005,148369,200974,194241,134445,227798,234804,160813,-9795,128295,253623,-8388607,0,2661,2662,2664,756,2478,-10110976,1,1,14,1,287,0,0,0,1
443351003,272835,285757,781338,752771,238067,115583,173969,228342,171838,210978,209925,200370,224205,148630,201035,194484,134229,227777,234776,160816,-9741,128492,253685,-8388607,0,2659,2665,2663,759,2475,-10110976,1,1,14,1,287,0,0,0,1
443351004,272106,285001,781060,752531,238061,115393,173932,228249,171871,210947,209822,200643,224114,148820,201293,194675,134149,227881,234688,160740,-9755,128356,253722,-8388607,0,2664,2667,2661,752,2485,-10110976,1,1,14,1,287,0,0,0,1
443351005,271148,284283,780696,752102,237727,115245,173988,228237,171957,210895,209757,200399,224254,148697,201337,194517,134193,227873,234536,160640,-10011,128181,253667,-8388607,0,2664,2661,2666,754,2477,-10110976,1,1,14,1,287,0,0,0,1
443351006,270461,283594,780382,751806,237849,115241,174078,228301,171779,210817,209746,200394,224066,148806,201259,194375,134186,227842,234745,160929,-10002,128258,253780,-8388607,0,2666,2661,2662,757,2475,-10110976,1,1,14,1,287,0,0,0,1
443351007,269608,282537,780257,751693,238070,115440,174122,228407,171983,210838,209767,200545,224208,148605,201351,194528,134484,228111,234860,161054,-10122,128126,253804,-8388607,0,2661,2666,2662,759,2479,-10110976,1,1,14,1,287,0,0,0,1
443351008,268714,281672,779946,751710,237946,115423,174012,228321,171887,210594,209850,200382,223932,148520,201145,194257,134430,228194,234988,161046,-10107,128180,253794,-8388607,0,2661,2664,2663,751,2479,-10110976,1,1,14,1,287,0,0,0,1
443351009,267952,280790,779971,751645,238175,115545,174004,228417,171951,210723,209903,200405,224046,148528,201003,194390,134595,228312,235172,161061,-9940,128086,253682,-8388607,0,2666,2662,2666,759,2478,-10110976,1,1,14,1,287,0,0,0,1
443351010,267196,279924,780345,751717,238180,115747,174188,228416,172218,210915,209768,200410,223693,148063,200910,194295,134713,228373,235192,161252,-10180,127795,253782,-8388607,0,2663,2667,2659,760,2479,-10110976,1,1,14,1,287,0,0,0,1
443351011,266736,279262,780727,751950,238359,115684,174253,228376,172086,210859,209880,200565,223373,148165,200927,194124,134789,228337,235205,161153,-10280,127925,253865,-8388607,0,2666,2666,2661,753,2482,-10110976,1,1,14,1,287,0,0,0,1
443351012,266305,278539,780819,752224,238331,115802,174254,228441,171859,210866,209834,200377,223414,148079,200728,194167,134803,228470,235220,161058,-10350,127931,253817,-8388607,0,2663,2661,2665,755,2478,-10110976,1,1,14,1,287,0,0,0,1
443351013,266005,278134,780800,753105,238529,115939,174319,228782,172080,210914,209731,200522,223553,147867,200771,194121,134881,228394,235111,161216,-10197,128011,253776,-8388607,0,2661,2666,2660,760,2473,-10110976,1,1,14,1,287,0,0,0,1
443351014,265646,277895,780842,753699,238550,115852,174451,228428,171918,210860,209592,200338,223483,147969,200616,194026,134753,228424,235173,161023,-9807,128103,253797,-8388607,0,2656,2666,2663,755,2481,-10110976,1,1,14,1,287,0,0,0,1
443351015,265164,277714,781126,754508,238345,115625,174469,228365,171840,210888,209663,200483,223698,148013,200751,194001,134527,228263,235040,160929,-9879,128255,253823,-8388607,0,2663,2665,2666,755,2477,-10110976,1,1,14,1,287,0,0,0,1
443351016,264821,277782,781677,755529,238339,115695,174372,228428,172079,211015,209883,200308,223690,148264,200886,194095,134437,228181,234885,160824,-10016,128328,253747,-8388607,0,2665,2665,2661,757,2475,-10110976,1,1,14,1,287,0,0,0,1
443351017,264264,277456,782094,756343,238142,115550,174343,228338,172125,210851,209762,200361,223790,148209,200965,194035,134100,227961,234837,160700,-10125,128273,253789,-8388607,0,2662,2668,2662,754,2477,-10110976,1,1,14,1,287,0,0,0,1
443351018,263801,276966,782488,757280,238061,115661,174196,228150,171972,211051,209847,200387,224081,148403,201227,194479,134169,227771,234573,160723,-10070,128180,253751,-8388607,0,2664,2665,2661,749,2479,-10110976,1,1,14,1,287,0,0,0,1
443351019,263464,276378,783059,758551,238073,115653,173921,228206,171966,210735,209923,200667,224210,148699,201230,194507,134072,227929,234640,160779,-9861,128297,253736,-8388607,0,2664,2666,2662,755,2477,-10110976,1,1,14,1,287,0,0,0,1
443351020,263005,275896,783683,759598,237910,115514,174105,228348,172135,210766,209957,200593,224352,148744,201068,194938,134150,227909,234757,160832,-9790,128304,253899,-8388607,0,2661,2668,2659,754,2481,-10110976,1,1,14,1,287,0,0,0,1
443351021,262452,275524,784377,760219,237813,115424,174095,228457,171980,210856,209780,200538,224299,148962,201317,194689,134160,227945,234641,160814,-9888,128345,253874,-8388607,0,2672,2665,2667,754,2484,-10110976,1,1,14,1,287,0,0,0,1
443351022,261758,274907,785154,760897,237928,115295,174159,228463,171972,211056,209774,200352,224477,148935,201303,194598,134102,228197,234753,160993,-10117,128238,253907,-8388607,0,2668,2659,2664,756,2477,-10110976,1,1,14,1,287,0,0,0,1
443351023,261189,274404,785730,761380,237852,115304,174033,228343,172010,210979,209861,200363,224279,148785,201188,194533,134509,227959,234901,160915,-10257,128192,253957,-8388607,0,2661,2666,2659,759,2479,-10110976,1,1,14,1,287,0,0,0,1
443351024,260649,273637,786372,761972,237984,115329,174126,228212,171921,210848,209574,200243,223956,148508,201056,194400,134617,227990,234869,161056,-10027,128128,253946,-8388607,0,2659,2665,2664,753,2484,-10110976,1,1,14,1,287,0,0,0,1
443351025,260142,273122,786974,762919,238303,115595,174159,228303,172023,210884,209758,200596,223964,148553,200941,194403,134631,228339,235102,161110,-10046,128180,253907,-8388607,0,2663,2659,2664,756,2478,-10110976,1,1,14,1,287,0,0,0,1
443351026,259661,272577,787677,763388,238282,115805,174164,228426,172074,210874,209978,200413,223739,148134,200769,194038,134663,228384,235074,161240,-10047,128078,254040,-8388607,0,2666,2666,2663,760,2479,-10110976,1,1,14,1,287,0,0,0,1
443351027,258926,272178,788427,763857,238330,115828,174260,228486,171849,210690,209704,200483,223498,147810,200746,194055,134828,228364,235222,161136,-10234,127993,253896,-8388607,0,2662,2668,2662,755,2482,-10110976,1,1,14,1,287,0,0,0,1
443351028,258465,271800,789233,763997,238353,115942,174148,228593,171755,210653,209863,200537,223506,147771,200557,194035,134868,228552,235143,161047,-10321,128024,253862,-8388607,0,2664,2661,2666,753,2479,-10110976,1,1,14,1,287,0,0,0,1
443351029,258031,271429,789681,764316,238305,115881,174276,228759,171969,210799,209782,200415,223573,147892,200747,194057,134715,228382,235154,161268,-10127,128201,253996,-8388607,0,2661,2666,2662,755,2478,-10110976,1,1,14,1,287,0,0,0,1
443351030,258042,271034,790035,764796,238371,115893,174409,228557,171997,210972,209865,200318,223575,148195,200742,193864,134926,228529,235061,161244,-10115,128288,254084,-8388607,0,2664,2668,2659,754,2479,-10110976,1,1,14,1,287,0,0,0,1
443351031,257672,270460,790063,764856,238278,115522,174297,228483,172089,211036,209586,200500,223585,148092,200757,193978,134475,228236,234938,160919,-9987,128313,254067,-8388607,0,2663,2664,2663,752,2482,-10110976,1,1,14,1,287,0,0,0,1
443351032,257207,270239,790107,764686,238238,115378,174203,228337,171896,210965,209807,200496,223701,148282,200762,193990,134399,228176,234865,160769,-9851,128421,254049,-8388607,0,2668,2663,2664,752,2477,-10110976,1,1,14,1,287,0,0,0,1
443351033,256531,269722,790129,764638,238268,115485,174272,228372,172043,210956,209824,200735,223908,148504,200971,194327,134277,227978,234842,160844,-9945,128412,254095,-8388607,0,2663,2666,2661,758,2480,-10110976,1,1,14,1,287,0,0,0,1
443351034,255814,269122,789951,764418,238083,115646,174248,228416,172228,211017,209957,200780,224409,148828,201352,194450,134163,227884,234636,160746,-9968,128391,254041,-8388607,0,2661,2664,2666,753,2481,-10110976,1,1,14,1,287,0,0,0,1
443351035,255359,268305,789630,764269,238088,115470,174052,228234,171919,210933,210031,200672,224210,148820,201256,194499,134050,227778,234534,160825,-10001,128226,253974,-8388607,0,2659,2661,2664,757,2477,-10110976,1,1,14,1,287,0,0,0,1
443351036,254665,267621,789577,764575,238081,115747,174288,228482,172178,211081,210081,200744,224378,148933,201303,194787,134171,227976,234751,160867,-9893,128345,254036,-8388607,0,2661,2665,2660,759,2478,-10110976,1,1,14,1,287,0,0,0,1
443351037,253880,266950,789452,764726,237965,115648,174013,228333,172061,210913,209918,200558,224363,148781,201397,194633,134121,227938,234688,160854,-9836,128246,254060,-8388607,0,2659,2665,2666,754,2480,-10110976,1,1,14,1,287,0,0,0,1
443351038,253028,266370,789138,764760,238079,115525,174096,228509,172039,211054,209892,200409,224317,148616,201264,194451,134013,227868,234833,160950,-9980,128285,253946,-8388607,0,2662,2661,2670,756,2477,-10110976,1,1,14,1,287,0,0,0,1
443351039,252275,265718,789135,765000,237966,115480,174038,228414,172029,210984,209858,200362,224286,148665,201046,194396,134293,228145,234877,160852,-10208,128042,254038,-8388607,0,2665,2672,2663,758,2473,-10110976,1,1,14,1,287,0,0,0,1
443351040,251622,265078,788855,765166,238012,115484,174150,228307,171850,210865,209813,200774,224010,148391,201148,194191,134506,228117,234938,160894,-10144,128039,253964,-8388607,0,2655,2676,2662,754,2481,-10110976,1,1,14,1,287,0,0,0,1
443351041,251039,264755,788659,765900,238289,115609,174339,228569,172055,211118,209856,200606,223972,148372,201151,194426,134769,228433,235134,161211,-10221,128142,254100,-8388607,0,2661,2662,2666,753,2482,-10110976,1,1,14,1,287,0,0,0,1
443351042,250442,264062,788750,766612,238362,115867,174315,228559,172036,210920,209805,200626,223767,148185,200944,194153,134899,228441,235142,161224,-10259,127997,254004,-8388607,0,2670,2664,2664,757,2475,-10110976,1,1,14,1,287,0,0,0,1
443351043,249846,263710,788821,767161,238494,115758,174382,228586,172125,210915,209853,200644,223465,147951,200839,194038,134953,228640,235210,161148,-10163,128247,254141,-8388607,0,2663,2667,2661,755,2481,-10110976,1,1,14,1,287,0,0,0,1
443351044,249385,263423,789060,767681,238393,115751,174232,228637,171987,210794,209910,200538,223443,147713,200727,193970,134929,228466,235024,161075,-10277,128280,254068,-8388607,0,2663,2664,2664,751,2482,-10110976,1,1,14,1,287,0,0,0,1
443351045,248933,263088,789813,768054,238249,116033,174243,228725,171979,210733,209894,200509,223291,147878,200798,193944,134889,228498,234963,161060,-10179,128304,254134,-8388607,0,2663,2663,2666,757,2476,-10110976,1,1,14,1,287,0,0,0,1
443351046,248592,262619,790304,768514,238417,115869,174376,228619,172000,211042,209800,200302,223616,147872,200825,194203,134772,228428,235045,161059,-10187,128228,254113,-8388607,0,2663,2666,2658,760,2479,-10110976,1,1,14,1,287,0,0,0,1
443351047,248368,262073,790613,768888,238370,115841,174410,228672,172114,211119,209941,200662,223765,148270,200910,194156,134581,228149,234932,161055,-9983,128179,254167,-8388607,0,2664,2661,2665,753,2483,-10110976,1,1,14,1,287,0,0,0,1
443351048,247858,261707,790870,769123,238308,115594,174423,228526,171936,210917,209918,200704,223875,148351,200972,194365,134311,228058,234932,160974,-9799,128413,254146,-8388607,0,2663,2659,2664,756,2478,-10110976,1,1,14,1,287,0,0,0,1
443351049,247300,261094,791092,769276,238177,115621,174296,228742,172044,211071,209941,200663,224084,148297,200923,194385,134094,227935,234878,160866,-9900,128405,254072,-8388607,0,2659,2666,2662,758,2478,-10110976,1,1,14,1,287,0,0,0,1
443351050,246780,260676,791195,769266,238237,115732,174269,228624,172020,210951,210013,200635,224076,148512,201108,194678,134122,227932,234759,161035,-9877,128542,254098,-8388607,0,2658,2665,2664,755,2482,-10110976,1,1,14,1,287,0,0,0,1
443351051,246203,259898,791178,769293,238342,115690,174368,228386,172135,211293,209874,200692,224298,148838,201331,194761,134161,227917,234824,160783,-10059,128368,254113,-8388607,0,2662,2663,2663,754,2478,-10110976,1,1,14,1,287,0,0,0,1
443351052,245601,259320,791126,769377,238175,115727,174210,228477,172228,211115,210116,200839,224331,148924,201341,194722,134088,227766,234738,160774,-10151,128368,254202,-8388607,0,2664,2662,2664,758,2473,-10110976,1,1,14,1,287,0,0,0,1
443351053,244896,258438,790804,769496,238097,115623,174151,228420,172171,211064,210069,200818,224338,148621,201287,194602,134144,227825,234832,160868,-10068,128372,254110,-8388607,0,2663,2668,2662,754,2480,-10110976,1,1,14,1,287,0,0,0,1
443351054,244187,257725,790796,769830,238175,115524,174077,228504,172326,211093,209996,200806,224213,148683,201297,194606,134434,228078,234869,160925,-10073,128423,254103,-8388607,0,2666,2665,2663,750,2484,-10110976,1,1,14,1,287,0,0,0,1
443351055,243323,256738,790680,769907,238169,115521,174303,228235,172060,211063,209996,200593,224184,148633,201275,194551,134274,227949,234932,160964,-10237,128238,254096,-8388607,0,2669,2662,2664,755,2478,-10110976,1,1,14,1,287,0,0,0,1
443351056,242534,256050,790860,770297,238053,115535,174244,228453,172171,211163,209827,200533,224033,148491,201100,194333,134643,228244,234929,160786,-10398,127986,254137,-8388607,0,2661,2667,2659,754,2479,-10110976,1,1,14,1,287,0,0,0,1
443351057,241860,255439,791013,770724,238280,115663,174245,228538,172082,210872,209845,200385,223741,148119,201140,194242,134620,228360,235131,161064,-10507,127914,254200,-8388607,0,2663,2665,2665,751,2484,-10110976,1,1,14,1,287,0,0,0,1
443351058,241443,254740,791005,771082,238271,115802,174423,228642,171838,210838,209740,200506,223967,148207,201086,194015,134746,228270,234993,161148,-10198,128050,254149,-8388607,0,2667,2659,2664,754,2478,-10110976,1,1,14,1,287,0,0,0,1
443351059,240971,254270,790936,771882,238321,115947,174326,228768,172109,211010,209766,200361,223640,148054,200792,194174,134737,228467,235145,161064,-10242,128125,254261,-8388607,0,2663,2665,2661,759,2479,-10110976,1,1,14,1,287,0,0,0,1
443351060,240641,254006,790495,772587,238451,116030,174525,228678,171977,210918,209842,200420,223602,148162,200821,194028,134730,228467,235339,161150,-10040,128157,254239,-8388607,0,2659,2666,2665,753,2479,-10110976,1,1,14,1,287,0,0,0,1
443351061,240053,253651,790619,773219,238332,115944,174420,228631,171836,210803,209698,200591,223583,148127,200775,194047,134662,228399,235189,161104,-10128,128232,254225,-8388607,0,2663,2665,2668,755,2479,-10110976,1,1,14,1,287,0,0,0,1
443351062,239600,253302,790702,773835,238336,115780,174321,228717,171943,210875,209920,200474,223542,148196,200844,194107,134580,228251,234897,161200,-10218,128186,254205,-8388607,0,2664,2665,2662,758,2473,-10110976,1,1,14,1,287,0,0,0,1
443351063,239348,252876,790836,774636,238413,115681,174375,228447,172006,210907,209913,200610,223654,148343,200917,194221,134652,228235,235141,161277,-10094,128275,254183,-8388607,0,2661,2666,2664,754,2479,-10110976,1,1,14,1,287,0,0,0,1
443351064,238849,252572,790951,775463,238198,115555,174372,228511,172072,211107,209912,200694,223902,148277,201092,194506,134580,228107,235021,161114,-10059,128476,254203,-8388607,0,2661,2662,2666,750,2481,-10110976,1,1,14,1,287,0,0,0,1
443351065,238385,251947,790854,776436,238187,115403,174161,228457,172134,211076,209915,200480,224192,148300,201170,194482,134407,227995,234747,160920,-9997,128375,254141,-8388607,0,2665,2666,2662,756,2475,-10110976,1,1,14,1,287,0,0,0,1
443351066,238004,251606,791278,777038,237979,115572,174213,228425,172118,211290,209953,200630,224111,148469,201187,194580,134181,227973,234864,160905,-9889,128570,254097,-8388607,0,2660,2666,2658,754,2480,-10110976,1,1,14,1,287,0,0,0,1
443351067,237432,250971,791867,777585,238011,115637,174009,228324,172014,211125,209836,200624,224234,148468,201223,194483,134269,228004,234763,160905,-10045,128389,254195,-8388607,0,2661,2661,2664,749,2479,-10110976,1,1,14,1,287,0,0,0,1
443351068,236677,250479,792395,778109,238097,115564,174003,228364,172184,211342,209979,200744,224259,148822,201413,194761,134243,228033,234797,160742,-10216,128231,254297,-8388607,0,2666,2659,2666,755,2478,-10110976,1,1,14,1,287,0,0,0,1
443351069,236184,249708,792877,778556,238030,115438,174021,228248,172062,211101,209895,200609,224197,148902,201234,194521,134197,228082,234684,160994,-10217,128194,254081,-8388607,0,2659,2663,2658,758,2477,-10110976,1,1,14,1,287,0,0,0,1
443351070,235741,249072,793518,778728,238332,115628,174133,228445,172085,211066,209937,200553,224258,148787,201212,194656,134305,227992,234766,160976,-9985,128294,254263,-8388607,0,2659,2666,2665,753,2482,-10110976,1,1,14,1,287,0,0,0,1
443351071,235064,248529,794418,779194,238295,115698,174207,228704,172132,210915,210133,200695,224071,148825,201278,194312,134279,228054,234872,160947,-10084,128426,254122,-8388607,0,2661,2661,2662,754,2478,-10110976,1,1,14,1,287,0,0,0,1
443351072,234536,247991,795515,779258,238346,115730,174287,228721,171964,210892,209843,200717,223799,148447,201021,194415,134458,228009,234968,160931,-10219,128422,254258,-8388607,0,2662,2666,2661,760,2479,-10110976,1,1,14,1,287,0,0,0,1
443351073,233902,247562,796752,779311,238405,115882,174418,228624,171973,211023,209757,200392,223910,148502,201021,194284,134618,228152,234848,161046,-10324,128278,254152,-8388607,0,2662,2669,2664,753,2483,-10110976,1,1,14,1,287,0,0,0,1
443351074,233350,246889,798347,779655,238282,115799,174411,228538,171757,210793,209655,200286,223633,148085,200905,194259,134480,228233,234870,160823,-10392,128172,254248,-8388607,0,2665,2665,2666,755,2477,-10110976,1,1,14,1,287,0,0,0,1
443351075,233162,246179,799847,780144,238431,115821,174331,228601,171768,210942,209861,200448,223753,148127,200790,193917,134753,228244,234949,161056,-10295,128230,254174,-8388607,0,2665,2665,2662,758,2471,-10110976,1,1,14,1,287,0,0,0,1
443351076,232714,245653,801213,780731,238463,115840,174403,228427,171842,210962,210067,200694,223735,148216,200870,194178,134727,228464,235056,161081,-10138,128284,254183,-8388607,0,2660,2668,2666,755,2481,-10110976,1,1,14,1,287,0,0,0,1
443351077,232358,245230,802593,781111,238249,115775,174057,228426,172179,210922,209954,200533,223480,147897,200771,194013,134619,228260,235143,161069,-10163,128175,254238,-8388607,0,2661,2664,2664,751,2478,-10110976,1,1,14,1,287,0,0,0,1
443351078,231969,245062,803986,781441,238205,115655,174038,228486,172000,210956,210020,200470,223565,148001,200774,194089,134762,228478,235192,161112,-10323,128267,254345,-8388607,0,2660,2662,2666,758,2477,-10110976,1,1,14,1,287,0,0,0,1
443351079,231751,244786,805062,781683,238089,115463,174159,228440,171968,211125,209958,200509,223798,148121,201087,194108,134718,228253,235192,161098,-10304,128342,254236,-8388607,0,2664,2665,2661,754,2479,-10110976,1,1,14,1,287,0,0,0,1
443351080,231571,244530,805671,782003,238178,115517,174037,228439,172258,211175,209971,200713,223844,148175,201164,194334,134506,228267,235005,161295,-10217,128415,254223,-8388607,0,2665,2666,2665,752,2484,-10110976,1,1,14,1,287,0,0,0,1
443351081,231377,244044,806284,782515,238009,115567,174295,228544,172340,211141,210035,200649,223965,148402,201237,194467,134477,228246,235017,161010,-9851,128645,254232,-8388607,0,2665,2662,2665,754,2478,-10110976,1,1,14,1,287,0,0,0,1
443351082,230850,243610,806701,783256,237950,115364,174093,228188,172184,211003,209890,200418,224018,148647,201125,194324,134344,228027,234780,161016,-9863,128673,254237,-8388607,0,2660,2667,2664,760,2477,-10110976,1,1,14,1,287,0,0,0,1
443351083,230125,243181,807277,783757,238141,115416,174106,228330,172031,210818,209832,200561,224300,148716,201267,194494,134393,228152,234884,160904,-10068,128618,254351,-8388607,0,2659,2662,2664,754,2482,-10110976,1,1,14,1,287,0,0,0,1
443351084,229308,242636,808216,784513,238156,115522,173934,228409,172027,210730,209669,200492,224151,148635,201223,194527,134246,227925,234734,160809,-10134,128423,254278,-8388607,0,2665,2659,2666,753,2478,-10110976,1,1,14,1,287,0,0,0,1
443351085,228648,242074,808782,785323,238314,115739,174056,228558,171953,210949,209854,200535,224251,148730,201178,194507,134274,227873,234585,160847,-10460,128367,254224,-8388607,0,2665,2664,2662,758,2478,-10110976,1,1,14,1,287,0,0,0,1
443351086,228198,241294,809007,786292,238392,115845,174042,228596,171844,210864,209745,200650,224278,148664,201329,194336,134373,227878,234675,160797,-10439,128316,254294,-8388607,0,2661,2666,2662,754,2480,-10110976,1,1,14,1,287,0,0,0,1
443351087,227452,240658,809025,787033,238416,115931,174233,228508,171732,210864,209802,200601,224123,148447,201007,194456,134343,227905,234790,160723,-10276,128369,254292,-8388607,0,2661,2663,2666,754,2477,-10110976,1,1,14,1,287,0,0,0,1
443351088,226965,240050,808864,787739,238402,115776,174257,228517,171957,210807,209851,200438,224083,148338,201079,194304,134260,227969,234737,160707,-10200,128465,254331,-8388607,0,2663,2664,2662,756,2475,-10110976,1,1,14,1,287,0,0,0,1
443351089,226454,239704,808802,788491,238398,115796,174311,228574,171979,211022,209890,200626,223890,148469,201068,194329,134345,228147,234940,160936,-10306,128479,254286,-8388607,0,2662,2668,2659,755,2480,-10110976,1,1,14,1,287,0,0,0,1
443351090,225957,239418,808735,789128,238269,115811,174386,228615,172148,211095,209944,200400,223782,148300,201050,194328,134470,228224,234742,160927,-10207,128492,254314,-8388607,0,2668,2663,2664,747,2484,-10110976,1,1,14,1,287,0,0,0,1
443351091,225522,238878,808490,789771,238346,115790,174435,228463,172187,211081,209869,200422,223504,148165,200938,193984,134370,228205,235002,160949,-10203,128406,254289,-8388607,0,2663,2659,2664,753,2477,-10110976,1,1,14,1,287,0,0,0,1
443351092,224946,238238,808183,790679,238330,115606,174317,228618,172219,211324,210051,200494,223554,148118,200905,194182,134643,228323,235222,161110,-10234,128450,254251,-8388607,0,2659,2667,2662,751,2479,-10110976,1,1,14,1,287,0,0,0,1
443351093,224461,237661,807970,791713,238190,115732,174340,228586,172275,211309,210081,200619,223672,148160,200880,194282,134654,228245,235104,160903,-10027,128535,254224,-8388607,0,2659,2664,2661,751,2481,-10110976,1,1,14,1,287,0,0,0,1
443351094,223814,237039,807724,792292,238148,115548,174160,228396,172075,210933,209882,200488,223561,148004,200881,194010,134615,228214,234982,160817,-10092,128446,254372,-8388607,0,2666,2663,2665,755,2478,-10110976,1,1,14,1,287,0,0,0,1
443351095,223248,236575,807639,792732,238230,115485,173942,228355,172005,210823,209990,200457,223579,147869,201028,194272,134509,228100,234990,161011,-10417,128445,254343,-8388607,0,2666,2665,2662,760,2478,-10110976,1,1,14,1,287,0,0,0,1
443351096,222889,236106,807215,793024,238153,115423,174047,228442,171900,210756,209732,200630,223780,148443,201102,194235,134616,228200,235144,161132,-10426,128356,254324,-8388607,0,2659,2667,2663,755,2481,-10110976,1,1,14,1,287,0,0,0,1
443351097,222502,235533,806913,793171,238155,115407,173999,228320,171974,210737,209791,200567,224263,148574,201054,194263,134669,228027,235112,161101,-10171,128367,254308,-8388607,0,2663,2664,2668,755,2477,-10110976,1,1,14,1,287,0,0,0,1
443351098,222192,235103,806348,793184,237966,115552,174107,228298,171936,210740,209603,200619,224199,148569,201053,194137,134438,228200,234999,160967,-10040,128597,254266,-8388607,0,2660,2665,2657,755,2475,-10110976,1,1,14,1,287,0,0,0,1
443351099,221872,234553,805924,793083,238071,115666,174203,228380,171916,210709,209684,200311,224084,148515,201068,194566,134369,228065,234955,161016,-9953,128435,254266,-8388607,0,2663,2668,2662,754,2481,-10110976,1,1,14,1,287,0,0,0,1
443351100,221191,234035,805318,792740,238031,115542,174001,228497,171761,210928,209709,200417,224130,148580,201127,194394,134385,228068,234820,160926,-10091,128472,254365,-8388607,0,2664,2659,2666,752,2481,-10110976,1,1,14,1,287,0,0,0,1
443351101,220602,233566,805228,792493,238034,115585,174067,228518,171917,211022,209732,200234,224099,148707,201099,194292,134390,228093,234746,160873,-10022,128574,254351,-8388607,0,2668,2663,2663,755,2477,-10110976,1,1,14,1,287,0,0,0,1
443351102,220020,232917,805334,792162,238273,115772,174212,228407,171984,210887,209962,200311,224131,148717,201076,194389,134207,227951,234831,160881,-10239,128526,254295,-8388607,0,2662,2668,2657,756,2480,-10110976,1,1,14,1,287,0,0,0,1
443351103,219633,232153,805736,792276,238326,115743,174320,228535,172103,210823,210038,200520,224098,148617,201188,194411,134407,228136,234846,160922,-10084,128501,254212,-8388607,0,2658,2663,2664,754,2484,-10110976,1,1,14,1,287,0,0,0,1
443351104,218962,231544,806026,792366,238262,115598,174309,228522,172035,210911,209714,200669,223854,148162,200809,194275,134343,228041,234803,160727,-10027,128535,254358,-8388607,0,2663,2659,2664,757,2477,-10110976,1,1,14,1,287,0,0,0,1
443351105,218144,230833,806817,792377,238341,115633,174285,228458,172171,210978,209889,200774,223876,148157,200808,193999,134425,228126,234761,160925,-10182,128309,254297,-8388607,0,2663,2664,2660,759,2478,-10110976,1,1,14,1,287,0,0,0,1
443351106,217340,230287,807349,792649,238402,115838,174213,228625,172135,211169,210058,200595,223684,148254,200824,194105,134459,228061,234838,160871,-10290,128189,254336,-8388607,0,2661,2664,2664,755,2482,-10110976,1,1,14,1,287,0,0,0,1
443351107,216722,229632,808046,792844,238173,115608,174244,228507,172154,211249,210022,200695,223652,148260,200824,193997,134490,228038,235001,160886,-10521,128234,254342,-8388607,0,2663,2661,2666,755,2478,-10110976,1,1,14,1,287,0,0,0,1
443351108,216053,229224,809115,793131,238161,115586,174288,228588,171939,210898,210030,200580,223732,148267,200836,194079,134467,228030,234782,160876,-10319,128340,254516,-8388607,0,2661,2666,2661,760,2475,-10110976,1,1,14,1,287,0,0,0,1
443351109,215674,228630,810034,793760,238103,115511,174291,228481,172174,210934,209823,200405,223654,148120,200678,194084,134243,228129,234837,160949,-10387,128360,254213,-8388607,0,2661,2665,2664,753,2479,-10110976,1,1,14,1,287,0,0,0,1
443351110,215103,228297,811421,794494,238123,115645,174203,228515,172213,211175,210011,200568,223700,148265,200793,194185,134401,228209,234978,161061,-10341,128405,254400,-8388607,0,2664,2661,2666,753,2478,-10110976,1,1,14,1,287,0,0,0,1
443351111,214675,227909,812841,795638,237923,115486,174043,228265,172088,210875,209938,200463,223815,148318,200874,194309,134394,228236,234991,161017,-10298,128371,254245,-8388607,0,2667,2665,2663,758,2475,-10110976,1,1,14,1,287,0,0,0,1
443351112,214401,227440,814641,796663,238071,115353,173825,228177,171988,210889,209845,200387,223902,148431,201054,194208,134457,228181,235082,160926,-10535,128304,254287,-8388607,0,2661,2668,2662,753,2479,-10110976,1,1,14,1,287,0,0,0,1
443351113,214130,227116,816477,797911,238106,115432,173951,228235,171921,210941,209736,200430,223783,148488,201083,194278,134567,228136,234906,161093,-10543,128263,254374,-8388607,0,2662,2664,2663,751,2479,-10110976,1,1,14,1,287,0,0,0,1
443351114,213922,226763,818125,799176,238177,115397,174127,228318,171886,210748,209776,200418,224050,148708,201115,194296,134442,228220,234984,161091,-10305,128535,254191,-8388607,0,2666,2664,2664,757,2480,-10110976,1,1,14,1,287,0,0,0,1
443351115,213856,226529,819840,800486,237970,115450,174174,228344,171838,210957,209775,200569,224324,148596,201234,194662,134474,228090,235039,161075,-10135,128473,254324,-8388607,0,2658,2665,2659,757,2477,-10110976,1,1,14,1,287,0,0,0,1
443351116,213567,226147,821329,801762,238164,115657,174309,228458,171856,210888,209885,200504,224132,148498,201257,194419,134640,228324,235028,161156,-10180,128655,254224,-8388607,0,2662,2663,2666,753,2484,-10110976,1,1,14,1,287,0,0,0,1
443351117,213223,225790,822937,802841,238133,115612,174088,228676,171779,210853,209771,200332,224089,148678,201329,194466,134555,228303,235009,160926,-10062,128839,254305,-8388607,0,2666,2662,2663,753,2478,-10110976,1,1,14,1,287,0,0,0,1
443351118,212815,225341,824609,804124,238037,115663,174079,228564,171782,210706,209737,200375,224118,148476,201316,194458,134543,228230,234904,160919,-10183,128687,254415,-8388607,0,2659,2665,2662,764,2473,-10110976,1,1,14,1,287,0,0,0,1
443351119,212298,224693,826149,805632,238255,115738,174181,228470,171697,210815,209713,200528,223969,148435,201159,194279,134584,228250,234951,160941,-10308,128557,254326,-8388607,0,2657,2663,2666,755,2481,-10110976,1,1,14,1,287,0,0,0,1
443351120,211954,224236,827752,807074,238254,115862,174164,228500,172031,210790,209725,200658,223968,148391,201170,194166,134527,228204,235061,160855,-10118,128612,254314,-8388607,0,2663,2664,2666,754,2478,-10110976,1,1,14,1,287,0,0,0,1
443351121,211326,223672,828969,808226,238306,115528,174232,228395,171928,210870,209959,200771,223722,148426,200958,194241,134449,228154,234941,160770,-10269,128508,254269,-8388607,0,2666,2668,2661,755,2473,-10110976,1,1,14,1,287,0,0,0,1
443351122,210857,222875,829969,809628,238255,115741,174389,228478,172036,210945,209797,200448,223723,148352,200734,194072,134405,228013,234916,160876,-10146,128489,254349,-8388607,0,2662,2668,2659,754,2480,-10110976,1,1,14,1,287,0,0,0,1
443351123,210171,222309,830915,810607,238199,115526,174149,228380,172055,210995,209679,200509,223723,148295,200774,194058,134452,228083,234921,161027,-10290,128474,254244,-8388607,0,2663,2668,2666,751,2477,-10110976,1,1,14,1,287,0,0,0,1
443351124,209782,221858,831623,811898,238165,115464,174088,228521,171989,211052,209980,200313,223690,148388,200936,194288,134421,228104,234894,161032,-10292,128402,254331,-8388607,0,2664,2663,2662,755,2477,-10110976,1,1,14,1,287,0,0,0,1
443351125,209295,221063,832154,812963,238278,115662,174167,228544,172148,211034,209870,200646,223708,148192,201019,194193,134542,228270,234940,161015,-10300,128451,254400,-8388607,0,2656,2669,2659,756,2477,-10110976,1,1,14,1,287,0,0,0,1
443351126,208671,220736,832369,813923,238154,115668,174291,228557,172307,210860,210033,200641,223774,148178,200979,194059,134428,228237,234985,161152,-10226,128513,254331,-8388607,0,2665,2662,2664,755,2482,-10110976,1,1,14,1,287,0,0,0,1
443351127,208212,220265,832347,814820,238183,115558,174030,228391,171906,210954,209982,200609,223819,148132,200648,194218,134365,228160,234782,160899,-10375,128375,254319,-8388607,0,2664,2663,2666,755,2477,-10110976,1,1,14,1,287,0,0,0,1
443351128,207600,219798,832661,815586,238023,115687,174110,228492,172097,210869,209941,200498,223621,148188,200846,194193,134558,228083,234834,161032,-10303,128502,254409,-8388607,0,2663,2664,2660,757,2479,-10110976,1,1,14,1,287,0,0,0,1
443351129,207065,219345,832788,816309,238207,115692,174080,228521,171952,210774,209889,200442,223823,148425,200932,194113,134518,228230,234961,160905,-10136,128599,254425,-8388607,0,2660,2665,2665,754,2482,-10110976,1,1,14,1,287,0,0,0,1
443351130,206566,218690,832945,817229,238265,115750,174315,228507,171810,210900,209794,200421,223807,148443,201113,194222,134447,228238,234943,160902,-10329,128469,254576,-8388607,0,2661,2664,2664,756,2478,-10110976,1,1,14,1,287,0,0,0,1
443351131,205991,218319,833000,818155,238039,115718,174342,228601,171907,210868,209581,200486,224020,148618,201256,194257,134544,228033,234942,161095,-10218,128477,254575,-8388607,0,2662,2665,2662,757,2477,-10110976,1,1,14,1,287,0,0,0,1
443351132,205378,217716,833229,818913,238231,115501,174291,228424,171793,210827,209611,200317,224063,148538,201106,194393,134573,228230,235068,161095,-10269,128605,254521,-8388607,0,2661,2668,2663,755,2479,-10110976,1,1,14,1,287,0,0,0,1
443351133,204810,217224,833001,819842,238186,115577,174180,228576,171780,210822,209658,200481,224029,148655,201232,194570,134580,228294,234982,161083,-10278,128577,254509,-8388607,0,2664,2661,2666,751,2478,-10110976,1,1,14,1,287,0,0,0,1
443351134,204300,216777,832847,820135,238144,115800,174149,228434,171828,210897,209942,200407,223951,148561,201184,194397,134364,228309,235041,161021,-10415,128609,254598,-8388607,0,2666,2665,2661,755,2473,-10110976,1,1,14,1,287,0,0,0,1
443351135,203857,216412,832796,820467,238287,115605,174056,228476,171931,210939,209884,200585,224056,148476,201156,194241,134509,228121,234928,161008,-10375,128524,254625,-8388607,0,2662,2670,2659,754,2481,-10110976,1,1,14,1,287,0,0,0,1
443351136,203365,216067,832564,820577,238208,115633,174058,228439,171834,210741,209799,200618,223888,148320,201051,194225,134475,228163,234944,161172,-10235,128476,254551,-8388607,0,2661,2663,2663,751,2480,-10110976,1,1,14,1,287,0,0,0,1
443351137,202868,215610,832421,820565,238158,115585,173968,228344,171902,210803,209885,200543,224012,148317,200978,194200,134354,227935,234927,160991,-10342,128629,254509,-8388607,0,2664,2663,2666,757,2477,-10110976,1,1,14,1,287,0,0,0,1
443351138,202317,215257,832282,820682,238046,115730,174101,228679,172055,210797,209813,200549,223834,148297,200921,194330,134538,228089,234921,160958,-10143,128681,254616,-8388607,0,2663,2665,2657,756,2481,-10110976,1,1,14,1,287,0,0,0,1
443351139,201823,214574,832380,820350,238217,115418,174073,228525,172214,210870,209815,200797,223778,148314,200979,194043,134448,228061,235001,161087,-10311,128532,254617,-8388607,0,2659,2663,2664,756,2484,-10110976,1,1,14,1,287,0,0,0,1
443351140,201209,213935,832562,820035,238068,115526,174277,228425,172174,211059,209960,200525,223727,148261,200907,194187,134425,228067,235024,160858,-10320,128459,254628,-8388607,0,2664,2663,2661,753,2479,-10110976,1,1,14,1,287,0,0,0,1
443351141,200809,213336,832713,819657,238309,115466,174134,228556,172173,211177,209939,200443,223667,148183,200829,193938,134371,228245,234939,160974,-10337,128397,254582,-8388607,0,2661,2664,2662,758,2478,-10110976,1,1,14,1,287,0,0,0,1
443351142,200358,212709,832826,819038,238444,115624,174291,228535,172093,211100,209842,200702,223684,148217,200966,194214,134310,228229,234823,160997,-10514,128374,254685,-8388607,0,2661,2666,2662,753,2480,-10110976,1,1,14,1,287,0,0,0,1
443351143,199896,212345,832781,818438,238356,115717,174369,228518,172294,210970,209922,200674,223789,148347,200865,194205,134428,228250,234986,161033,-10216,128519,254638,-8388607,0,2665,2664,2668,755,2478,-10110976,1,1,14,1,287,0,0,0,1
443351144,199609,211867,832827,817720,238471,115729,174333,228583,171979,211037,209687,200391,223755,148247,201008,194176,134441,228094,234909,160838,-10309,128482,254694,-8388607,0,2664,2666,2663,757,2475,-10110976,1,1,14,1,287,0,0,0,1
443351145,199197,211436,832622,817208,238567,115945,174177,228570,171942,210885,209812,200436,224087,148563,201127,194241,134580,228020,234881,160898,-10158,128589,254737,-8388607,0,2656,2669,2661,752,2477,-10110976,1,1,14,1,287,0,0,0,1
443351146,198792,210855,832463,816546,238381,115960,174293,228759,171979,210994,209939,200420,224128,148582,201163,194315,134484,228087,234981,160915,-10227,128773,254642,-8388607,0,2661,2662,2664,752,2479,-10110976,1,1,14,1,287,0,0,0,1
443351147,198350,210395,832406,815948,238522,116030,174447,228779,171945,210860,209861,200453,223937,148514,201250,194312,134473,228060,235006,160989,-10182,128628,254711,-8388607,0,2664,2663,2664,756,2476,-10110976,1,1,14,1,287,0,0,0,1
443351148,197826,210002,832229,815568,238295,115829,174260,228651,171850,210849,209820,200551,224278,148548,201120,194265,134614,228142,235071,160929,-10167,128935,254736,-8388607,0,2663,2666,2658,755,2479,-10110976,1,1,14,1,287,0,0,0,1
443351149,197272,209279,831792,815257,238212,115651,174432,228633,171883,210945,209948,200594,224206,148456,201012,194212,134548,228180,234771,160899,-10158,128725,254624,-8388607,0,2663,2664,2666,749,2482,-10110976,1,1,14,1,287,0,0,0,1
443351150,196555,208781,831482,815077,238059,115368,174126,228455,171855,210729,209777,200337,224187,148454,200946,194359,134588,228177,234899,160872,-10374,128595,254672,-8388607,0,2664,2662,2664,755,2477,-10110976,1,1,14,1,287,0,0,0,1
443351151,196236,208313,830832,815309,238485,115448,174057,228478,172046,210985,209819,200604,224020,148489,201036,194411,134383,228242,235080,160872,-10281,128530,254746,-8388607,0,2658,2663,2659,759,2479,-10110976,1,1,14,1,287,0,0,0,1
443351152,195598,207686,829023,814943,239720,116037,173960,228257,172019,210939,209738,200584,223969,148497,201036,194363,134488,228258,234902,160929,-10367,128423,254765,-8388607,0,2657,2665,2664,753,2482,-10110976,1,1,14,1,287,0,0,0,1
443351153,195167,207151,825589,813756,242350,117300,173185,227819,172087,210946,209685,200477,223763,148328,200779,193970,134332,228177,234871,160986,-10838,127905,254701,-8388607,0,2665,2662,2669,755,2478,-10110976,1,1,14,1,287,0,0,0,1
443351154,195129,206974,821060,811199,247023,120343,171996,226815,172028,211024,209752,200735,223684,148350,200797,194256,134391,228168,234968,161055,-10912,127956,254778,-8388607,0,2662,2661,2662,759,2478,-10110976,1,1,14,1,287,0,0,0,1
443351155,195058,207072,815108,807585,253327,125387,170498,224909,172097,210761,210082,200754,223806,148080,200923,194205,134394,228092,234928,160890,-10620,128339,254762,-8388607,0,2659,2668,2663,754,2481,-10110976,1,1,14,1,287,0,0,0,1
443351156,195417,207189,807902,802615,261914,132554,169304,223202,172097,211026,209999,200765,223703,148030,200914,194033,134356,228088,234888,160879,-10196,128758,254872,-8388607,0,2663,2665,2666,752,2477,-10110976,1,1,14,1,287,0,0,0,1
443351157,195598,207383,799903,796833,272409,141615,168676,221980,171991,210942,209814,200391,223632,148428,200945,194138,134530,228140,234873,160904,-10056,128998,254856,-8388607,0,2665,2663,2661,754,2475,-10110976,1,1,14,1,287,0,0,0,1
443351158,195704,207369,791864,790747,284185,151959,168562,221984,171848,211154,209911,200550,223789,148342,200814,194179,134492,228336,234846,161075,-9869,129148,254785,-8388607,0,2672,2664,2663,755,2480,-10110976,1,1,14,1,287,0,0,0,1
443351159,195401,206869,783810,784662,296419,163138,169302,223008,172005,210892,209730,200580,223648,148286,200788,194096,134433,228136,234873,160829,-9678,129134,254793,-8388607,0,2665,2663,2665,752,2477,-10110976,1,1,14,1,287,0,0,0,1
443351160,194714,206030,776011,778640,308909,175079,170979,224743,171879,210787,209817,200493,223825,148375,200962,194309,134443,228062,234795,160778,-9662,129167,254832,-8388607,0,2663,2663,2664,756,2478,-10110976,1,1,14,1,287,0,0,0,1
443351161,193811,205060,767772,771943,321237,187306,173239,226606,171883,210877,209741,200466,223923,148434,201113,194410,134442,228107,234727,160888,-10018,128562,254859,-8388607,0,2660,2665,2659,756,2477,-10110976,1,1,14,1,287,0,0,0,1
443351162,192834,204068,759189,764794,333396,199298,174692,228190,171765,210603,209860,200408,223864,148564,200992,194306,134570,228269,234841,161010,-10499,128180,254903,-8388607,0,2660,2666,2663,751,2484,-10110976,1,1,14,1,287,0,0,0,1
443351163,191981,203287,750497,757298,345724,210705,175274,229198,171740,210549,209798,200246,223973,148558,201125,194527,134559,228130,234942,160919,-10852,127953,254834,-8388607,0,2668,2658,2664,756,2478,-10110976,1,1,14,1,287,0,0,0,1
443351164,191538,202851,741134,749112,357582,221855,174772,228918,171697,210743,209668,200440,224138,148534,201219,194467,134554,228175,235002,160977,-10695,128101,254878,-8388607,0,2664,2665,2661,758,2479,-10110976,1,1,14,1,287,0,0,0,1
443351165,191225,202281,731024,740239,368816,232453,173692,227469,171743,210772,209584,200065,224121,148369,200992,194385,134503,228116,234930,160965,-10422,128243,255041,-8388607,0,2659,2665,2666,755,2481,-10110976,1,1,14,1,287,0,0,0,1
443351166,191140,202213,720332,730587,379483,242591,172230,225485,171671,210841,209480,200090,223919,148330,201186,194298,134436,228049,235031,160849,-10662,127931,255010,-8388607,0,2661,2668,2668,754,2477,-10110976,1,1,14,1,287,0,0,0,1
443351167,191475,202309,709602,720601,389519,252187,170401,223579,172055,210987,209665,200149,223992,148490,201221,194499,134592,228114,235031,161022,-10486,128045,254966,-8388607,0,2661,2673,2666,757,2477,-10110976,1,1,14,1,287,0,0,0,1
443351168,191743,202110,698668,710375,398638,261220,168778,222047,172021,211024,209648,200446,223665,148177,201014,194295,134406,228142,234957,160998,-10074,128462,255068,-8388607,0,2661,2666,2662,754,2479,-10110976,1,1,14,1,287,0,0,0,1
443351169,191774,202044,688044,700183,407817,269847,167515,221233,172254,210911,209934,200548,223615,148083,200892,194114,134223,228134,234792,160881,-9971,128500,254886,-8388607,0,2664,2665,2666,752,2477,-10110976,1,1,14,1,287,0,0,0,1
443351170,192016,201750,677302,689825,417017,279088,167220,220888,172411,210976,210414,200690,223965,148299,200797,194195,134374,228226,235002,160948,-9922,128574,255036,-8388607,0,2668,2666,2661,757,2475,-10110976,1,1,14,1,287,0,0,0,1
443351171,192112,201497,666527,679379,426884,289102,167286,220987,172514,211059,210337,200805,223807,148288,200789,194026,134576,228108,235028,160994,-10214,128356,254900,-8388607,0,2661,2667,2661,755,2481,-10110976,1,1,14,1,287,0,0,0,1
443351172,192095,201174,655773,668908,437889,299936,167458,221318,172463,211164,210306,200760,223684,148379,200898,194089,134513,228051,234979,161018,-10051,128400,254851,-8388607,0,2659,2664,2665,749,2484,-10110976,1,1,14,1,287,0,0,0,1
443351173,192207,201090,644305,658065,449766,311557,167653,221748,172538,211318,210314,200688,223713,148359,200893,194079,134569,228223,235076,161122,-9804,128620,254909,-8388607,0,2662,2663,2664,757,2478,-10110976,1,1,14,1,287,0,0,0,1
443351174,192115,201106,632232,646321,462317,323434,168224,222253,172395,211327,210175,200711,223832,148357,200884,194245,134464,228273,234979,161119,-9918,128468,255022,-8388607,0,2663,2672,2661,758,2477,-10110976,1,1,14,1,287,0,0,0,1
443351175,192105,200877,619464,634216,474717,335502,169130,222521,172316,211181,210032,200557,223797,148315,200842,194112,134416,228219,234795,160801,-9993,128371,255021,-8388607,0,2658,2664,2664,753,2484,-10110976,1,1,14,1,287,0,0,0,1
443351176,191833,200587,607137,621869,486619,347308,170147,223076,172083,211225,209885,200668,223991,148498,201254,194280,134666,228267,234948,160950,-9736,128764,255184,-8388607,0,2663,2661,2664,756,2478,-10110976,1,1,14,1,287,0,0,0,1
443351177,191496,199986,594656,609535,497255,357818,170719,223856,171825,210735,209799,200626,224145,148556,201232,194590,134536,228362,234788,160956,-9836,128757,255039,-8388607,0,2661,2664,2660,758,2475,-10110976,1,1,14,1,287,0,0,0,1
443351178,191065,199219,582321,597353,507302,367458,171093,224324,171774,210494,209603,200461,224266,148653,201495,194439,134591,228260,234705,161044,-9755,128653,255004,-8388607,0,2659,2666,2662,754,2482,-10110976,1,1,14,1,287,0,0,0,1
443351179,190643,198354,570373,585498,516389,376694,171059,224748,171379,210450,209431,200176,224030,148757,201348,194528,134479,228071,234946,160854,-9951,128202,255144,-8388607,0,2664,2663,2670,755,2477,-10110976,1,1,14,1,287,0,0,0,1
443351180,190302,197603,558586,573626,525315,385775,170686,224140,171329,210211,209292,200070,224303,148748,201245,194583,134611,228062,234861,161039,-10493,127685,254974,-8388607,0,2665,2662,2662,758,2475,-10110976,1,1,14,1,287,0,0,0,1
443351181,190005,197012,546792,561901,534005,394652,169616,222670,171374,209999,209211,199835,224096,148554,201167,194491,134428,227986,234853,160979,-10461,127672,255079,-8388607,0,2662,2668,2662,755,2479,-10110976,1,1,14,1,287,0,0,0,1
443351182,189955,196791,534680,550124,543493,403955,167916,221134,171644,210289,209218,199805,224066,148503,200998,194421,134510,228126,235031,160993,-10222,127889,255147,-8388607,0,2661,2662,2664,750,2482,-10110976,1,1,14,1,287,0,0,0,1
443351183,190011,196741,522114,538238,553385,413512,166152,219822,171515,210670,209426,200062,224023,148480,200867,194080,134408,228071,235108,160916,-10220,127658,255143,-8388607,0,2664,2664,2663,756,2477,-10110976,1,1,14,1,287,0,0,0,1
443351184,190379,197257,509765,526484,563107,423604,164726,218278,171910,210839,209545,200270,223633,148366,200731,193837,134579,228136,234915,161080,-10441,127671,255085,-8388607,0,2663,2666,2658,755,2479,-10110976,1,1,14,1,287,0,0,0,1
443351185,190816,197684,498167,515005,573225,433896,164362,217867,172239,211130,210114,200639,223443,148138,200572,193872,134430,228246,234820,161088,-9932,127929,255160,-8388607,0,2659,2665,2664,754,2484,-10110976,1,1,14,1,287,0,0,0,1
443351186,191328,198345,486587,504063,583843,444620,164876,218382,172412,211321,210453,200911,223486,147852,200423,194053,134473,228013,234943,160965,-9655,128187,255231,-8388607,0,2667,2662,2664,756,2478,-10110976,1,1,14,1,287,0,0,0,1
443351187,192060,198951,475500,493441,595083,455818,165901,219720,172477,211477,210440,201171,223396,147850,200538,193770,134428,228071,234934,161018,-9848,128183,255048,-8388607,0,2662,2665,2663,758,2480,-10110976,1,1,14,1,287,0,0,0,1
443351188,192421,199159,464823,482839,606710,467476,167185,221295,172912,211556,210654,201554,223337,147750,200760,193791,134428,228239,235065,161117,-9813,128258,255115,-8388607,0,2657,2666,2664,755,2482,-10110976,1,1,14,1,287,0,0,0,1
443351189,193060,199621,454115,472439,618535,480008,168399,222200,172907,211508,210636,201259,223600,147957,200613,194060,134376,228173,234987,160965,-9827,128077,255074,-8388607,0,2663,2664,2666,756,2478,-10110976,1,1,14,1,287,0,0,0,1
443351190,193363,199772,443471,461986,630658,492563,169097,222684,172698,211600,210468,200820,223596,148262,200889,194002,134458,228056,234861,160800,-9651,128259,255164,-8388607,0,2664,2665,2661,757,2475,-10110976,1,1,14,1,287,0,0,0,1
443351191,193715,199851,432753,451346,642997,505309,169178,222807,172448,211324,209937,200575,224045,148455,201120,194354,134454,227904,234644,160839,-9530,128503,255142,-8388607,0,2657,2668,2662,754,2479,-10110976,1,1,14,1,287,0,0,0,1
443351192,193877,199876,421541,440759,654800,517524,168995,222465,172040,210890,209545,200225,224260,148622,201425,194544,134448,228047,234807,160846,-9632,128105,255188,-8388607,0,2664,2661,2666,750,2479,-10110976,1,1,14,1,287,0,0,0,1
443351193,193702,199894,410584,430126,665527,528944,168728,222243,171679,210513,209198,200221,224551,148708,201533,194749,134529,228134,234699,160812,-9665,128249,255143,-8388607,0,2661,2666,2662,757,2475,-10110976,1,1,14,1,287,0,0,0,1
443351194,193405,199763,399552,419662,675546,539967,168544,222133,171250,210213,209014,199963,224610,149069,201583,194932,134287,228178,234675,160890,-9633,128297,255140,-8388607,0,2662,2668,2661,755,2479,-10110976,1,1,14,1,287,0,0,0,1
443351195,192932,199553,388637,409100,685249,550903,168445,221941,170852,210033,209114,199767,224541,149208,201528,194982,134325,228164,234853,161043,-9732,128089,255212,-8388607,0,2662,2663,2665,751,2484,-10110976,1,1,14,1,287,0,0,0,1
443351196,192595,199023,377871,398615,694824,561370,168345,221898,170892,209826,209015,199910,224422,149232,201699,194859,134405,228262,235103,161101,-9889,127762,255170,-8388607,0,2666,2659,2666,756,2477,-10110976,1,1,14,1,287,0,0,0,1
443351197,192332,198742,367469,388314,704607,572156,167787,221497,171073,210041,209195,200046,224261,148906,201125,194522,134498,228200,235164,161097,-10005,127560,255231,-8388607,0,2664,2667,2661,757,2480,-10110976,1,1,14,1,287,0,0,0,1
443351198,192196,198623,357473,378264,715074,583845,167410,221206,171321,210361,209340,200066,224053,148441,200951,194375,134653,228295,235312,161389,-10174,127538,255305,-8388607,0,2659,2665,2664,753,2481,-10110976,1,1,14,1,287,0,0,0,1
443351199,192305,198533,347530,368227,725596,595780,167059,220490,171964,210831,209694,200405,223647,148128,200508,193896,134730,228332,235244,161296,-10329,127448,255272,-8388607,0,2663,2664,2663,756,2478,-10110976,1,1,14,1,287,0,0,0,1
443351200,193002,198864,337812,358198,736577,608021,166862,220466,172536,211291,209969,200481,223163,147657,200453,193654,134740,228294,235106,161100,-10132,127326,255266,-8388607,0,2672,2665,2664,758,2477,-10110976,1,1,14,1,287,0,0,0,1
443351201,193844,199279,328164,348207,747320,619865,167226,221230,173277,211788,210481,200680,222998,147485,200214,193513,134772,228328,235067,161227,-9898,127564,255291,-8388607,0,2661,2666,2664,754,2482,-10110976,1,1,14,1,287,0,0,0,1
443351202,194686,199862,318561,338258,757687,631545,168278,222373,173198,211966,210508,200928,222948,147233,200370,193369,134824,228388,235106,161024,-9774,127794,255298,-8388607,0,2665,2664,2668,751,2478,-10110976,1,1,14,1,287,0,0,0,1
443351203,195346,200459,309122,328184,767500,642918,169701,223352,173306,212010,210895,201555,223021,147155,200468,193470,134625,228252,234852,160890,-9304,128225,255356,-8388607,0,2665,2667,2664,759,2473,-10110976,1,1,14,1,287,0,0,0,1
443351204,196013,201058,300035,318109,776659,653491,170792,224635,173021,211906,210945,201536,223250,147533,200505,193773,134533,227992,234870,160953,-9135,128365,255270,-8388607,0,2660,2666,2662,753,2479,-10110976,1,1,14,1,287,0,0,0,1
443351205,196309,201167,290987,308023,785427,663969,171234,225045,172466,211308,210448,201248,223470,147893,200830,193763,134339,227934,234808,160839,-9248,128238,255373,-8388607,0,2661,2662,2664,752,2479,-10110976,1,1,14,1,287,0,0,0,1
443351206,196483,201263,282421,298261,793782,674250,171055,225050,172206,211324,210074,201030,224011,148446,200941,194434,134364,227827,234617,160702,-9439,128249,255333,-8388607,0,2668,2672,2663,755,2477,-10110976,1,1,14,1,287,0,0,0,1
443351207,196438,201099,274149,288443,801873,684124,170508,224511,171584,210708,209518,200558,224532,148932,201476,194847,134010,227679,234461,160677,-9210,128108,255243,-8388607,0,2659,2667,2659,758,2480,-10110976,1,1,14,1,287,0,0,0,1
443351208,196272,200625,266002,278196,809405,693546,169892,224016,171093,210339,209101,199939,224781,149373,201488,194968,134141,227757,234612,160858,-9305,128041,255160,-8388607,0,2660,2664,2665,751,2484,-10110976,1,1,14,1,287,0,0,0,1
443351209,195974,200060,258254,268279,816081,702581,169405,223598,170828,209712,208674,199339,224724,149457,201698,195138,133961,227900,234531,160744,-9745,127720,255351,-8388607,0,2663,2659,2664,756,2476,-10110976,1,1,14,1,287,0,0,0,1
443351210,195864,199637,251014,258183,822201,710929,169367,223436,170875,209645,208599,199442,224730,149483,201756,195144,134055,227976,234697,160949,-9938,127416,255289,-8388607,0,2661,2664,2658,759,2478,-10110976,1,1,14,1,287,0,0,0,1
443351211,195627,199388,244195,248064,827652,718772,169667,223813,170789,209498,208822,199523,224897,149546,201676,194810,134436,227905,235003,160883,-9625,127451,255350,-8388607,0,2659,2665,2664,753,2482,-10110976,1,1,14,1,287,0,0,0,1
443351212,195716,199427,237992,238335,832409,726288,170213,224339,171027,209838,209357,199917,224475,148873,201072,194592,134447,227898,235133,160908,-9667,127486,255272,-8388607,0,2663,2664,2668,754,2478,-10110976,1,1,14,1,287,0,0,0,1
443351213,195901,199518,232597,229425,837333,733965,171350,225574,171459,210293,209709,200539,224047,148384,200988,194348,134824,228382,235370,161097,-9680,127551,255324,-8388607,0,2666,2666,2662,758,2473,-10110976,1,1,14,1,287,0,0,0,1
443351214,196033,199761,228441,220845,841476,741218,172101,226505,171966,210981,210203,200857,223595,147973,200629,193726,135033,228448,235426,161295,-9533,127409,255371,-8388607,0,2657,2668,2663,754,2479,-10110976,1,1,14,1,287,0,0,0,1
443351215,196304,199944,225567,212953,845127,748151,172724,227160,172638,211668,210359,201199,223001,147445,200162,193555,135076,228571,235417,161490,-9589,127598,255344,-8388607,0,2661,2665,2666,751,2478,-10110976,1,1,14,1,287,0,0,0,1
443351216,196697,200345,223706,206078,848159,754331,173477,228328,173217,212287,210589,201289,222870,146922,200088,193250,134953,228605,235302,161368,-9740,127572,255434,-8388607,0,2667,2666,2663,755,2477,-10110976,1,1,14,1,287,0,0,0,1
443351217,197114,200786,222380,199868,850033,759660,173912,228872,173582,212544,210497,201434,222761,147146,200207,193463,135013,228633,235077,161156,-9352,127905,255283,-8388607,0,2665,2668,2659,754,2479,-10110976,1,1,14,1,287,0,0,0,1
443351218,197511,201050,221893,194429,850283,763599,174333,229411,173457,212300,210533,201150,222844,147216,200433,193569,134907,228656,234915,161093,-9300,127861,255347,-8388607,0,2663,2665,2661,749,2479,-10110976,1,1,14,1,287,0,0,0,1
443351219,197862,201329,221494,189940,849767,765935,174617,229691,173201,211738,210380,200889,223048,147331,200606,193737,134544,228180,234694,160839,-9451,127510,255396,-8388607,0,2664,2659,2666,754,2476,-10110976,1,1,14,1,287,0,0,0,1
443351220,197977,201453,220997,186845,848958,767008,174618,230374,172698,211385,210431,200981,223557,147866,201005,194270,134318,227916,234702,160713,-9385,127984,255408,-8388607,0,2660,2669,2659,759,2477,-10110976,1,1,14,1,287,0,0,0,1
443351221,198176,201712,220853,184259,847890,767413,174497,230563,171938,210458,210037,200619,224244,148594,201300,194407,134137,227788,234571,160544,-9151,127902,255296,-8388607,0,2663,2664,2664,752,2482,-10110976,1,1,14,1,287,0,0,0,1
443351222,198134,201769,220236,182936,846345,767187,174261,229780,171202,209899,209566,200136,224634,149238,201574,194724,133772,227453,234675,160675,-9291,128056,255436,-8388607,0,2666,2663,2666,755,2477,-10110976,1,1,14,1,287,0,0,0,1
443351223,198101,201863,219922,182709,845212,766288,174189,229590,170843,209672,209197,200033,225141,149623,201765,194968,133869,227522,234707,160743,-7982,127894,255385,-8388607,0,2663,2664,2660,759,2478,-10110976,1,1,14,1,287,0,0,0,1
443351224,198272,201770,219941,183183,843769,764952,174258,229720,170790,209682,208663,199590,225119,149838,201749,195193,133968,227519,234481,160825,647,131131,255419,-8388607,0,2657,2665,2664,754,2483,-10110976,1,1,14,1,287,0,0,0,1
443351225,199601,201480,220394,183564,842073,763590,175070,230252,170778,209845,208700,199611,225046,149862,201976,195146,133969,227739,234857,161078,18879,139605,255571,-8388607,0,2661,2662,2664,752,2478,-10110976,1,1,14,1,287,0,0,0,1
443351226,203336,201463,219976,184197,839427,762301,176098,230779,170896,210198,209028,199766,224917,149439,201525,194840,134125,228038,234764,160890,45791,150697,255404,-8388607,0,2664,2671,2662,758,2473,-10110976,1,1,14,1,287,0,0,0,1
443351227,210214,202286,218222,184296,836949,761109,176902,231859,171398,210625,209375,200235,224379,148946,201435,194806,134584,228291,235084,161098,82772,165984,255515,-8388607,0,2664,2668,2662,755,2480,-10110976,1,1,14,1,287,0,0,0,1
443351228,220624,204033,216435,182465,835016,760173,177396,232686,171787,210787,210015,200479,223780,148130,200880,194446,134733,228520,235071,161137,127032,183666,255457,-8388607,0,2665,2663,2667,750,2480,-10110976,1,1,14,1,287,0,0,0,1
443351229,234564,207042,215096,179356,833082,760008,177862,233484,172453,211500,210418,201018,223170,147640,200749,193754,135054,228575,235244,161281,176958,203276,255408,-8388607,0,2666,2661,2662,754,2476,-10110976,1,1,14,1,287,0,0,0,1
443351230,251736,211585,214425,176552,831583,759653,178243,233917,173039,211418,210578,201160,222699,147180,200379,193692,135119,228450,235394,161191,231317,225183,255369,-8388607,0,2658,2667,2661,757,2479,-10110976,1,1,14,1,287,0,0,0,1
443351231,271293,217342,215276,174244,829964,759146,178737,234251,173453,211661,211084,201241,222692,146988,200313,193540,135177,228405,235299,161138,288942,248060,255497,-8388607,0,2660,2662,2664,753,2484,-10110976,1,1,14,1,287,0,0,0,1
443351232,292293,223726,217072,173348,828111,757802,179357,234607,173160,212114,210605,201289,222641,146926,200085,193190,135096,228353,235311,161116,349736,271800,255399,-8388607,0,2663,2661,2666,756,2478,-10110976,1,1,14,1,287,0,0,0,1
443351233,313658,231266,219459,174258,826040,756398,179922,234942,173010,211956,210466,201096,222796,147169,200232,193212,134871,228291,235179,161013,412712,295413,255477,-8388607,0,2663,2664,2659,760,2478,-10110976,1,1,14,1,287,0,0,0,1
443351234,334153,241152,222607,176863,823810,754974,180335,235164,172626,211669,209845,200748,223230,147684,200543,193599,134690,228145,235015,160920,476503,317727,255381,-8388607,0,2661,2665,2666,754,2482,-10110976,1,1,14,1,287,0,0,0,1
443351235,353099,254787,225720,179185,821827,753802,180697,235547,172040,211130,209504,200520,223725,148263,200739,193943,134408,228096,234712,160980,540972,340800,255375,-8388607,0,2661,2664,2665,755,2477,-10110976,1,1,14,1,287,0,0,0,1
443351236,371192,272841,227318,179525,820449,753064,180466,235929,171398,210698,209505,200307,224123,148661,201260,194402,133959,227907,234779,160888,606036,363874,255533,-8388607,0,2660,2665,2662,756,2475,-10110976,1,1,14,1,287,0,0,0,1
443351237,390286,294785,224396,177894,819690,752933,180127,236062,171151,209907,209331,200035,224565,149156,201444,194874,133882,227759,234610,160767,671944,387355,255477,-8388607,0,2659,2665,2664,756,2480,-10110976,1,1,14,1,287,0,0,0,1
443351238,412200,319365,217809,175886,819470,753161,180177,236399,170691,209492,209196,199909,224929,149486,201856,195038,133753,227623,234583,160733,740082,412418,255323,-8388607,0,2665,2664,2666,752,2479,-10110976,1,1,14,1,287,0,0,0,1
443351239,437310,346074,210512,174613,819802,753222,180847,236840,170932,209699,209497,199911,224925,149722,202119,195411,133763,227472,234546,160702,810829,439459,255403,-8388607,0,2665,2666,2666,753,2473,-10110976,1,1,14,1,287,0,0,0,1
443351240,464971,373307,205925,174066,820382,753200,181714,237580,171288,209876,209500,199996,224979,149763,201881,195315,134163,227733,234824,160669,883808,467684,255437,-8388607,0,2660,2668,2659,753,2477,-10110976,1,1,14,1,287,0,0,0,1
443351241,493571,399504,205674,174038,821078,752753,182847,238478,171453,210476,209484,200276,224624,149445,201888,194991,134407,227901,234759,160842,955951,494549,255347,-8388607,0,2659,2663,2661,749,2479,-10110976,1,1,14,1,287,0,0,0,1
443351242,522546,424130,210062,175209,821801,752711,184439,239448,171930,210967,209445,200476,224410,148834,201402,194471,134431,228038,234755,160940,1027837,520915,255267,-8388607,0,2662,2662,2666,756,2477,-10110976,1,1,14,1,287,0,0,0,1
443351243,551455,446316,217208,178411,822682,753449,185608,240400,172474,211567,209676,200842,224077,148512,201098,194364,134792,228511,235189,161035,1101614,547486,255391,-8388607,0,2663,2664,2658,757,2478,-10110976,1,1,14,1,287,0,0,0,1
443351244,580021,466406,224060,182931,823649,753749,185880,240885,172604,211779,210008,200874,223775,147693,200804,193842,134900,228554,234952,161074,1177383,574624,255371,-8388607,0,2661,2666,2669,754,2481,-10110976,1,1,14,1,287,0,0,0,1
443351245,607404,485671,228634,187520,824764,754565,185985,241622,172759,211636,210173,201008,223247,147582,200639,193383,134949,228507,235082,161265,1254877,602212,255335,-8388607,0,2664,2663,2661,754,2477,-10110976,1,1,14,1,287,0,0,0,1
443351246,632778,505821,229510,189383,825683,755407,186090,241769,172768,211622,210403,201176,222967,147370,200499,193538,134997,228615,235286,161165,1331933,629112,255380,-8388607,0,2658,2668,2663,758,2477,-10110976,1,1,14,1,287,0,0,0,1
443351247,656108,527125,227021,188079,826351,755988,186255,242132,172693,211373,210719,201047,222857,147178,200331,193515,134918,228349,235277,161292,1408380,655729,255445,-8388607,0,2661,2666,2667,753,2480,-10110976,1,1,14,1,287,0,0,0,1
443351248,678054,548780,221719,184534,826807,755972,186500,242463,172350,211164,210412,200902,223098,147417,200348,193659,134718,228193,235271,161222,1485716,684047,255536,-8388607,0,2664,2661,2666,754,2477,-10110976,1,1,14,1,287,0,0,0,1
443351249,700063,569364,214315,180426,827301,755319,187273,242844,172012,210846,210155,200912,223141,147714,200327,193715,134672,228106,235187,161303,1564300,712921,255364,-8388607,0,2666,2665,2662,757,2475,-10110976,1,1,14,1,287,0,0,0,1
443351250,722692,587265,206857,176338,827932,754944,188560,243568,171860,210627,209826,200406,223361,148090,200588,194157,134435,228168,235067,161184,1642620,741047,255416,-8388607,0,2661,2668,2663,754,2479,-10110976,1,1,14,1,287,0,0,0,1
443351251,745197,603033,202868,172949,828703,754826,189474,244017,171589,210579,209277,200249,223998,148498,201003,194387,134352,227981,234862,160983,1720839,768739,255480,-8388607,0,2661,2663,2666,749,2479,-10110976,1,1,14,1,287,0,0,0,1
443351252,767855,617248,203440,171502,829541,755346,190191,244823,171311,210606,209119,199916,224229,148765,201229,194308,134239,227848,234660,160826,1797404,795199,255341,-8388607,0,2668,2662,2662,755,2477,-10110976,1,1,14,1,287,0,0,0,1
443351253,791170,631751,208138,171675,830500,756088,190785,245602,171368,210510,209132,199930,224617,148995,201477,194577,134066,227829,234554,160837,1872321,821176,255457,-8388607,0,2663,2667,2659,755,2478,-10110976,1,1,14,1,287,0,0,0,1
443351254,815891,647308,213863,173762,831386,757002,191313,246481,171393,210485,209214,200068,224759,149181,201602,194944,134026,227788,234668,160721,1946079,847098,255552,-8388607,0,2663,2663,2665,751,2479,-10110976,1,1,14,1,287,0,0,0,1
443351255,841731,664968,217507,176837,831948,757375,191636,247041,171650,210637,209524,200167,224835,148931,201631,194952,134099,227742,234716,160770,2017959,872633,255447,-8388607,0,2661,2661,2667,756,2478,-10110976,1,1,14,1,287,0,0,0,1
443351256,868313,685777,218118,179782,832223,757365,192209,247968,171854,210604,209902,200524,224571,149073,201706,194793,134367,227968,234900,160952,2088861,898850,255373,-8388607,0,2659,2667,2661,759,2477,-10110976,1,1,14,1,287,0,0,0,1
443351257,895040,709377,216598,181931,831958,757130,192919,248426,171951,210867,210192,200688,224339,149029,201504,194839,134404,228048,234790,160832,2158550,926317,255325,-8388607,0,2657,2665,2664,755,2482,-10110976,1,1,14,1,287,0,0,0,1
443351258,919739,733920,213934,182766,831766,756715,193725,248729,172506,211154,210488,200841,224139,148559,201176,194567,134556,228267,234937,160989,2224830,953008,255376,-8388607,0,2665,2664,2668,755,2478,-10110976,1,1,14,1,287,0,0,0,1
443351259,941539,756707,210681,183069,830970,755643,194160,249140,172505,211353,210306,200532,223868,148296,200683,194214,134700,228222,234754,160916,2285798,975967,255428,-8388607,0,2663,2666,2660,760,2475,-10110976,1,1,14,1,287,0,0,0,1
443351260,961079,775986,209029,184621,830050,754897,194501,249460,172762,211589,210279,200708,223656,148152,200655,193955,134731,228272,234939,161202,2343203,996784,255241,-8388607,0,2661,2669,2666,755,2481,-10110976,1,1,14,1,287,0,0,0,1
443351261,977838,789602,209897,186970,828586,753932,194163,249385,172565,211742,210193,200941,223585,147820,200539,193852,134745,228254,235099,161046,2396832,1016482,255343,-8388607,0,2661,2661,2666,750,2477,-10110976,1,1,14,1,287,0,0,0,1
443351262,992287,799950,212324,189253,826681,752889,194012,249669,172592,211542,210027,201088,223164,147622,200511,193557,134633,228204,235199,161137,2444119,1033424,255455,-8388607,0,2663,2664,2666,757,2473,-10110976,1,1,14,1,287,0,0,0,1
443351263,1004381,808824,214765,189162,824583,752005,194182,250340,172390,211423,210023,200915,223353,147660,200539,193511,134720,228294,235013,161248,2482016,1046404,255337,-8388607,0,2658,2668,2659,754,2480,-10110976,1,1,14,1,287,0,0,0,1
443351264,1015005,818171,215665,186858,822658,750655,194451,250959,172149,210849,209977,200817,223225,147676,200567,193713,134693,228286,235044,161126,2507243,1055639,255360,-8388607,0,2663,2662,2664,751,2479,-10110976,1,1,14,1,287,0,0,0,1
443351265,1025849,830021,213228,183433,820973,749206,195369,251797,171825,210463,209929,200326,223536,147715,200836,193918,134681,228184,235133,161185,2521310,1062305,255482,-8388607,0,2665,2662,2666,755,2477,-10110976,1,1,14,1,287,0,0,0,1
443351266,1036687,845245,208506,180353,819089,747979,196303,252408,171401,210220,209515,200039,223665,147949,201002,194296,134483,228217,234997,160975,2525804,1066982,255467,-8388607,0,2660,2667,2661,756,2479,-10110976,1,1,14,1,287,0,0,0,1
443351267,1046593,862864,203530,178373,817588,746977,197215,253442,171430,210172,209433,199853,223883,148478,201206,194589,134541,228229,234920,160939,2519255,1067636,255532,-8388607,0,2661,2664,2663,754,2482,-10110976,1,1,14,1,287,0,0,0,1
443351268,1055476,881460,200114,178383,816141,745534,198388,254124,171335,210134,209316,199913,224032,148757,201512,194798,134376,228083,234849,160743,2502099,1064365,255384,-8388607,0,2663,2662,2666,756,2478,-10110976,1,1,14,1,287,0,0,0,1
443351269,1063867,899966,199001,181579,814069,743886,199071,254938,171276,210417,209050,200021,224480,148991,201240,194718,134267,228003,234614,160792,2474679,1057997,255360,-8388607,0,2665,2665,2662,757,2478,-10110976,1,1,14,1,287,0,0,0,1
443351270,1071907,916971,201263,187222,811613,742203,199666,255543,171309,210460,208964,200103,224440,149101,201374,194685,134235,227659,234816,160764,2438142,1046804,255319,-8388607,0,2661,2667,2661,753,2480,-10110976,1,1,14,1,287,0,0,0,1
443351271,1079295,932530,206149,192900,808963,740645,200269,256172,171432,210600,209240,200141,224598,149206,201377,194549,134181,227848,234929,160978,2393454,1031979,255326,-8388607,0,2661,2661,2668,755,2478,-10110976,1,1,14,1,287,0,0,0,1
443351272,1086242,946993,211958,196837,806503,738897,200344,256733,171735,210838,209628,200396,224526,149014,201331,194426,134316,228129,234955,161096,2341578,1012684,255496,-8388607,0,2661,2666,2664,757,2474,-10110976,1,1,14,1,287,0,0,0,1
443351273,1092878,960844,216563,199038,804336,737152,199836,256595,172317,211074,210175,200702,224296,148634,201396,194693,134308,228026,234901,161012,2284718,991026,255389,-8388607,0,2661,2666,2662,754,2479,-10110976,1,1,14,1,287,0,0,0,1
443351274,1099524,974652,218452,199551,802351,735520,199437,256453,172511,211257,210448,200977,223914,148365,200998,194206,134326,228141,234814,160996,2225367,969906,255452,-8388607,0,2663,2663,2668,751,2478,-10110976,1,1,14,1,287,0,0,0,1
443351275,1104793,988422,217006,198492,801152,733984,199246,255847,173056,211502,210749,201274,223532,147991,200954,194126,134444,228220,234791,160823,2163175,947971,255467,-8388607,0,2668,2666,2662,756,2476,-10110976,1,1,14,1,287,0,0,0,1
443351276,1106529,1002411,212967,196173,800398,732557,199123,255414,173268,211866,211042,201435,223554,147829,200715,194150,134506,228177,234693,160742,2096379,923949,255461,-8388607,0,2663,2666,2662,754,2479,-10110976,1,1,14,1,287,0,0,0,1
443351277,1106210,1015686,208080,193984,799910,731131,199728,255711,173102,211853,211015,201330,223279,147897,200400,193851,134572,228129,234821,160918,2026806,898320,255511,-8388607,0,2662,2663,2663,751,2484,-10110976,1,1,14,1,287,0,0,0,1
443351278,1105112,1027223,203619,192150,799751,730081,200732,256657,172887,211795,210643,201311,223387,148058,200557,193871,134739,228228,234762,160884,1956168,872782,255363,-8388607,0,2661,2661,2666,756,2476,-10110976,1,1,14,1,287,0,0,0,1
443351279,1104847,1036984,201469,191633,799745,729545,202204,257895,172473,211664,210250,201123,223608,148048,200668,193726,134677,228269,234882,160991,1883830,846283,255370,-8388607,0,2661,2666,2659,758,2479,-10110976,1,1,14,1,287,0,0,0,1
443351280,1105525,1045722,202086,191955,800645,729552,203278,259201,172216,211197,209783,200561,223433,148160,200774,193866,134623,228157,234932,161161,1809981,818889,255280,-8388607,0,2661,2663,2666,756,2481,-10110976,1,1,14,1,287,0,0,0,1
443351281,1107778,1054669,205314,192575,802148,730034,204202,260574,171634,210613,209328,200157,224071,148494,201217,194271,134560,228149,235031,160851,1735052,791378,255321,-8388607,0,2665,2665,2666,756,2477,-10110976,1,1,14,1,287,0,0,0,1
443351282,1111689,1064759,209867,194133,803974,731138,204828,261371,171065,210002,208896,199791,224320,148540,201364,194510,134438,228244,234807,160947,1659504,763841,255368,-8388607,0,2660,2661,2664,759,2477,-10110976,1,1,14,1,287,0,0,0,1
443351283,1116711,1076244,214024,196940,806264,732195,205468,262163,170852,209727,208893,199703,224383,148794,201632,194747,134537,228332,235047,161055,1584591,738331,255455,-8388607,0,2660,2666,2662,754,2481,-10110976,1,1,14,1,287,0,0,0,1
443351284,1121511,1088653,216200,200214,807967,732750,205967,262920,170749,209524,208850,199294,224486,149022,201623,194892,134406,228207,234905,161037,1509080,712526,255360,-8388607,0,2661,2664,2670,749,2477,-10110976,1,1,14,1,287,0,0,0,1
443351285,1124647,1100861,216824,202933,809584,733040,207067,263464,170663,209471,209069,199514,224447,149010,201599,195150,134441,228256,234913,161119,1432668,686136,255290,-8388607,0,2666,2661,2663,754,2473,-10110976,1,1,14,1,287,0,0,0,1
443351286,1126080,1110687,216381,205295,810452,733049,208047,264046,170728,209662,209057,199659,224336,148997,201458,194832,134742,228222,235098,161018,1357639,660369,255472,-8388607,0,2661,2669,2664,753,2481,-10110976,1,1,14,1,287,0,0,0,1
443351287,1126019,1116194,215460,207416,810914,732986,208808,264373,171196,210189,209129,199846,223966,148920,200905,194472,134600,227961,235280,161074,1282518,634155,255458,-8388607,0,2663,2662,2663,751,2478,-10110976,1,1,14,1,287,0,0,0,1
443351288,1124438,1116841,215152,208935,811688,733525,209212,264732,171750,210966,209474,200402,223873,148632,200650,194082,134532,227798,235210,161096,1206858,606858,255355,-8388607,0,2663,2662,2664,756,2476,-10110976,1,1,14,1,287,0,0,0,1
443351289,1121545,1113777,216147,208458,812438,734286,209087,264844,172318,211589,209998,201016,223685,148216,200445,193693,134526,228009,234942,161028,1130768,578471,255393,-8388607,0,2662,2669,2661,756,2476,-10110976,1,1,14,1,287,0,0,0,1
443351290,1118421,1109037,218128,206158,813334,735778,208750,264840,173026,212159,210688,201441,223338,147729,200292,193547,134566,228040,234867,160937,1054521,549858,255390,-8388607,0,2664,2664,2663,754,2484,-10110976,1,1,14,1,287,0,0,0,1
443351291,1116044,1104269,219305,203294,814374,737361,208631,265183,173634,212367,211117,201737,223138,147190,200423,193509,134577,228131,234834,161036,979591,522493,255439,-8388607,0,2663,2663,2666,755,2478,-10110976,1,1,14,1,287,0,0,0,1
443351292,1114998,1100608,218221,200328,815360,738941,209184,266011,173729,212271,211278,201751,223126,147238,200332,193622,134292,228336,234587,160995,906535,496556,255488,-8388607,0,2661,2663,2662,760,2478,-10110976,1,1,14,1,287,0,0,0,1
443351293,1113915,1099537,215911,198796,816216,740150,210549,267451,173718,211964,211138,201338,223050,147400,200443,193869,134203,228175,234302,160803,834176,471192,255428,-8388607,0,2657,2667,2663,754,2482,-10110976,1,1,14,1,287,0,1,0,37
443351294,1111917,1100397,214036,199391,816914,740933,212062,268498,173289,211732,210655,200850,223293,147571,200802,194030,134335,227906,234294,160570,762068,445652,255440,-8388607,0,2663,2664,2664,756,2478,-10110976,1,1,14,1,287,0,1,0,37
443351295,1109339,1101445,213954,202180,817403,741636,213559,269718,172622,211201,210018,200615,223778,148386,201112,194365,134197,227918,234510,160447,691348,420503,255429,-8388607,0,2668,2665,2662,760,2475,-10110976,1,1,14,1,287,0,1,0,37
443351296,1106869,1100232,215945,207182,817880,742470,214872,270875,171740,210696,209471,200382,224002,148879,201050,194663,134156,227672,234777,160640,621929,395661,255535,-8388607,0,2664,2668,2663,755,2477,-10110976,1,1,14,1,287,0,1,0,37
443351297,1104112,1097034,219821,212201,817760,742947,215364,271724,170963,210338,208953,200040,224410,149043,201301,194744,134213,227636,234864,160932,553753,370017,255550,-8388607,0,2663,2663,2666,752,2478,-10110976,1,1,14,1,287,0,1,0,37
443351298,1100913,1091975,225247,215656,816950,743633,215316,272336,170745,210074,208632,200127,224951,149659,201415,194885,134225,227840,235174,160980,487796,345024,255623,-8388607,0,2664,2663,2662,756,2477,-10110976,1,1,14,1,287,0,1,0,37
443351299,1097584,1085814,229935,217225,815702,743931,215049,272707,170325,209930,208816,199953,225090,149624,201611,195054,134357,228127,235300,161347,424898,321187,255609,-8388607,0,2660,2665,2659,759,2477,-10110976,1,1,14,1,287,0,1,0,37
443351300,1093790,1079267,232079,216853,814194,743545,214628,273243,170603,209522,208969,199743,224899,149338,201628,194783,134515,228383,235281,161423,365238,298124,255525,-8388607,0,2663,2669,2666,751,2481,-10110976,1,1,14,1,287,0,1,0,37
443351301,1088166,1072576,231370,215361,811912,742423,214518,273461,171021,209733,209117,199549,224563,149030,201699,194720,134627,228608,235104,161407,308432,276320,255536,-8388607,0,2668,2659,2664,756,2478,-10110976,1,1,14,1,287,0,1,0,37
443351302,1080157,1066012,228972,213348,809673,741126,214744,273867,171783,210294,209578,199796,224225,148554,201385,194543,134927,228708,235155,161416,254114,254200,255563,-8388607,0,2659,2663,2662,762,2477,-10110976,1,1,14,1,287,0,1,0,37
443351303,1069771,1059481,226186,211885,807597,739453,215251,273905,172618,210914,210107,200363,223591,148081,201140,194639,135306,228790,235209,161309,203047,233085,255671,-8388607,0,2658,2661,2665,751,2481,-10110976,1,1,14,1,287,0,1,0,37
443351304,1058274,1052195,223605,211914,805839,738173,215840,274275,173027,211562,210506,200877,223092,147525,200853,194233,135319,228644,235393,161183,155947,212879,255530,-8388607,0,2664,2665,2668,753,2475,-10110976,1,1,14,1,287,0,1,0,37
443351305,1047396,1044049,222117,212288,804647,737184,216436,274533,173358,212344,210774,201644,222871,147538,200472,193787,135213,228403,235292,161037,113382,193954,255551,-8388607,0,2661,2664,2660,759,2478,-10110976,1,1,14,1,287,0,1,0,37
443351306,1038209,1036060,223114,212329,803430,736803,216784,275144,173404,212796,210846,201997,222660,147216,200338,193227,135131,228287,235449,161068,76481,177185,255663,-8388607,0,2661,2664,2662,754,2480,-10110976,1,1,14,1,287,0,1,0,37
443351307,1031375,1029434,225670,212165,802105,736342,217493,276110,173252,212549,210732,201915,222957,147409,200339,193256,134740,227928,235026,161088,45736,162870,255529,-8388607,0,2663,2662,2666,752,2485,-10110976,1,1,14,1,287,0,1,0,37
443351308,1027027,1024606,228983,212451,800653,735550,218284,277376,172874,212198,210384,201551,223267,147670,200340,193589,134451,227944,234752,160727,22066,151707,255544,-8388607,0,2665,2661,2664,756,2473,-10110976,1,1,14,1,287,0,1,0,37
443351309,1024572,1022096,232238,213512,798988,734344,219081,278873,172420,211623,210244,201112,223570,147908,200502,193956,134083,227854,234539,160664,5719,143565,255489,-8388607,0,2661,2666,2658,756,2480,-10110976,1,1,14,1,287,0,1,0,37
443351310,1022542,1021620,234547,215730,797398,733203,219873,279822,172155,210607,209798,200362,223906,148274,200946,194360,133726,227695,234265,160674,-5320,137523,255546,-8388607,0,2663,2663,2667,749,2481,-10110976,1,1,14,1,287,0,1,0,37
443351311,1019721,1022796,235827,218691,796206,731714,220698,280466,171826,209982,209686,199836,224477,149007,201665,194866,133808,227744,234376,160693,-10331,134995,255665,-8388607,0,2668,2663,2659,757,2476,-10110976,1,1,14,1,287,0,1,0,37
443351312,1016230,1023432,236021,221537,794955,730018,220794,280523,171187,209565,209350,199601,224722,149344,201845,195039,133664,227472,234346,160708,-11177,134909,255683,-8388607,0,2663,2667,2659,757,2477,-10110976,1,1,14,1,287,0,1,0,37
443351313,1012560,1023105,235793,223847,794068,728307,220977,280651,170774,209566,209144,199611,224786,149531,201986,195561,133839,227518,234680,160852,-11821,134590,255768,-8388607,0,2661,2666,2663,753,2482,-10110976,1,1,14,1,287,0,1,0,37
443351314,1008859,1021448,235590,224251,793169,726799,220922,280283,170670,209674,208803,199533,224853,149538,201670,195159,134100,227542,234927,160783,-12240,133857,255586,-8388607,0,2661,2662,2667,756,2478,-10110976,1,1,14,1,287,0,1,0,37
443351315,1005623,1018842,236141,222777,792023,725193,220649,280522,170733,210024,208895,200048,224816,149347,201444,194910,134340,227798,235235,160963,-12828,133073,255449,-8388607,0,2659,2664,2660,757,2477,-10110976,1,1,14,1,287,0,1,0,37
443351316,1003878,1015975,237109,220498,790757,723769,220551,280820,171117,210696,209064,200453,224467,149150,201320,194462,134797,228098,235326,161087,-13001,132703,255575,-8388607,0,2659,2666,2663,754,2481,-10110976,1,1,14,1,287,0,1,0,37
443351317,1003433,1013676,237676,218681,789736,722085,220757,281290,171756,211347,209878,201072,224055,148523,201070,194046,134990,228538,235433,161332,-12550,132952,255635,-8388607,0,2666,2661,2670,754,2477,-10110976,1,1,14,1,287,0,1,0,37
443351318,1003082,1012946,237986,217409,788925,720690,221179,281883,172509,211660,210668,201354,223657,147782,200671,193797,135058,228508,235377,161633,-12333,132771,255588,-8388607,0,2662,2665,2664,758,2473,-10110976,1,1,14,1,287,0,1,0,37
443351319,1002076,1013952,238208,217349,788532,719525,222011,282675,173253,211882,211194,201493,223191,147484,200516,193650,135329,228885,235269,161591,-12715,132291,255637,-8388607,0,2662,2668,2662,754,2481,-10110976,1,1,14,1,287,0,1,0,37
443351320,1001269,1016460,238219,218975,788770,718843,222769,283237,173749,211776,211306,201412,222778,147062,200549,193614,135274,228838,235155,161408,-12894,132172,255664,-8388607,0,2657,2665,2666,751,2477,-10110976,1,1,14,1,287,0,1,0,37
443351321,1001322,1019760,238154,222019,789588,718539,223604,283752,173899,211878,211247,201147,222818,146932,200680,193866,135340,228770,235259,161226,-12554,132835,255632,-8388607,0,2666,2666,2662,757,2477,-10110976,1,1,14,1,287,0,1,0,37
443351322,1002040,1023335,238925,225269,790524,718619,224550,284279,173481,211764,210432,200885,222981,147282,200666,193745,134980,228467,235158,161174,-12051,133581,255477,-8388607,0,2663,2666,2658,755,2479,-10110976,1,1,14,1,287,0,1,0,37
443351323,1003768,1025940,241228,227690,791074,718554,225081,284823,172760,211540,209768,200719,223144,147675,200997,194083,134699,228058,234895,161005,-12318,133539,255709,-8388607,0,2665,2663,2661,750,2479,-10110976,1,1,14,1,287,0,1,0,37
443351324,1006228,1027622,244525,229219,791237,718924,225658,285512,171899,211286,209417,200664,223656,148303,201082,194396,134535,227833,234918,160985,-12030,133612,255653,-8388607,0,2664,2661,2665,754,2477,-10110976,1,1,14,1,287,0,0,0,1
443351325,1008778,1027882,247389,229914,791411,719053,226327,286572,170900,210663,209285,200548,224494,148861,201096,194506,134208,227689,234779,160658,-11550,134157,255595,-8388607,0,2661,2666,2659,758,2479,-10110976,1,1,14,1,287,0,0,0,1
443351326,1010257,1027336,249196,229882,791490,719319,226798,287707,170429,210023,209108,200460,224462,149118,201259,194430,133924,227519,234580,160616,-10925,134371,255700,-8388607,0,2661,2664,2664,754,2484,-10110976,1,1,14,1,287,0,0,0,1
443351327,1009283,1026494,249192,229688,791853,719835,227236,288300,170174,209608,209173,200198,224947,149454,201492,194769,133724,227645,234578,160788,-11094,134275,255570,-8388607,0,2663,2659,2664,755,2478,-10110976,1,1,14,1,287,0,0,0,1
443351328,1006370,1025467,247640,229473,792543,720529,227718,288869,170550,209327,209269,199904,224995,149426,201585,194636,133748,227817,234428,160905,-11791,133269,255713,-8388607,0,2665,2664,2662,757,2475,-10110976,1,1,14,1,287,0,0,0,1
443351329,1002797,1023979,245166,229434,793609,721335,228364,289257,171218,209641,209310,199657,224665,149337,201647,194790,133896,227854,234498,160956,-12072,132939,255604,-8388607,0,2659,2668,2665,752,2481,-10110976,1,1,14,1,287,0,0,0,1
443351330,999607,1022366,243171,229838,794496,722017,228829,289648,171828,210266,209413,199600,224404,148735,201501,194768,134200,227907,234718,161039,-12024,132800,255627,-8388607,0,2661,2662,2666,755,2477,-10110976,1,1,14,1,287,0,0,0,1
443351331,997009,1020710,242779,229982,795240,722748,229615,290087,172399,210965,209530,199680,223715,148407,201257,194702,134508,228031,234876,160966,-12690,132149,255729,-8388607,0,2664,2663,2662,757,2471,-10110976,1,1,14,1,287,0,0,0,1
443351332,995513,1018871,243617,230050,795855,723307,230239,290749,172855,211744,210101,200467,223356,148021,201030,194476,134777,228191,235149,160894,-12557,132052,255650,-8388607,0,2659,2668,2666,755,2482,-10110976,1,1,14,1,287,0,0,0,1
443351333,995224,1016974,245650,230596,796057,723958,230932,291814,172944,212214,210413,201254,223000,147607,200802,194003,134921,228156,235204,160758,-12430,132176,255569,-8388607,0,2663,2663,2665,754,2482,-10110976,1,1,14,1,287,0,0,0,1
443351334,994915,1015074,248086,231642,796325,725062,231485,293092,173112,212288,210819,201883,222925,147492,200529,193478,135076,228294,235258,160970,-12027,132626,255629,-8388607,0,2670,2666,2662,755,2475,-10110976,1,1,14,1,287,0,0,0,1
443351335,994068,1013096,250551,233060,796389,726641,232330,294258,172965,211989,210922,201829,223248,147524,200236,193371,135184,228510,235180,161005,-11403,133257,255712,-8388607,0,2661,2665,2659,758,2479,-10110976,1,1,14,1,287,0,0,0,1
443351336,992324,1011546,252407,235191,796765,727810,232685,294995,172722,211650,210759,201760,223383,147436,200065,193237,134834,228428,234919,160959,-11514,133227,255666,-8388607,0,2660,2662,2663,755,2484,-10110976,1,1,14,1,287,0,0,0,1
443351337,989008,1009951,253312,237535,796792,729023,233044,295366,172565,211136,210223,201042,223607,147796,200605,193568,134536,228384,234989,161033,-11849,132876,255666,-8388607,0,2664,2663,2663,756,2478,-10110976,1,1,14,1,287,0,0,0,1
443351338,984928,1007897,253566,239433,796731,729878,233184,295991,172449,210856,210039,200396,223853,148110,200854,193919,134324,228174,234974,160943,-11250,133306,255676,-8388607,0,2665,2666,2663,758,2479,-10110976,1,1,14,1,287,0,0,0,1
443351339,980374,1005203,253097,240459,796331,730690,234005,296688,172085,210462,209350,199788,223945,148252,201305,194335,134225,228018,234774,161017,-11388,133316,255688,-8388607,0,2659,2676,2664,756,2481,-10110976,1,1,14,1,287,0,0,0,1
443351340,975294,1001318,252473,240037,795535,730993,234480,297429,171483,210139,209215,199736,223998,148937,201358,194874,134071,227808,234778,160965,-11824,132845,255667,-8388607,0,2661,2659,2666,756,2477,-10110976,1,1,14,1,287,0,0,0,1
443351341,970459,996088,252165,238115,794611,730817,235512,298512,171417,210027,209067,199814,224502,149075,201676,195127,134312,227767,234879,161034,-11749,132805,255728,-8388607,0,2672,2668,2664,757,2475,-10110976,1,1,14,1,287,0,0,0,1
443351342,965909,990103,252000,236035,793632,730833,236059,299339,171049,210055,209135,200030,224373,149136,201796,195245,134244,227809,234896,160769,-11903,132279,255761,-8388607,0,2661,2666,2662,754,2480,-10110976,1,1,14,1,287,0,0,0,1
443351343,961497,984345,252162,234646,792716,730797,236442,300106,170668,210072,209302,200194,224318,149308,201550,195086,134298,227752,234988,160733,-11961,131959,255634,-8388607,0,2665,2664,2666,750,2476,-10110976,1,1,14,1,287,0,0,0,1
443351344,957039,979476,252852,234412,792075,730780,236872,300820,170797,210241,209390,200424,224495,149315,201559,194627,134595,227945,234980,160656,-12136,131568,255638,-8388607,0,2666,2667,2661,754,2477,-10110976,1,1,14,1,287,0,0,0,1
443351345,952699,975960,253741,235342,791363,730456,237058,301003,171517,210754,209763,200749,224309,148923,201357,194342,134570,228109,234937,160968,-12486,130784,255737,-8388607,0,2658,2668,2661,755,2481,-10110976,1,1,14,1,287,0,0,0,1
443351346,949007,973865,254282,237011,790230,729698,237390,301509,172118,211139,210119,200723,224425,148290,200844,193988,134651,228329,234891,161078,-12897,130681,255610,-8388607,0,2661,2662,2664,751,2482,-10110976,1,1,14,1,287,0,0,0,1
443351347,946602,972806,254979,238940,788815,728814,237796,301858,173087,211741,210510,201011,223804,148167,200961,194108,134658,228309,235033,161129,-12278,131335,255695,-8388607,0,2668,2659,2662,756,2476,-10110976,1,1,14,1,287,0,0,0,1
443351348,945191,972692,255846,240804,787352,727540,238348,302633,173450,212038,210620,200890,223588,147864,200927,194055,134776,228486,235044,161203,-11847,132020,255749,-8388607,0,2662,2667,2662,756,2477,-10110976,1,1,14,1,287,0,0,0,1
443351349,943899,972079,256552,241860,785892,725912,238573,303528,173659,211957,210374,200883,223078,147718,200892,193942,134732,228241,234867,160945,-11827,132205,255674,-8388607,0,2661,2664,2664,754,2482,-10110976,1,1,14,1,287,0,0,0,1
443351350,942683,970872,257911,242781,784525,724662,238991,304484,173372,211817,210419,201054,223138,147540,200746,194102,134708,228165,234986,161015,-11481,132878,255826,-8388607,0,2665,2659,2666,756,2478,-10110976,1,1,14,1,287,0,0,0,1
443351351,941565,968889,259592,243352,783359,723233,239343,304863,172796,211530,210375,200990,223149,147657,200431,193992,134533,227989,234900,160912,-11097,133021,255691,-8388607,0,2659,2663,2662,757,2479,-10110976,1,1,14,1,287,0,0,0,1
443351352,939975,966327,260987,243918,782444,721779,239369,305209,172305,211144,210236,200968,223243,147880,200587,194037,134682,228010,234823,160883,-11272,132595,255832,-8388607,0,2657,2668,2664,753,2481,-10110976,1,1,14,1,287,0,0,0,1
443351353,937567,963880,261565,244070,781752,720461,239546,305474,171624,210711,210010,200958,223765,148356,200760,194211,134266,227835,234821,160850,-11684,131967,255668,-8388607,0,2663,2666,2668,754,2478,-10110976,1,1,14,1,287,0,0,0,1
443351354,934937,962097,261203,244093,780946,718978,239848,305933,171384,210321,209384,200667,224159,148576,200790,194127,134102,227854,234866,160651,-12281,130996,255818,-8388607,0,2668,2665,2658,760,2475,-10110976,1,1,14,1,287,0,0,0,1
443351355,932471,960990,260137,243732,780151,717621,240837,306417,171235,210119,209455,200572,224335,148931,201199,194145,134341,227923,234853,160804,-12339,130829,255750,-8388607,0,2666,2670,2662,754,2479,-10110976,1,1,14,1,287,0,0,0,1
443351356,930853,960914,258446,243483,779139,716053,241555,307239,171209,210250,209160,200074,224454,148809,201411,194389,134429,228010,234999,161045,-12165,131014,255756,-8388607,0,2661,2666,2666,753,2479,-10110976,1,1,14,1,287,0,0,0,1
443351357,930485,961360,257800,243690,777877,714347,242484,308324,171574,210121,209181,199644,224568,149013,201534,194636,134413,228212,235096,161194,-12395,131108,255825,-8388607,0,2663,2662,2666,754,2476,-10110976,1,1,14,1,287,0,0,0,1
443351358,931260,962233,258517,243832,776301,712636,242940,308941,171586,210287,208939,199627,224494,148776,201629,194898,134469,228097,234831,161036,-12221,131050,255668,-8388607,0,2663,2669,2659,754,2477,-10110976,1,1,14,1,287,0,0,0,1
443351359,933201,963204,260310,245003,775007,711054,243239,309373,171731,210098,209160,199794,224177,148645,201495,194684,134439,228244,235052,161007,-12028,131282,255748,-8388607,0,2663,2666,2665,753,2483,-10110976,1,1,14,1,287,0,0,0,1
443351360,935715,964489,262881,247200,773520,709300,243261,309699,171884,210556,209607,200201,224105,148719,201555,194763,134695,228386,235201,160931,-11814,131533,255804,-8388607,0,2665,2659,2666,756,2477,-10110976,1,1,14,1,287,0,0,0,1
443351361,938175,966225,265512,249609,772126,707393,243305,309820,172026,210697,210095,200789,223908,148436,201248,194634,135030,228236,235156,161097,-11540,131771,255820,-8388607,0,2662,2667,2664,759,2477,-10110976,1,1,14,1,287,0,0,0,1
443351362,940616,968098,267462,251659,770584,705172,243295,309711,172029,211223,210250,201195,223727,148401,200756,194318,134871,228280,235164,161147,-11722,131486,255801,-8388607,0,2659,2664,2661,749,2481,-10110976,1,1,14,1,287,0,0,0,1
443351363,943020,970393,268762,253212,768995,703273,243565,309869,172243,211569,210440,201584,223711,148458,200613,193938,134630,228339,235057,161024,-11859,131652,255796,-8388607,0,2663,2663,2666,755,2477,-10110976,1,1,14,1,287,0,0,0,1
443351364,945580,972835,269512,254208,767766,701598,243859,310206,172664,211786,210436,201257,223678,148324,200528,193833,134648,228141,234956,160933,-11339,132259,255906,-8388607,0,2665,2665,2661,756,2475,-10110976,1,1,14,1,287,0,0,0,1
443351365,948025,974689,269595,254641,766729,700031,244139,310328,172852,211652,209860,200866,223466,148036,200569,193709,134524,228061,234945,160835,-11112,132420,255817,-8388607,0,2662,2668,2665,753,2485,-10110976,1,1,14,1,287,0,0,0,1
443351366,950057,976143,269620,254786,766253,698982,244479,310564,172907,211453,209981,200759,223548,147886,200635,193777,134289,227971,234679,160827,-11350,132251,255811,-8388607,0,2661,2669,2666,750,2477,-10110976,1,1,14,1,287,0,0,0,1
443351367,951488,977069,269998,254748,766168,698802,244905,311282,172632,211311,209930,200507,223663,147999,200821,194012,134235,227922,234706,160797,-11178,132050,255858,-8388607,0,2663,2664,2662,758,2475,-10110976,1,1,14,1,287,0,0,0,1
443351368,952844,977521,270865,254717,766548,699355,245752,311864,172406,210648,210009,200531,223597,147870,200899,194092,134108,227932,234751,160719,-11481,131980,255797,-8388607,0,2660,2666,2658,754,2480,-10110976,1,1,14,1,287,0,0,0,1
443351369,954184,977608,271512,254876,767157,700178,246490,312926,171959,210553,210057,200654,223642,148232,201138,194254,134198,227694,234746,160676,-11733,131697,255854,-8388607,0,2663,2662,2664,751,2479,-10110976,1,1,14,1,287,0,0,0,1
443351370,955710,977439,272406,255281,768314,701042,247701,314260,171577,210271,209816,200560,223807,148458,201186,194341,134209,227994,234838,160726,-12050,131201,255801,-8388607,0,2668,2659,2664,755,2476,-10110976,1,1,14,1,287,0,0,0,1
443351371,957809,978508,273582,256501,769408,702205,249051,315587,171392,210211,209563,200386,223989,148615,201043,194686,134156,228001,234995,160926,-11905,131207,255927,-8388607,0,2661,2665,2659,755,2479,-10110976,1,1,14,1,287,0,0,0,1
443351372,959750,980467,274971,257793,770324,703336,250301,316874,171180,210610,209336,200239,224149,148776,201098,194584,134415,228030,234997,160914,-11984,131206,255879,-8388607,0,2658,2661,2664,753,2484,-10110976,1,1,14,1,287,0,0,0,1
443351373,962308,983110,276394,259460,771092,704376,251095,317558,171341,210630,209156,200136,224241,148915,201165,194589,134554,228232,234894,160940,-11719,131568,255822,-8388607,0,2661,2664,2665,756,2478,-10110976,1,1,14,1,287,0,0,0,1
443351374,964994,985810,277614,261152,771903,705278,251557,318604,171431,210597,208882,199956,224053,148832,201185,194396,134556,228255,234809,160873,-11368,132025,255845,-8388607,0,2666,2666,2658,760,2478,-10110976,1,1,14,1,287,0,0,0,1
443351375,967434,987696,278854,262490,772544,706320,251901,318902,171812,210596,209333,199906,224214,148773,201340,194486,134606,228285,235001,161090,-11358,132160,255911,-8388607,0,2659,2669,2664,753,2481,-10110976,1,1,14,1,287,0,0,0,1
443351376,968683,989124,279960,263527,772875,707505,252172,319262,171964,210615,209751,200244,224142,148650,201195,194404,134607,228201,235071,161051,-10954,132760,255849,-8388607,0,2666,2666,2664,753,2477,-10110976,1,1,14,1,287,0,0,0,1
443351377,969324,989526,281162,264452,773112,708333,252478,319780,172187,210796,210279,200614,223848,148273,201109,194344,134606,228177,234987,161113,-10865,132946,255868,-8388607,0,2665,2665,2662,760,2475,-10110976,1,1,14,1,287,0,0,0,1
443351378,969194,989220,282071,265251,773286,709318,252776,320475,172507,210951,210358,200767,223586,148051,200978,194293,134658,228132,235090,161188,-11139,132497,255915,-8388607,0,2657,2668,2666,755,2481,-10110976,1,1,14,1,287,0,0,0,1
443351379,968222,988267,282583,265916,773385,710118,253363,321274,172478,211273,210451,201029,223452,148123,200702,194087,134583,228232,235221,161043,-11039,132038,255950,-8388607,0,2664,2663,2665,749,2477,-10110976,1,1,14,1,287,0,0,0,1
443351380,967183,987091,282965,266256,773838,711033,254136,322078,172702,211646,210578,201225,223530,148118,200698,194007,134511,228081,234910,160827,-11606,131600,255836,-8388607,0,2668,2664,2665,755,2475,-10110976,1,1,14,1,287,0,0,0,1
443351381,966002,986416,283174,266126,774160,712101,254897,323092,172474,211418,210098,201034,223356,147831,200569,193825,134445,228161,234886,160858,-11666,131549,255898,-8388607,0,2663,2667,2659,757,2480,-10110976,1,1,14,1,287,0,0,0,1
443351382,964895,985650,282629,266113,774654,713264,256145,324200,172681,211521,210169,201258,223513,148127,200542,194045,134409,228256,234661,160770,-11717,131505,255847,-8388607,0,2663,2664,2665,753,2484,-10110976,1,1,14,1,287,0,0,0,1
443351383,963994,985151,281890,266238,775121,714164,256994,325617,172523,211431,209947,200810,223592,148012,200575,194065,134443,228067,234677,160855,-11811,131282,255874,-8388607,0,2659,2663,2666,756,2477,-10110976,1,1,14,1,287,0,0,0,1
443351384,963302,984614,282152,266828,775053,714670,258204,326750,172213,210917,209848,200728,223834,148212,201038,194096,134455,227999,234877,160841,-11489,131556,255782,-8388607,0,2663,2663,2660,758,2479,-10110976,1,1,14,1,287,0,0,0,1
443351385,963127,984153,283232,267589,774812,714699,259342,328040,171882,210703,209701,200555,223961,148325,201071,194271,134538,227933,234796,161058,-11521,131642,255967,-8388607,0,2661,2664,2664,755,2482,-10110976,1,1,14,1,287,0,0,0,1
443351386,963332,983182,285062,269238,773910,714284,260126,329020,171665,210243,209655,199929,224105,148606,201362,194586,134419,228073,234921,160901,-11618,131341,255940,-8388607,0,2663,2662,2664,755,2478,-10110976,1,1,14,1,287,0,0,0,1
443351387,964416,982345,287009,270634,772636,712940,260476,329459,171334,210067,209370,199921,224332,148764,201389,194783,134438,227991,235101,160914,-11719,131065,255707,-8388607,0,2659,2665,2662,757,2475,-10110976,1,1,14,1,287,0,0,0,1
443351388,965917,981612,288672,272314,770894,711246,260640,329640,171335,210117,209128,199838,224410,148967,201402,194634,134424,228041,234855,160972,-11783,131047,255867,-8388607,0,2657,2666,2662,754,2480,-10110976,1,1,14,1,287,0,0,0,1
443351389,967144,981329,290079,273247,768820,709357,260394,329376,171395,210197,209283,199999,224243,148901,201318,194716,134512,228189,234900,161070,-11520,131439,255832,-8388607,0,2664,2664,2666,754,2480,-10110976,1,1,14,1,287,0,0,0,1
443351390,968631,981375,290910,273760,766723,707216,260021,329127,171572,210698,209461,200255,224296,148925,201163,194493,134652,228312,234871,161067,-11415,131772,255743,-8388607,0,2665,2662,2659,756,2475,-10110976,1,1,14,1,287,0,0,0,1
443351391,970110,981061,291146,273885,764565,704826,259527,328856,171882,210881,209576,200545,224254,148742,201079,194349,134552,228153,234814,161022,-11385,131831,255775,-8388607,0,2662,2670,2662,755,2479,-10110976,1,1,14,1,287,0,0,0,1
443351392,971643,980320,291239,273904,762206,702771,259466,329058,172196,211133,209823,200610,223827,148557,200892,194303,134389,228234,234940,161036,-11296,131773,255772,-8388607,0,2661,2663,2665,749,2482,-10110976,1,1,14,1,287,0,0,0,1
443351393,973062,979356,291959,274256,760084,700410,259566,329254,172584,211156,210316,201158,223764,148280,200995,194106,134568,228103,235057,161089,-11492,131609,255895,-8388607,0,2664,2662,2662,756,2477,-10110976,1,1,14,1,287,0,0,0,1
443351394,974228,978679,293016,274523,758271,698559,259892,329614,172704,211373,210453,200990,223488,147843,200755,193993,134495,228050,235006,160997,-11478,131471,255858,-8388607,0,2658,2665,2662,759,2479,-10110976,1,1,14,1,287,0,0,0,1
443351395,975388,978057,294127,275195,756804,696572,260570,330257,172968,211426,210586,200933,223431,147700,200790,193893,134748,228010,235009,161074,-11836,131148,255895,-8388607,0,2666,2666,2660,754,2484,-10110976,1,1,14,1,287,0,0,0,1
443351396,977318,977752,294908,275570,755458,694849,261151,330806,172963,211519,210333,201280,223274,147657,200738,194033,134527,228103,234877,160804,-12080,130592,255825,-8388607,0,2666,2665,2665,755,2478,-10110976,1,1,14,1,287,0,0,0,1
443351397,980057,978296,296082,276142,754472,693245,261847,331477,172808,211323,210146,201124,223434,147728,200666,193942,134454,228106,234837,160835,-11888,130859,255850,-8388607,0,2666,2666,2662,759,2477,-10110976,1,1,14,1,287,0,0,0,1
443351398,983293,980146,297409,276968,753605,691574,262551,332398,172485,211168,209950,200927,223544,147815,200644,193651,134590,228173,234758,160848,-11770,131062,255804,-8388607,0,2657,2671,2662,754,2481,-10110976,1,1,14,1,287,0,0,0,1
443351399,987011,982378,298815,278004,752627,689972,263116,332968,172165,211057,209671,200667,223741,148017,200689,193964,134300,228137,234839,160819,-11748,131173,255750,-8388607,0,2661,2662,2666,752,2478,-10110976,1,1,14,1,287,0,0,0,1
443351400,990544,985419,300295,279473,751736,688198,263529,333246,171362,210593,209211,200092,224009,148574,200787,194353,134368,228131,234806,160758,-11387,131724,255689,-8388607,0,2664,2668,2664,760,2473,-10110976,1,1,14,1,287,0,0,0,1
443351401,993745,988713,301777,281379,750601,686055,264083,333838,171232,210191,209216,199921,224168,148611,201214,194459,134282,227869,235005,161104,-11117,131918,255777,-8388607,0,2661,2664,2662,754,2479,-10110976,1,1,14,1,287,0,0,0,1
443351402,996426,991825,303536,283074,749364,684207,264427,333769,171060,210151,209037,199809,224137,148908,201256,194587,134428,227922,234952,161115,-11213,132170,255813,-8388607,0,2666,2668,2663,753,2477,-10110976,1,1,14,1,287,0,0,0,1
443351403,998500,994675,305095,284771,748299,682503,264625,333712,171189,209944,209312,199985,224484,149085,201432,194765,134307,227921,235093,160956,-11010,132020,255791,-8388607,0,2668,2666,2663,755,2478,-10110976,1,1,14,1,287,0,0,0,1
443351404,1000030,997059,306331,286235,747629,681085,264589,333997,171176,210142,209377,199988,224424,148846,201288,194791,134502,228059,235076,161057,-11219,131893,255784,-8388607,0,2660,2667,2659,755,2477,-10110976,1,1,14,1,287,0,0,0,1
443351405,1001246,999209,307234,287454,747167,680497,264905,334115,171458,210568,209536,200284,224412,148740,201404,194620,134636,228053,235118,161205,-11165,131872,255851,-8388607,0,2659,2668,2667,751,2481,-10110976,1,1,14,1,287,0,0,0,1
443351406,1001820,1001363,308005,288187,747274,680005,265406,334192,172011,210931,209896,200395,224114,148655,201160,194470,134582,228118,234918,161112,-11186,131741,255799,-8388607,0,2669,2659,2664,756,2478,-10110976,1,1,14,1,287,0,0,0,1
443351407,1002353,1003540,308678,288778,747676,680165,266176,334673,172389,211385,209855,200848,223984,148408,201146,194212,134608,228323,234768,160881,-11072,131833,255854,-8388607,0,2662,2661,2662,758,2477,-10110976,1,1,14,1,287,0,0,0,1
443351408,1002683,1005512,309009,289457,748597,680431,267142,335572,172528,211522,210099,200939,223700,148280,200820,193967,134563,228262,234729,160829,-11370,131482,255857,-8388607,0,2658,2661,2665,751,2481,-10110976,1,1,14,1,287,0,0,0,1
443351409,1002958,1007290,309426,290056,749792,680622,268362,336310,172803,211807,210441,201012,223644,147833,200666,193875,134482,228230,234735,160807,-11463,131255,255881,-8388607,0,2662,2661,2665,755,2478,-10110976,1,1,14,1,287,0,0,0,1
443351410,1003530,1008734,309931,291102,750938,681060,270045,337566,172937,211639,210509,201267,223432,147801,200489,193768,134585,228197,234913,160889,-11200,131679,255804,-8388607,0,2661,2664,2660,758,2475,-10110976,1,1,14,1,287,0,0,0,1
443351411,1004056,1010231,310689,292367,751999,681611,271405,338848,172845,211456,210440,201219,223066,147727,200529,193738,134608,228055,234955,161004,-11194,131720,255780,-8388607,0,2659,2666,2662,755,2482,-10110976,1,1,14,1,287,0,0,0,1
443351412,1004855,1011285,312037,293826,753185,682275,272555,339973,172721,211071,210404,201116,223283,147807,200724,193881,134544,228016,235089,161003,-11364,131555,255737,-8388607,0,2664,2661,2666,751,2478,-10110976,1,1,14,1,287,0,0,0,1
443351413,1005994,1012033,313727,295260,753914,682820,273396,340982,172205,210790,210259,200924,223469,148104,200825,194070,134663,228089,234948,161032,-11560,131403,255777,-8388607,0,2663,2665,2662,755,2475,-10110976,1,1,14,1,287,0,0,0,1
443351414,1008005,1012300,315617,296734,754231,683656,273790,341671,171705,210678,209523,200486,223836,148060,200835,194109,134471,227961,234954,161165,-11430,131496,255884,-8388607,0,2661,2668,2659,753,2481,-10110976,1,1,14,1,287,0,0,0,1
443351415,1009943,1011999,317387,297971,754718,684185,273691,342297,171480,210716,209186,200186,224054,148261,201286,194444,134442,228109,234854,161002,-10889,132260,255812,-8388607,0,2661,2664,2664,751,2478,-10110976,1,1,14,1,287,0,0,0,1
443351416,1011612,1011087,318776,298461,755000,684443,273865,342697,171364,210285,209171,199956,224292,148792,201304,194585,134474,228151,234992,161068,-10771,132341,255923,-8388607,0,2670,2664,2661,757,2477,-10110976,1,1,14,1,287,0,0,0,1
443351417,1012387,1009560,319509,299117,755068,684821,274484,342945,171198,210203,209102,200038,224602,149149,201377,194740,134430,228148,235063,160985,-10832,132314,255972,-8388607,0,2663,2665,2659,758,2479,-10110976,1,1,14,1,287,0,0,0,1
443351418,1012181,1007310,320011,299369,755168,685170,275091,343178,171123,210107,209495,199964,224726,149005,201372,194683,134484,228131,235003,161007,-10732,132286,255776,-8388607,0,2662,2665,2665,754,2482,-10110976,1,1,14,1,287,0,0,0,1
443351419,1011499,1004494,320494,299451,755848,685572,275995,344232,171466,210342,209604,200176,224450,148988,201369,194573,134585,227875,235140,161084,-11042,132346,255971,-8388607,0,2666,2663,2664,753,2480,-10110976,1,1,14,1,287,0,0,0,1
443351420,1010558,1001112,321150,299907,756512,686299,277165,344721,171906,210767,210115,200401,224027,148831,201214,194732,134598,228132,235136,160996,-10877,132170,255852,-8388607,0,2661,2665,2664,760,2477,-10110976,1,1,14,1,287,0,0,0,1
443351421,1009109,997124,321771,299840,756981,687264,278248,345792,172148,211084,210179,200525,223965,148604,201044,194431,134671,228129,235059,160915,-11118,131699,255813,-8388607,0,2659,2668,2661,752,2480,-10110976,1,1,14,1,287,0,0,0,1
443351422,1007533,993009,322330,299932,757622,688463,279039,346660,172597,211379,210119,200817,223796,148093,200958,194278,134596,228165,234784,160931,-11437,131172,255871,-8388607,0,2665,2662,2670,751,2477,-10110976,1,1,14,1,287,0,0,0,1
443351423,1005869,989463,323059,300108,758522,689243,280070,347845,172777,211642,210139,200791,223822,147878,200702,194088,134725,228211,234869,160887,-11215,131559,255985,-8388607,0,2667,2668,2661,751,2475,-10110976,1,1,14,1,287,0,0,0,1
443351424,1004049,985824,323708,300001,759021,689974,281105,348786,172950,211903,210223,201179,223740,147751,200707,193995,134518,228209,234872,160868,-11069,131612,255902,-8388607,0,2659,2668,2666,754,2481,-10110976,1,1,14,1,287,0,0,0,1
443351425,1001989,982152,324303,300316,759019,690126,282217,349677,172923,211686,210084,201268,223388,147715,200573,193905,134531,228116,234866,160910,-11129,131565,255934,-8388607,0,2661,2662,2668,752,2480,-10110976,1,1,14,1,287,0,0,0,1
443351426,999639,978790,325090,300970,758768,689771,283136,350369,172555,211433,209986,201058,223288,147856,200559,193705,134568,228095,234819,160847,-10812,131701,255905,-8388607,0,2661,2666,2662,755,2477,-10110976,1,1,14,1,287,0,0,0,1
443351427,996627,975294,326077,301606,758176,689072,283830,350818,172341,210845,209895,200816,223484,148199,200527,193925,134424,227959,234805,160950,-10853,131877,255814,-8388607,0,2661,2666,2659,756,2479,-10110976,1,1,14,1,287,0,0,0,1
443351428,992940,972064,327048,302699,757462,688262,284161,351222,171890,210599,209804,200757,223569,148102,200798,193904,134295,227843,234916,161062,-10878,131698,255929,-8388607,0,2663,2663,2666,750,2480,-10110976,1,1,14,1,287,0,0,0,1
443351429,988888,968607,327591,303374,756121,687247,284093,351407,171505,210135,209647,200050,223845,148344,200852,194186,134422,227994,234978,161036,-11290,131354,255974,-8388607,0,2668,2661,2664,755,2476,-10110976,1,1,14,1,287,0,0,0,1
443351430,984525,965131,327550,304003,754704,686224,284087,351517,171411,209994,209308,200119,223952,148656,200996,194560,134313,227996,234942,161127,-11282,131261,255883,-8388607,0,2661,2666,2659,758,2481,-10110976,1,1,14,1,287,0,0,0,1
443351431,980255,962049,327304,303785,753133,685161,284110,351884,171382,210306,209079,199868,224086,148607,201058,194440,134352,227893,234938,160979,-11072,131270,255798,-8388607,0,2657,2664,2664,754,2482,-10110976,1,1,14,1,287,0,0,0,1
443351432,976259,959208,327015,303105,751743,683389,284292,352308,171479,210389,209187,199667,224251,148742,201207,194583,134509,228033,234981,161194,-11038,131245,255875,-8388607,0,2661,2661,2667,755,2478,-10110976,1,1,14,1,287,0,0,0,1
443351433,971867,956713,326975,302841,750255,681697,284868,352660,171576,210320,209434,200046,224167,148641,201151,194521,134270,228149,234885,161106,-11069,131274,255868,-8388607,0,2664,2665,2662,758,2475,-10110976,1,1,14,1,287,0,0,0,1
443351434,967486,954599,326762,303093,749339,679966,285918,353351,171879,210785,209540,200474,224014,148700,201259,194436,134472,228083,234947,161232,-11299,130642,255868,-8388607,0,2662,2665,2663,755,2482,-10110976,1,1,14,1,287,0,0,0,1
443351435,963223,952659,326953,303759,748372,677812,286968,353416,172207,211075,210156,200760,224205,148538,201085,194281,134635,228168,235036,161121,-11271,130672,255802,-8388607,0,2664,2661,2668,752,2478,-10110976,1,1,14,1,287,0,0,0,1
443351436,959054,951325,327447,304818,747559,675816,287581,353592,172458,211323,210218,200959,223976,148454,201069,194315,134452,228095,235116,160887,-11361,130883,255898,-8388607,0,2661,2663,2660,759,2473,-10110976,1,1,14,1,287,0,0,0,1
443351437,955605,950425,327889,306093,746888,674241,288259,353840,172563,211341,210432,200724,223820,148226,201066,194189,134642,228177,234930,160814,-11540,130473,255949,-8388607,0,2663,2670,2661,754,2480,-10110976,1,1,14,1,287,0,0,0,1
443351438,953007,949751,328372,307023,745800,672682,288701,353983,172917,211602,210432,200981,223700,148214,201140,194311,134650,228229,234827,160762,-11250,130528,255982,-8388607,0,2665,2663,2673,751,2477,-10110976,1,1,14,1,287,0,0,0,1
443351439,950731,949116,329074,307612,744455,671048,288847,354482,172813,211584,210242,201070,223578,148031,200907,194096,134412,228197,234802,160814,-11129,130878,255942,-8388607,0,2668,2663,2664,757,2475,-10110976,1,1,14,1,287,0,0,0,1
443351440,948852,949111,330222,308778,743224,669746,289031,354817,172726,211253,210198,201134,223629,148005,200947,194148,134542,228205,234875,160853,-11065,131082,255953,-8388607,0,2663,2667,2657,752,2479,-10110976,1,1,14,1,287,0,0,0,1
443351441,947153,948832,331362,309681,742042,668058,289407,355266,172564,210957,209802,200777,223518,148094,200895,194293,134625,228149,234880,160950,-11015,131273,256033,-8388607,0,2659,2667,2666,753,2481,-10110976,1,1,14,1,287,0,0,0,1
443351442,945980,947916,332310,310497,741147,666536,289922,355566,172121,210694,209660,200436,223731,148121,200921,194112,134518,228145,234981,161148,-11132,130859,255880,-8388607,0,2663,2663,2661,754,2476,-10110976,1,1,14,1,287,0,0,0,1
443351443,945047,946728,332920,311189,740639,665050,290560,355817,171605,210493,209600,200416,223890,148232,201117,194298,134542,228176,235051,161070,-11143,130945,255950,-8388607,0,2663,2667,2666,760,2477,-10110976,1,1,14,1,287,0,0,0,1
443351444,944365,945572,333535,311399,740581,663849,291324,355898,171388,210121,209445,200131,223839,148547,200911,194275,134599,228030,234915,161168,-11035,130847,256033,-8388607,0,2662,2668,2661,752,2483,-10110976,1,1,14,1,287,0,0,0,1
443351445,943903,944356,334083,311487,740761,663207,292026,356371,171424,210024,209413,200290,224029,148597,201120,194406,134497,228153,234932,161212,-11254,130899,256037,-8388607,0,2665,2663,2666,751,2475,-10110976,1,1,14,1,287,0,0,0,1
443351446,944228,943183,334666,311754,740866,662956,292745,356936,171252,210211,209489,200176,224104,148596,201023,194302,134717,228240,235024,161142,-11234,130795,256083,-8388607,0,2661,2665,2664,758,2471,-10110976,1,1,14,1,287,0,0,0,1
443351447,944941,941955,335572,312003,740690,662742,293343,357733,171480,210457,209656,200236,223941,148814,201032,194263,134637,228075,235072,160942,-11136,130657,255997,-8388607,0,2657,2666,2662,754,2480,-10110976,1,1,14,1,287,0,0,0,1
443351448,946107,940774,337246,312531,740538,662967,294016,359003,171833,210839,209633,200313,223907,148493,201088,194513,134734,228215,235042,160884,-10956,130900,255924,-8388607,0,2661,2664,2666,754,2478,-10110976,1,1,14,1,287,0,0,0,1
443351449,947466,939494,339083,313482,739852,663007,294728,360029,172261,211258,209799,200525,224008,148351,200990,194340,134745,228145,234901,160938,-10868,131097,255983,-8388607,0,2668,2662,2663,754,2473,-10110976,1,1,14,1,287,0,0,0,1
443351450,948458,938050,340840,314491,739328,662584,295471,360808,172407,211372,210186,200783,223931,148505,201124,194288,134667,227996,234944,161025,-10844,131174,256025,-8388607,0,2663,2666,2658,756,2479,-10110976,1,1,14,1,287,0,0,0,1
443351451,949038,936410,342004,315515,739187,662382,296274,361481,172773,211504,210222,200701,223894,148389,201155,194316,134498,228020,234862,160959,-10739,131235,256054,-8388607,0,2663,2662,2664,750,2482,-10110976,1,1,14,1,287,0,0,0,1
443351452,948903,935070,343268,316289,738765,661907,296691,361880,172585,211326,210264,200896,223805,148289,200788,194196,134419,227957,234579,160910,-10860,131226,256034,-8388607,0,2664,2663,2664,755,2478,-10110976,1,1,14,1,287,0,0,0,1
443351453,948408,933382,344388,317191,738751,661699,297230,362175,172718,211401,210183,201020,223857,148373,201083,194345,134422,228000,234759,161036,-10527,131679,256144,-8388607,0,2661,2665,2659,758,2479,-10110976,1,1,14,1,287,0,0,0,1
443351454,947276,931240,345008,317763,738204,661387,297575,362147,172516,211317,210108,200776,223809,148427,200984,194086,134334,228027,234825,160889,-10380,131735,256065,-8388607,0,2663,2666,2664,753,2482,-10110976,1,1,14,1,287,0,0,0,1
443351455,945356,928861,345425,318063,738007,661118,298008,362539,172210,211228,210224,201025,223668,148308,200891,194226,134348,228033,234843,160841,-10529,131510,256051,-8388607,0,2666,2661,2665,757,2478,-10110976,1,1,14,1,287,0,0,0,1
443351456,942507,925919,345626,318314,737223,660900,298744,363129,172099,210747,210099,200571,223929,148628,200942,194236,134462,228026,234867,160983,-10408,131501,256030,-8388607,0,2661,2665,2662,760,2474,-10110976,1,1,14,1,287,0,0,0,1
443351457,938475,922651,345722,318252,736885,660549,299471,363557,171912,210629,209668,200409,223735,148325,201001,194360,134465,228060,235006,160834,-10484,131332,256091,-8388607,0,2664,2665,2663,753,2482,-10110976,1,1,14,1,287,0,0,0,1
443351458,933922,918990,345248,318178,736865,660506,300456,364581,171652,210379,209314,200233,223613,148366,200880,194279,134433,228081,234886,160936,-10670,131033,255946,-8388607,0,2668,2661,2663,749,2478,-10110976,1,1,14,1,287,0,0,0,1
443351459,928903,914867,344837,317939,736925,660653,301306,365216,171641,210402,209494,200270,224023,148469,201030,194199,134588,228116,235111,160963,-10682,130929,256027,-8388607,0,2665,2664,2664,757,2477,-10110976,1,1,14,1,287,0,0,0,1
443351460,923679,910838,344522,317801,737420,660900,301951,365876,171611,210521,209372,200118,223897,148436,200836,194214,134596,228039,235025,161027,-10938,130683,255993,-8388607,0,2662,2666,2659,755,2479,-10110976,1,1,14,1,287,0,0,0,1
443351461,918412,907188,344368,317905,738062,661079,302812,366316,171568,210449,209688,200036,224010,148306,200980,194257,134548,228225,235034,161171,-10943,130582,256010,-8388607,0,2663,2661,2667,758,2477,-10110976,1,1,14,1,287,0,0,0,1
443351462,912936,903899,344306,318400,738536,661391,303665,367368,171813,210518,209818,200298,223872,148244,201053,194281,134530,228086,235201,160929,-10781,130589,256013,-8388607,0,2664,2662,2662,755,2477,-10110976,1,1,14,1,287,0,0,0,1
443351463,907408,900501,344079,318938,738901,661353,304357,368108,171883,210825,209781,200498,224052,148528,200944,194191,134466,228349,234954,161137,-11104,130318,256032,-8388607,0,2660,2668,2657,756,2477,-10110976,1,1,14,1,287,0,0,0,1
443351464,902009,897144,343683,319113,738854,660951,305136,368843,172050,211113,209833,200560,223963,148582,201051,194238,134537,228147,234854,160911,-11175,130352,255971,-8388607,0,2663,2666,2665,754,2484,-10110976,1,1,14,1,287,0,0,0,1
443351465,897038,893921,343400,319169,738887,660623,306081,369620,172452,211093,209799,200489,223883,148378,201247,194394,134559,228033,234861,160977,-10668,130549,256065,-8388607,0,2668,2659,2663,756,2478,-10110976,1,1,14,1,287,0,0,0,1
443351466,892186,890629,343229,319235,738905,659962,306638,370319,172330,211317,209870,200735,223859,148524,201090,194294,134613,228086,234730,160839,-10659,130805,256066,-8388607,0,2663,2665,2662,758,2478,-10110976,1,1,14,1,287,0,0,0,1
443351467,887413,887113,343310,319292,738927,659306,307253,370675,172301,211227,209906,200511,223914,148444,200963,194207,134490,227995,234893,160802,-10880,130551,256038,-8388607,0,2659,2667,2665,753,2482,-10110976,1,1,14,1,287,0,0,0,1
443351468,882761,883598,343355,319281,739107,659021,307741,370922,172314,211103,209998,200810,223883,148062,201050,194181,134451,228024,234929,160845,-10906,130234,256081,-8388607,0,2663,2663,2666,751,2477,-10110976,1,1,14,1,287,0,0,0,1
443351469,878234,880252,343645,319625,739242,658632,308285,371142,172202,210985,209867,200796,223740,148343,200946,194193,134381,227935,234847,160734,-11154,130109,256138,-8388607,0,2663,2664,2660,758,2474,-10110976,1,1,14,1,287,0,0,0,1
443351470,874258,876878,343557,319844,739254,658377,309094,371779,172142,210764,210006,200683,224010,148346,200849,194204,134371,228002,235016,161028,-11040,130220,256097,-8388607,0,2661,2666,2662,754,2479,-10110976,1,1,14,1,287,0,0,0,1
443351471,870786,873380,343543,319504,739085,658064,309886,372602,172185,210656,209891,200795,223786,148229,200617,193886,134418,228169,234969,161044,-10995,130035,255974,-8388607,0,2664,2668,2667,750,2477,-10110976,1,1,14,1,287,0,0,0,1
443351472,867705,870264,343243,319046,738522,657681,310771,373276,171953,210556,209704,200685,223767,148428,200795,194007,134289,227952,234853,160997,-11271,129831,256121,-8388607,0,2661,2664,2661,755,2475,-10110976,1,1,14,1,287,0,0,0,1
443351473,865258,867413,343315,318672,738462,657514,311871,374482,171861,210718,209680,200441,223957,148488,200937,194146,134627,228255,235025,161007,-11275,129754,256120,-8388607,0,2658,2668,2661,753,2480,-10110976,1,1,14,1,287,0,0,0,1
443351474,863311,864901,343894,318695,738124,657133,312965,375263,171880,210788,209432,200401,223996,148397,200964,194207,134546,228373,234871,161111,-11185,129965,256057,-8388607,0,2661,2663,2663,752,2482,-10110976,1,1,14,1,287,0,0,0,1
443351475,862159,862731,344890,319205,737552,656488,313856,375768,171841,210800,209467,200300,223776,148223,201159,194519,134556,228257,235055,161020,-11014,129932,256007,-8388607,0,2666,2663,2664,757,2477,-10110976,1,1,14,1,287,0,0,0,1
443351476,861575,860871,346002,319822,737317,655610,314520,376209,171787,210669,209745,200439,223911,148353,201099,194531,134721,228253,235159,160935,-11260,129673,256087,-8388607,0,2663,2665,2659,758,2479,-10110976,1,1,14,1,287,0,0,0,1
443351477,861218,859398,347016,320356,736536,654483,315086,376250,171831,210927,209926,200385,224545,148805,201070,194265,134390,227887,235068,160998,-11061,129889,256222,-8388607,0,2661,2664,2666,755,2482,-10110976,1,1,14,1,287,0,0,0,1
443351478,861490,858449,348109,321063,735424,653358,315362,376647,171923,211032,210064,200437,223931,148505,201059,194509,134586,227994,235066,161142,-10888,130089,256128,-8388607,0,2663,2664,2666,757,2478,-10110976,1,1,14,1,287,0,0,0,1
443351479,861628,857734,349111,321823,733776,651544,315450,376630,171945,211022,209877,200419,223969,148608,200911,194409,134493,227958,234867,160869,-10724,130312,256073,-8388607,0,2666,2667,2664,759,2479,-10110976,1,1,14,1,287,0,0,0,1
443351480,861871,857115,350043,322556,731868,649598,315455,376906,171927,210746,209640,200510,223842,148483,200976,194258,134472,228072,234629,160947,-10711,130463,256118,-8388607,0,2662,2668,2661,753,2483,-10110976,1,1,14,1,287,0,0,0,1
443351481,862203,856644,351063,323605,729914,647796,315334,377165,172180,210987,209931,200472,223923,148316,200996,194166,134445,228102,234723,160873,-10682,130524,256111,-8388607,0,2665,2662,2664,754,2478,-10110976,1,1,14,1,287,0,0,0,1
443351482,862504,856155,352238,324517,728144,645880,315151,377348,172073,210987,209840,200532,223868,148388,201162,194076,134239,228050,234756,160877,-10555,130561,256170,-8388607,0,2668,2664,2662,758,2476,-10110976,1,1,14,1,287,0,0,0,1
443351483,862609,855614,353234,325459,726600,644059,315142,377137,172039,211067,209792,200595,223831,148387,200884,194194,134343,227979,234731,160951,-10490,130559,256200,-8388607,0,2659,2670,2662,755,2481,-10110976,1,1,14,1,287,0,0,0,1
443351484,862446,854765,353807,326227,725229,642583,315288,377293,172136,211024,209979,200842,224054,148231,200948,194196,134435,228163,234806,161023,-10676,130365,256064,-8388607,0,2661,2664,2666,751,2479,-10110976,1,1,14,1,287,0,0,0,1
443351485,862136,854200,354344,326565,724024,641181,315311,377611,172252,210944,209826,200804,223653,148338,201129,194359,134437,228036,234734,160742,-10853,130089,256144,-8388607,0,2668,2666,2664,755,2478,-10110976,1,1,14,1,287,0,0,0,1
443351486,861801,853879,354654,327039,722981,640285,316134,378302,172242,210993,209877,200941,223589,148273,200923,194111,134531,228125,234898,161000,-10706,130172,256112,-8388607,0,2663,2666,2659,758,2479,-10110976,1,1,14,1,287,0,0,0,1
443351487,861663,853625,355315,327728,721861,639560,316751,379169,171963,210765,209734,200541,223595,148018,200764,194269,134635,228234,235008,161033,-10814,130265,256152,-8388607,0,2664,2663,2666,754,2481,-10110976,1,1,14,1,287,0,0,0,1
443351488,861702,853305,355884,328165,720752,638850,317450,379820,172104,210698,209790,200389,223666,148254,201034,194229,134598,228161,234883,161062,-10631,130042,256161,-8388607,0,2666,2662,2665,756,2478,-10110976,1,1,14,1,287,0,0,0,1
443351489,861696,853455,356472,328899,719543,638224,317992,380900,171920,210838,209840,200587,223744,148474,201052,194144,134553,228355,234999,161026,-10520,130152,256199,-8388607,0,2660,2664,2660,758,2475,-10110976,1,1,14,1,287,0,0,0,1
443351490,861362,853633,357382,330187,718375,637740,318307,381435,171959,210871,209758,200293,224160,148456,201186,194043,134585,228181,234991,160986,-10749,130016,256211,-8388607,0,2659,2664,2664,755,2482,-10110976,1,1,14,1,287,0,0,0,1
443351491,861014,854233,358192,331401,717716,637112,318742,381824,172015,210840,209649,200384,224121,148496,201021,194161,134359,228104,234958,161011,-10729,130100,256174,-8388607,0,2661,2662,2667,755,2478,-10110976,1,1,14,1,287,0,0,0,1
443351492,860910,854689,358894,332421,717011,636479,319257,382306,171877,210890,209764,200312,224019,148767,201190,194410,134367,228014,234734,160895,-10584,130303,256236,-8388607,0,2664,2661,2662,757,2475,-10110976,1,1,14,1,287,0,0,0,1
443351493,860591,855167,359708,333584,716227,635630,319768,382432,171819,210810,209639,200314,224124,148452,201203,194273,134287,227930,234734,160902,-10676,130053,256254,-8388607,0,2658,2668,2664,754,2480,-10110976,1,1,14,1,287,0,0,0,1
443351494,860178,855715,360479,334570,715717,634983,320267,382729,171862,210821,209659,200395,223831,148563,201214,194182,134207,227891,234805,160797,-10705,130156,256270,-8388607,0,2661,2661,2666,750,2477,-10110976,1,1,14,1,287,0,0,0,1
443351495,859758,856261,361700,335707,715302,634293,320485,383459,171842,210835,209743,200474,223997,148421,201123,194402,134408,227878,234634,160907,-10467,130313,256220,-8388607,0,2663,2665,2661,757,2476,-10110976,1,1,14,1,287,0,0,0,1
443351496,859224,856967,362340,336843,714711,633875,320785,384104,171757,210950,209796,200498,223805,148294,200942,194400,134400,228090,234650,160875,-10599,130173,256320,-8388607,0,2661,2668,2662,760,2479,-10110976,1,1,14,1,287,0,0,0,1
443351497,858665,857856,362683,337673,714457,633853,321180,384869,172044,211065,209877,200685,223746,148414,200927,194176,134616,228101,234736,160651,-10793,130065,256324,-8388607,0,2665,2663,2663,750,2482,-10110976,1,1,14,1,287,0,0,0,1
443351498,857946,858273,363190,338295,714607,634015,322007,385918,172210,210993,210014,200829,223707,148187,200786,194150,134452,228033,234804,161025,-10607,130132,256283,-8388607,0,2666,2662,2664,755,2478,-10110976,1,1,14,1,287,0,0,0,1
443351499,857209,859102,363667,339078,715031,634047,323002,386824,172330,210987,209901,200477,223633,148074,200640,194047,134531,228171,235006,160973,-10624,130374,256319,-8388607,0,2660,2667,2659,757,2480,-10110976,1,1,14,1,287,0,0,0,1
443351500,856417,859425,364334,339882,715623,633886,324121,387506,172482,211189,209853,200738,223589,148155,200670,193753,134550,228221,235097,161157,-10458,130473,256318,-8388607,0,2657,2664,2664,753,2482,-10110976,1,1,14,1,287,0,0,0,1
443351501,855684,859357,364887,340801,716222,633723,325028,388222,172281,211031,210012,200679,223809,148344,200917,193963,134610,228186,234888,161109,-10375,130256,256305,-8388607,0,2667,2663,2663,753,2478,-10110976,1,1,14,1,287,0,0,0,1
443351502,854621,859066,365597,341554,716776,633743,325864,389079,172197,211042,209925,200514,223863,148214,201126,194154,134644,228382,235177,161195,-10584,129965,256302,-8388607,0,2663,2664,2660,760,2478,-10110976,1,1,14,1,287,0,0,0,1
443351503,853798,858714,366348,342480,716829,633672,326950,389770,172188,211024,209954,200515,223860,148321,201143,194194,134714,228251,235044,161129,-10780,129873,256354,-8388607,0,2661,2667,2666,755,2481,-10110976,1,1,14,1,287,0,0,0,1
443351504,853223,858178,367202,342988,716789,633184,327703,390390,172092,210805,209907,200739,224058,148405,201340,194629,134774,228255,235094,161251,-10837,130112,256282,-8388607,0,2661,2661,2670,755,2477,-10110976,1,1,14,1,287,0,0,0,1
443351505,853151,857234,367880,343495,716495,632812,328169,390999,171869,210841,209893,200549,224018,148478,201258,194506,134542,228206,235006,161031,-10622,130100,256323,-8388607,0,2661,2676,2664,756,2471,-10110976,1,1,14,1,287,0,0,0,1
443351506,853017,855981,368457,343618,716080,632247,328831,391599,171763,210812,209925,200425,224072,148588,201453,194588,134459,228223,234838,160929,-10504,130031,256169,-8388607,0,2660,2669,2666,755,2480,-10110976,1,1,14,1,287,0,0,0,1
443351507,852757,854474,369355,343772,715963,631888,329199,391972,171838,210613,209840,200334,224369,148790,201315,194717,134364,227821,234907,160754,-10647,130108,256298,-8388607,0,2665,2662,2664,751,2479,-10110976,1,1,14,1,287,0,0,0,1
443351508,852320,853072,370564,344114,715767,631399,329741,392526,171912,210663,209859,200200,224218,149008,201193,194427,134327,227874,234730,160806,-10297,130387,256218,-8388607,0,2668,2665,2664,757,2476,-10110976,1,1,14,1,287,0,0,0,1
443351509,852087,851090,371711,344694,715860,631094,330057,393275,172111,210741,209785,200236,224274,148859,201187,194363,134213,227996,234827,160775,-10142,130392,256388,-8388607,0,2664,2668,2660,754,2481,-10110976,1,1,14,1,287,0,0,0,1
443351510,851470,848841,372553,345307,715812,630784,330782,393927,171820,210752,209813,200365,224123,148890,200905,194366,134161,227942,234889,160887,-10258,130270,256311,-8388607,0,2661,2662,2664,753,2479,-10110976,1,1,14,1,287,0,0,0,1
443351511,850505,846523,373555,345779,715560,630469,331749,394754,171869,210826,209731,200345,223991,148419,200958,194223,134388,227930,234995,160963,-10541,130220,256275,-8388607,0,2665,2659,2662,756,2478,-10110976,1,1,14,1,287,0,0,0,1
443351512,849705,844056,374192,345726,715583,630043,332494,395609,172117,210851,209893,200652,223702,148110,200930,194037,134486,228158,234825,161017,-10422,130210,256450,-8388607,0,2663,2664,2659,757,2478,-10110976,1,1,14,1,287,0,0,0,1
443351513,848455,841810,374850,345840,715765,629862,333396,396816,172094,210950,209827,200721,223509,147873,201035,194137,134586,228329,234876,161053,-10301,130147,256322,-8388607,0,2659,2664,2664,753,2482,-10110976,1,1,14,1,287,0,0,0,1
443351514,847157,839443,374993,345979,715576,629523,334314,397436,172292,211035,209947,200827,223298,147693,200918,193855,134692,228382,234884,161012,-10364,130284,256353,-8388607,0,2661,2663,2668,753,2478,-10110976,1,1,14,1,287,0,0,0,1
443351515,845710,837141,375159,346057,715220,628923,335007,398083,172397,210932,209834,200799,223296,147982,200806,193883,134995,228439,234946,161117,-10184,130262,256380,-8388607,0,2661,2665,2662,757,2479,-10110976,1,1,14,1,287,0,0,0,1
443351516,843932,834950,375643,346559,714560,628392,335334,398575,172148,210855,209710,200549,223406,147697,200597,193940,134848,228255,235176,161112,-10236,130220,256358,-8388607,0,2660,2668,2666,753,2482,-10110976,1,1,14,1,287,0,0,0,1
443351517,841780,832669,376067,347048,713559,627448,335742,398849,172063,210927,209693,200448,223487,147993,200689,194025,134732,228102,235067,161056,-10627,129892,256243,-8388607,0,2661,2663,2666,753,2478,-10110976,1,1,14,1,287,0,0,0,1
443351518,839959,830743,376490,347590,712187,626271,335900,399332,171872,210845,209803,200427,223835,148464,200775,194056,134607,228220,235160,161054,-10691,129825,256190,-8388607,0,2664,2665,2661,758,2473,-10110976,1,1,14,1,287,0,0,0,1
443351519,838078,828782,376880,348071,710399,625234,336101,399736,171837,210544,209826,200224,223854,148554,200884,194325,134414,227994,235099,161025,-10669,129743,256235,-8388607,0,2662,2666,2659,754,2477,-10110976,1,1,14,1,287,0,0,0,1
443351520,836259,827188,377439,348620,708462,624158,336019,400201,171844,210918,209691,200309,224285,148571,201104,194422,134252,227894,234969,160873,-10793,129558,256257,-8388607,0,2661,2663,2664,751,2482,-10110976,1,1,14,1,287,0,0,0,1
443351521,834784,826358,378018,349009,706349,623212,336063,400823,171719,210814,209457,200136,224266,148788,201279,194514,134229,227966,234648,160868,-10562,129554,256232,-8388607,0,2663,2663,2664,757,2476,-10110976,1,1,14,1,287,0,0,0,1
443351522,833361,825732,378486,349787,704396,622160,335947,401068,171880,210674,209808,200258,224407,148720,201464,194763,134200,228029,234593,160885,-10635,129459,256331,-8388607,0,2661,2666,2659,757,2479,-10110976,1,1,14,1,287,0,0,0,1
443351523,832054,825371,378790,350504,702612,620916,335896,401641,171913,210879,209655,200352,224215,148753,201366,194604,134094,227927,234624,160819,-10877,129369,256292,-8388607,0,2663,2663,2665,750,2484,-10110976,1,1,14,1,287,0,0,0,1
443351524,831181,825736,378932,351594,701128,619784,336063,401986,172060,210956,209848,200601,224179,148714,201260,194407,134193,227892,234606,160715,-10760,129385,256271,-8388607,0,2668,2663,2661,753,2477,-10110976,1,1,14,1,287,0,0,0,1
443351525,830257,826331,379566,352864,699786,618219,336773,402242,172307,211100,210047,200653,224087,148721,201099,194381,134331,227899,234679,160779,-10815,129505,256388,-8388607,0,2661,2664,2662,759,2479,-10110976,1,1,14,1,287,0,0,0,1
443351526,829758,827224,380352,353771,698250,616756,337144,402665,172419,211187,210087,200780,223715,148455,200847,194329,134430,227897,234909,160852,-10986,129273,256299,-8388607,0,2657,2664,2662,753,2482,-10110976,1,1,14,1,287,0,0,0,1
443351527,829913,828361,381150,354808,697057,615203,337696,402937,172550,211223,210083,200906,223857,148275,200659,194203,134572,228068,234896,161049,-11009,129184,256209,-8388607,0,2661,2664,2664,756,2478,-10110976,1,1,14,1,287,0,0,0,1
443351528,830755,829656,382250,356076,695795,613788,337920,403803,172531,211059,210026,200797,223618,148167,200554,193920,134616,228065,234959,160937,-10758,129368,256375,-8388607,0,2665,2664,2662,758,2477,-10110976,1,1,14,1,287,0,0,0,1
443351529,831758,831462,383718,357555,694366,612429,338037,404134,172356,211213,210103,200771,223400,148163,200828,193854,134888,228394,234961,160941,-10635,129525,256305,-8388607,0,2660,2668,2663,751,2477,-10110976,1,1,14,1,287,0,0,0,1
443351530,833200,833287,385432,358925,692871,611101,337934,404538,172033,211047,209906,200707,223554,147927,200937,193842,134904,228537,234994,161044,-10471,129700,256239,-8388607,0,2663,2668,2666,747,2481,-10110976,1,1,14,1,287,0,0,0,1
443351531,834571,835141,386931,360158,691596,610268,337555,404818,172028,210811,209728,200817,223638,147948,201049,194154,134937,228478,235056,161161,-10519,129958,256243,-8388607,0,2664,2666,2662,758,2475,-10110976,1,1,14,1,287,0,0,0,1
443351532,836028,836947,388181,361641,690467,608898,337709,405003,171997,210736,209716,200473,223876,148036,201027,194266,134696,228483,235079,161258,-10349,129880,256202,-8388607,0,2661,2666,2658,754,2479,-10110976,1,1,14,1,287,0,0,0,1
443351533,837446,838528,389333,362899,689609,607799,338040,405524,171519,210681,209612,200361,223950,148193,200966,194219,134548,228272,235131,161096,-10099,130269,256299,-8388607,0,2663,2663,2663,752,2482,-10110976,1,1,14,1,287,0,0,0,1
443351534,838531,839722,390339,364233,689166,606943,338387,406063,171645,210404,209477,200215,224031,148656,201114,194428,134443,227906,234980,160981,-10047,130635,256334,-8388607,0,2668,2663,2663,755,2478,-10110976,1,1,14,1,287,0,0,0,1
443351535,839176,840514,391463,365137,689257,606520,339442,406816,171638,210449,209531,200069,223977,148761,201382,194419,134483,228072,235189,161070,-10114,130209,256285,-8388607,0,2661,2666,2660,759,2478,-10110976,1,1,14,1,287,0,0,0,1
443351536,839695,840488,392412,365982,689530,606329,340317,407515,171548,210444,209633,200368,224142,148921,201156,194566,134362,227903,234902,160940,-10229,130101,256322,-8388607,0,2660,2666,2664,755,2486,-10110976,1,1,14,1,287,0,0,0,1
443351537,840141,840173,393483,366472,689806,606575,341258,408582,171758,210658,209787,200298,224213,148853,201113,194570,134245,227779,234679,160737,-10453,129880,256201,-8388607,0,2661,2664,2665,756,2478,-10110976,1,1,14,1,287,0,0,0,1
443351538,840688,839786,394763,367141,690170,606922,342089,409627,171770,210704,209817,200283,224160,148668,200972,194319,134330,227879,234507,160739,-10354,129941,256373,-8388607,0,2663,2665,2666,760,2478,-10110976,1,1,14,1,287,0,0,0,1
443351539,841308,839213,395836,367703,690162,607394,343071,410873,172248,211099,209787,200562,224048,148498,201162,194355,134221,228060,234490,160776,-10290,129924,256239,-8388607,0,2661,2666,2664,755,2481,-10110976,1,1,14,1,287,0,0,0,1
443351540,841670,838660,396597,367949,690120,607667,343807,412040,172206,210968,209786,200519,223812,148276,201072,194043,134120,228199,234613,160822,-10599,129687,256214,-8388607,0,2665,2664,2664,754,2478,-10110976,1,1,14,1,287,0,0,0,1
443351541,841959,838284,397541,368784,690065,607704,344664,413355,172439,211207,209813,200919,223601,148205,201053,194086,134274,227914,234706,160875,-10400,129812,256208,-8388607,0,2666,2668,2661,756,2478,-10110976,1,1,14,1,287,0,0,0,1
443351542,841952,838070,398641,369927,689826,607194,345731,413944,172561,211038,210009,201036,223545,147894,200876,194214,134400,228067,234844,160982,-10079,130026,256215,-8388607,0,2660,2666,2662,754,2479,-10110976,1,1,14,1,287,0,0,0,1
443351543,841668,837585,399562,371139,689537,606908,346336,414613,172698,211370,210079,200926,223641,147848,200817,194068,134681,228182,234983,161046,-10024,130092,256363,-8388607,0,2663,2669,2666,755,2477,-10110976,1,1,14,1,287,0,0,0,1
443351544,841044,836750,400655,372130,689153,606411,346833,415076,172627,211278,210014,200861,223532,147992,200744,194158,134738,228174,234991,161022,-10193,130383,256228,-8388607,0,2668,2662,2663,756,2477,-10110976,1,1,14,1,287,0,0,0,1
443351545,840088,835623,401584,373163,688437,605561,347131,415372,172464,210907,209887,200790,223674,148302,200832,194003,134819,228306,235073,160879,-10086,130220,256170,-8388607,0,2664,2675,2657,757,2487,-10110976,1,1,14,1,287,0,0,0,1
443351546,838514,834088,402342,374158,687747,604754,347484,415773,172030,210878,209868,200643,223614,148387,200643,193814,134672,228177,235055,160962,-9972,130219,256291,-8388607,0,2661,2664,2664,753,2484,-10110976,1,1,14,1,287,0,0,0,1
443351547,836638,832203,402795,374575,686923,603845,347549,416120,172034,210640,209613,200425,223944,148603,200947,193997,134690,228140,235112,161180,-9982,130331,256271,-8388607,0,2664,2663,2661,753,2479,-10110976,1,1,14,1,287,0,0,0,1
443351548,834191,830030,402794,374803,686072,602926,347971,416673,171774,210514,209690,200655,223847,148738,200946,194176,134697,228182,234981,161129,-9952,130171,256184,-8388607,0,2661,2664,2659,760,2475,-10110976,1,1,14,1,287,0,0,0,1
443351549,831431,827211,402653,374771,685383,602281,348438,417241,171858,210689,209668,200282,224120,148474,201086,194500,134542,228049,235137,161205,-10116,130054,256245,-8388607,0,2661,2664,2664,755,2482,-10110976,1,1,14,1,287,0,0,0,1
443351550,828281,824459,402310,374618,684608,601468,348919,417613,171752,210663,209555,200360,224188,148565,201443,194503,134298,227889,234990,161057,-10153,129884,256253,-8388607,0,2667,2664,2668,753,2478,-10110976,1,1,14,1,287,0,0,0,1
443351551,825110,821800,402098,374246,684284,600935,349291,418365,172021,210583,209681,200426,224232,148678,201483,194512,134260,228081,234908,161061,-10142,129773,256244,-8388607,0,2664,2665,2664,756,2473,-10110976,1,1,14,1,287,0,0,0,1
443351552,821739,819200,401514,374118,683671,600369,349738,418797,172102,210941,209747,200358,224050,148695,201370,194657,134205,227907,234890,161146,-10446,129695,256362,-8388607,0,2659,2668,2663,753,2482,-10110976,1,1,14,1,287,0,0,0,1
443351553,818839,816902,401604,374463,683356,599800,350155,419341,172098,211051,209656,200446,224088,148697,201210,194605,134374,228101,234831,160926,-10569,129492,256237,-8388607,0,2664,2666,2663,749,2478,-10110976,1,1,14,1,287,0,0,0,1
443351554,816012,814648,401767,374654,682639,599171,350400,420023,172095,211075,209787,200518,223846,148390,201094,194495,134408,227864,234760,160970,-10474,129414,256365,-8388607,0,2666,2663,2664,757,2477,-10110976,1,1,14,1,287,0,0,0,1
443351555,813368,812732,402137,375530,681797,598494,350995,420501,172273,211135,210009,200719,223874,148269,201000,194194,134488,228077,234634,160795,-10531,129334,256230,-8388607,0,2661,2668,2659,753,2479,-10110976,1,1,14,1,287,0,0,0,1
443351556,811130,810891,402672,376082,681054,597757,351440,421027,172346,211126,210116,200760,223751,148315,201002,194140,134537,228026,234837,160863,-10726,129342,256379,-8388607,0,2661,2663,2665,752,2482,-10110976,1,1,14,1,287,0,0,0,1
443351557,809355,809191,402954,376350,680112,596579,351876,421478,172304,211027,210009,200985,223596,148444,200917,194170,134519,228090,234921,160876,-10580,129242,256286,-8388607,0,2663,2663,2664,757,2477,-10110976,1,1,14,1,287,0,0,0,1
443351558,808090,807720,403481,376685,679159,595546,352121,422073,172235,211118,210035,200883,223648,148255,200943,194080,134555,228302,234888,161147,-10732,129149,256359,-8388607,0,2662,2667,2664,756,2477,-10110976,1,1,14,1,287,0,0,0,1
443351559,806952,806818,404050,376987,678092,594604,352568,422258,172184,210937,209853,200919,223682,148077,200954,194385,134597,228291,235045,161108,-10672,129311,256457,-8388607,0,2664,2665,2664,755,2482,-10110976,1,1,14,1,287,0,0,0,1
443351560,806324,806230,404819,377286,677098,593398,352834,422719,172321,210984,209979,200722,223778,148102,201212,194334,134756,228274,235159,161243,-10391,129496,256389,-8388607,0,2667,2663,2665,752,2480,-10110976,1,1,14,1,287,0,0,0,1
443351561,805401,805689,405298,377827,676115,592757,353268,422979,172213,210958,209786,200505,223932,148338,201169,194322,134600,228383,235143,161230,-10381,129499,256416,-8388607,0,2663,2665,2664,759,2471,-10110976,1,1,14,1,287,0,0,0,1
443351562,804570,805286,405691,378494,675287,591993,353660,423581,172209,210805,209724,200415,223940,148459,201156,194392,134624,228279,235105,161255,-10263,129649,256237,-8388607,0,2655,2668,2663,753,2479,-10110976,1,1,14,1,287,0,0,0,1
443351563,803501,804927,406285,379363,674499,591415,354237,424158,171978,210938,209902,200519,223969,148605,201161,194505,134414,228242,234905,161043,-10457,129571,256244,-8388607,0,2662,2665,2666,753,2477,-10110976,1,1,14,1,287,0,0,0,1
443351564,802904,804930,407020,380327,673682,590798,354938,425062,171959,210602,209824,200600,223942,148764,200963,194322,134308,228023,234803,160722,-10723,129184,256310,-8388607,0,2668,2661,2662,759,2471,-10110976,1,1,14,1,287,0,0,0,1
443351565,802586,805048,407806,381150,673064,590448,355685,425890,171930,210779,209823,200725,223968,148488,200813,194326,134396,227974,234734,160865,-10996,128968,256384,-8388607,0,2667,2671,2666,755,2480,-10110976,1,1,14,1,287,0,0,0,1
443351566,803358,805258,408937,382104,672455,589898,356436,426518,172099,210898,209835,200456,224050,148695,201313,194527,134473,227844,234726,160770,-11004,128917,256277,-8388607,0,2666,2665,2663,747,2476,-10110976,1,1,14,1,287,0,0,0,1
443351567,804660,806007,410264,382947,671902,589309,356945,427349,172031,210972,209902,200577,224064,148506,201241,194392,134460,227901,234941,160931,-10647,129205,256300,-8388607,0,2668,2663,2663,755,2478,-10110976,1,1,14,1,287,0,0,0,1
443351568,806294,807152,411803,383933,671223,588575,357617,427799,172176,211201,209910,200714,223921,148535,201448,194261,134387,228126,235072,161024,-10472,129380,256228,-8388607,0,2661,2666,2661,753,2484,-10110976,1,1,14,1,287,0,0,0,1
443351569,807930,808362,412952,384971,670223,587542,357752,427983,172075,211097,209895,200487,223812,148227,201089,194378,134286,227983,234886,161023,-10416,129486,256247,-8388607,0,2661,2663,2666,753,2484,-10110976,1,1,14,1,287,0,0,0,1
443351570,809716,809841,414496,386182,669317,586726,357938,428438,172224,211030,209894,200535,223916,148506,201270,194397,134432,228243,234916,161289,-10170,129531,256366,-8388607,0,2663,2659,2664,756,2478,-10110976,1,1,14,1,287,0,0,0,1
443351571,811261,811373,416032,387831,667981,585746,357778,428459,172280,211170,209849,200638,223905,148319,201044,194326,134451,228233,234857,161111,-10076,129716,256313,-8388607,0,2665,2666,2663,758,2481,-10110976,1,1,14,1,287,0,0,0,1
443351572,812701,812826,417641,389694,666827,584730,357605,428843,172199,211038,209857,200596,223685,148343,200989,194202,134640,228339,234956,161052,-10006,129880,256307,-8388607,0,2659,2664,2664,754,2481,-10110976,1,1,14,1,287,0,0,0,1
443351573,813737,814116,419036,391443,665335,583440,357591,429242,172202,210865,209808,200606,223647,148455,201082,194292,134534,228181,234983,161068,-10232,129783,256205,-8388607,0,2661,2664,2666,756,2477,-10110976,1,1,14,1,287,0,0,0,1
443351574,814885,815434,420570,392998,663982,582409,357695,429533,172091,210815,209957,200814,223572,148449,200851,194209,134855,228265,235161,161068,-10079,129646,256329,-8388607,0,2661,2665,2662,757,2475,-10110976,1,1,14,1,287,0,0,0,1
443351575,815733,816537,421678,394210,663063,581418,357811,429863,172121,210949,209834,200695,223805,148368,200789,194226,134680,228208,235290,161232,-10025,129734,256376,-8388607,0,2661,2668,2662,754,2479,-10110976,1,1,14,1,287,0,0,0,1
443351576,816344,817505,422535,395464,662119,580444,358168,430338,172153,210960,209951,200706,223753,148196,200969,194333,134578,228123,235146,161161,-9977,129872,256234,-8388607,0,2665,2663,2666,751,2478,-10110976,1,1,14,1,287,0,0,0,1
443351577,816820,818133,423059,396136,661339,579706,358735,430788,172253,211040,209901,200548,223700,148245,201079,194404,134649,228133,235023,161021,-9839,129900,256283,-8388607,0,2670,2666,2662,758,2475,-10110976,1,1,14,1,287,0,0,0,1
443351578,817054,818184,423475,396866,660814,579089,359105,431549,172214,211162,209946,200592,223760,148145,201247,194322,134412,228037,235028,160979,-9974,129726,256209,-8388607,0,2660,2668,2662,754,2479,-10110976,1,1,14,1,287,0,0,0,1
443351579,817048,818337,424341,397687,660217,578759,359888,432324,172301,211239,210022,200508,223911,148267,201245,194457,134265,228042,234852,160867,-10215,129430,256331,-8388607,0,2661,2663,2663,754,2481,-10110976,1,1,14,1,287,0,0,0,1
443351580,817144,818470,425473,398836,659640,578325,360507,432912,172018,210872,209819,200491,223763,148201,201176,194390,134209,228037,234624,160769,-10243,129314,256247,-8388607,0,2666,2662,2665,757,2475,-10110976,1,1,14,1,287,0,0,0,1
443351581,817257,818691,427124,400226,658795,577794,361062,433574,172099,211029,209809,200651,223796,148404,200997,194486,134172,227925,234668,160774,-10418,129157,256275,-8388607,0,2663,2666,2658,758,2480,-10110976,1,1,14,1,287,0,0,0,1
443351582,817793,818922,428541,401412,658266,577387,361753,434416,171911,210984,209755,200504,223903,148610,200874,194175,134301,228015,234774,160939,-10489,129035,256357,-8388607,0,2658,2663,2666,756,2484,-10110976,1,1,14,1,287,0,0,0,1
443351583,818622,819248,429515,402472,657631,576914,362396,435031,172004,210751,209918,200387,224041,148533,200879,194367,134314,228025,234755,160785,-10288,129080,256300,-8388607,0,2663,2663,2666,756,2471,-10110976,1,1,14,1,287,0,0,0,1
443351584,819373,819863,430668,403621,656981,576456,362973,435691,171780,210734,209801,200441,223864,148401,201184,194229,134395,228003,235013,160922,-10017,129609,256306,-8388607,0,2659,2661,2662,762,2475,-10110976,1,1,14,1,287,0,0,0,1
443351585,819819,820296,432016,404812,656480,575701,363145,436038,171983,210706,209894,200482,224068,148470,201120,194414,134541,228088,235038,160865,-10003,129910,256282,-8388607,0,2660,2669,2666,756,2481,-10110976,1,1,14,1,287,0,0,0,1
443351586,820154,820629,433143,405791,655760,574796,363307,436108,171933,210560,209605,200466,223967,148169,201057,194340,134557,228158,234941,160852,-10099,129819,256362,-8388607,0,2665,2664,2670,754,2477,-10110976,1,1,14,1,287,0,0,0,1
443351587,820510,820641,434442,407033,655134,574096,363996,436641,171893,210635,209515,200502,223828,148072,201079,194255,134575,228317,235001,160910,-10172,129724,256346,-8388607,0,2661,2664,2666,758,2475,-10110976,1,1,14,1,287,0,0,0,1
443351588,820498,820794,435920,408238,654635,573532,364462,437442,171965,210828,209889,200508,223930,148482,200830,194298,134794,228199,235103,161128,-10006,129639,256318,-8388607,0,2661,2666,2659,754,2479,-10110976,1,1,14,1,287,0,0,0,1
443351589,820265,820889,436817,409244,654312,573284,365123,438102,171773,210602,209853,200735,223811,148312,200997,194068,134669,228203,235243,161416,-9997,129586,256436,-8388607,0,2661,2664,2664,750,2481,-10110976,1,1,14,1,287,0,0,0,1
443351590,819674,820833,437368,410147,654293,572737,365860,438751,172131,210847,209827,200715,223640,148375,200764,194018,134606,228192,235056,161107,-10095,129425,256331,-8388607,0,2665,2662,2662,756,2476,-10110976,1,1,14,1,287,0,0,0,1
443351591,818828,820805,437719,410732,654358,572332,366558,439547,172276,210963,209744,200888,223616,148162,200776,194210,134647,228039,235065,161100,-10198,129418,256344,-8388607,0,2662,2664,2664,755,2480,-10110976,1,1,14,1,287,0,0,0,1
443351592,817816,820904,437976,411564,654846,572073,367379,440282,172429,211302,210166,200851,223857,148410,200951,194472,134413,228078,234960,161006,-10175,129617,256338,-8388607,0,2662,2664,2665,754,2484,-10110976,1,1,14,1,287,0,0,0,1
443351593,817007,820858,438757,412453,654810,571700,368394,440664,172334,211208,210152,200897,223618,148271,200994,194349,134422,228008,234825,160679,-10188,129495,256314,-8388607,0,2664,2662,2664,755,2478,-10110976,1,1,14,1,287,0,0,0,1
443351594,816128,820582,439593,413301,654767,570975,369317,441243,172352,211184,210036,200573,223673,148290,200987,194323,134280,228027,234748,160813,-10469,129174,256472,-8388607,0,2658,2663,2662,758,2479,-10110976,1,1,14,1,287,0,0,0,1
443351595,815531,820606,440370,414493,654467,570424,370164,441905,172234,211337,209893,200408,223903,148295,201199,194499,134416,227987,234754,160820,-10288,129113,256385,-8388607,0,2657,2666,2665,754,2482,-10110976,1,1,14,1,287,0,0,0,1
443351596,815228,820605,441237,415485,653906,569566,370824,442406,172252,211151,209840,200687,224121,148304,201310,194717,134273,227999,234648,160804,-10531,129065,256156,-8388607,0,2663,2663,2665,755,2478,-10110976,1,1,14,1,287,0,0,0,1
443351597,815265,820886,442227,416514,653281,568889,371401,442914,172078,210827,209954,200658,224203,148556,201421,194580,134300,227831,234775,160785,-10483,129352,256401,-8388607,0,2663,2665,2663,760,2475,-10110976,1,1,14,1,287,0,0,0,1
443351598,815413,820990,443270,417426,652327,568072,371434,443475,171923,210974,209852,200391,224129,148683,201283,194649,134300,228060,234924,160910,-10218,129511,256397,-8388607,0,2664,2668,2659,754,2480,-10110976,1,1,14,1,287,0,0,0,1
443351599,815581,820776,444156,417883,651335,567225,371646,443410,171647,210583,209674,200406,223998,148888,201286,194324,134473,228076,234881,161034,-10139,129520,256428,-8388607,0,2661,2668,2670,754,2477,-10110976,1,1,14,1,287,0,0,0,1
443351600,816052,820704,445292,418730,650655,566261,372040,443823,171998,210552,209865,200506,223969,148696,201127,194426,134467,227971,235077,160989,-10003,129638,256419,-8388607,0,2663,2665,2659,755,2477,-10110976,1,1,14,1,287,0,0,0,1
443351601,816558,820657,446664,419877,649988,565452,372387,443970,172046,210763,209923,200743,223994,148661,201071,194498,134794,228210,235237,161085,-9931,129537,256272,-8388607,0,2660,2669,2659,755,2477,-10110976,1,1,14,1,287,0,0,0,1
443351602,816882,820106,447992,420862,649196,564624,372706,444232,172030,210645,209597,200625,223934,148454,200769,194451,134790,228307,235208,161068,-9949,129350,256308,-8388607,0,2663,2662,2664,751,2481,-10110976,1,1,14,1,287,0,0,0,1
443351603,816999,819973,449226,421719,648824,564125,373392,444755,172151,211018,209743,200654,223871,148577,200756,194549,134918,228486,235132,161136,-10200,129198,256313,-8388607,0,2666,2663,2664,756,2477,-10110976,1,1,14,1,287,0,0,0,1
443351604,817155,819806,449973,422414,648281,563547,374155,445545,172364,210936,209988,200632,223620,148192,200981,194328,134803,228266,235016,161191,-10369,128996,256346,-8388607,0,2662,2669,2664,756,2480,-10110976,1,1,14,1,287,0,0,0,1
443351605,817602,819986,450664,423241,648128,563017,375105,446449,172476,211093,209978,200636,223620,148233,201032,194265,134703,228203,235117,161035,-10391,129003,256347,-8388607,0,2658,2663,2665,746,2484,-10110976,1,1,14,1,287,0,0,0,1
443351606,818254,820164,451692,424197,647820,562426,375752,447115,172397,211138,209933,200658,223539,148176,201042,194224,134597,228385,235005,161094,-10114,129374,256406,-8388607,0,2667,2661,2666,756,2477,-10110976,1,1,14,1,287,0,0,0,1
443351607,819075,820595,452793,425139,647558,562267,376556,447680,172328,210973,210111,200871,223486,148029,200702,194204,134534,228221,234985,160907,-10199,129290,256230,-8388607,0,2659,2667,2662,758,2477,-10110976,1,1,14,1,287,0,0,0,1
443351608,819925,821140,454341,426277,647369,561585,377045,448048,172175,211122,209893,200524,223718,148169,200763,194144,134192,227757,234492,160734,-10355,128921,256216,-8388607,0,2661,2666,2662,754,2482,-10110976,1,1,14,1,287,0,0,0,1
443351609,821099,821916,456414,428040,647058,561194,377597,448709,172059,211107,210063,200641,223689,148282,200898,194063,134211,227820,234698,160779,-10165,129162,256252,-8388607,0,2661,2659,2666,752,2478,-10110976,1,1,14,1,287,0,0,0,1
443351610,822433,822856,458051,429811,646774,560748,378516,449218,171935,210911,209894,200507,223785,148420,201049,194029,134019,227920,234617,160664,-9996,129469,256288,-8388607,0,2663,2665,2666,759,2473,-10110976,1,1,14,1,287,0,0,0,1
443351611,823539,823749,459594,431617,646132,560181,379021,449988,171866,211052,209615,200462,224051,148656,200926,194211,134104,227896,234595,160814,-9938,129348,256410,-8388607,0,2657,2668,2666,755,2481,-10110976,1,1,14,1,287,0,0,0,1
443351612,824473,824585,461027,432855,645138,559729,379138,450587,171837,210602,209547,200288,224077,148495,201211,194430,134144,227963,234690,160828,-9938,129455,256339,-8388607,0,2665,2662,2666,752,2481,-10110976,1,1,14,1,287,0,0,0,1
443351613,825097,825416,462292,434186,644292,559581,379399,451238,172016,210718,209386,200448,224001,148557,201082,194318,134209,227988,234677,160745,-9964,129463,256208,-8388607,0,2664,2663,2663,755,2476,-10110976,1,1,14,1,287,0,0,0,1
443351614,825291,826283,463609,435789,643290,559017,379757,451830,171714,210558,209566,200283,224078,148456,201003,194434,134366,227996,234619,160908,-9910,129599,256292,-8388607,0,2661,2667,2659,756,2480,-10110976,1,1,14,1,287,0,0,0,1
443351615,825671,826883,464536,436988,642675,558562,380183,452370,172002,210843,209841,200601,223878,148713,201166,194350,134421,228175,235031,160900,-9882,129575,256288,-8388607,0,2661,2662,2664,751,2481,-10110976,1,1,14,1,287,0,0,0,1
443351616,825819,827668,465544,438465,642159,557827,381092,452856,172041,210867,209857,200647,224071,148654,201218,194525,134604,228049,235187,161053,-10004,129320,256312,-8388607,0,2663,2663,2664,756,2478,-10110976,1,1,14,1,287,0,0,0,1
443351617,825747,828235,466379,439697,641808,557101,381924,453236,172164,210653,209757,200726,223893,148380,201004,194289,134694,228289,235157,161083,-10295,129204,256342,-8388607,0,2663,2666,2660,760,2478,-10110976,1,1,14,1,287,0,0,0,1
443351618,825399,828956,467511,440975,641560,556228,382911,453679,172160,210989,209738,200766,223999,148493,200897,194274,134802,228308,235132,161127,-10356,129217,256259,-8388607,0,2661,2664,2666,754,2481,-10110976,1,1,14,1,287,0,0,0,1
443351619,825234,829962,468530,442522,641100,555595,383508,454411,172381,210889,209807,200700,223940,148270,200837,194244,135012,228551,235258,161310,-9974,129355,256379,-8388607,0,2668,2661,2666,752,2477,-10110976,1,1,14,1,287,0,0,0,1
443351620,825315,830659,469742,444105,640531,554549,383918,454860,172304,211062,209697,200748,223644,148262,200967,194134,134905,228423,235067,161219,-10020,129507,256298,-8388607,0,2665,2665,2664,760,2478,-10110976,1,1,14,1,287,0,0,0,1
443351621,825177,831384,470988,445742,639543,553845,384294,455380,172174,210819,209851,200548,223591,148118,200906,194061,134820,228341,235199,161019,-10021,129437,256280,-8388607,0,2658,2668,2664,754,2482,-10110976,1,1,14,1,287,0,0,0,1
443351622,825237,832280,472267,447415,638598,553413,384247,456377,172278,211202,210049,200518,223654,148001,200845,194299,134724,228050,235071,161144,-10052,129388,256286,-8388607,0,2663,2664,2665,756,2481,-10110976,1,1,14,1,287,0,0,0,1
443351623,824835,833172,473694,449243,637797,553016,384483,457139,172069,211004,209824,200739,223643,147877,201014,194461,134508,228020,234993,161080,-10101,129440,256349,-8388607,0,2668,2666,2662,755,2477,-10110976,1,1,14,1,287,0,0,0,1
443351624,824502,833735,474450,450662,637247,552203,384899,457588,171966,210834,210013,200587,223843,148176,200980,194392,134619,227889,234826,160885,-10014,129491,256233,-8388607,0,2661,2666,2662,755,2479,-10110976,1,1,14,1,287,0,0,0,1
443351625,824377,834065,475093,451703,637000,551701,385660,458290,171925,210989,209863,200350,223799,148312,200901,194217,134313,227941,234829,161083,-9819,129672,256554,-8388607,0,2661,2662,2664,751,2482,-10110976,1,1,14,1,287,0,0,0,1
443351626,823898,833748,475861,452501,637004,551353,386601,458879,171926,210827,209708,200484,224017,148627,201192,194284,134246,228022,234803,160805,-9721,129727,256450,-8388607,0,2664,2661,2663,754,2476,-10110976,1,1,14,1,287,0,0,0,1
443351627,823265,832924,476555,452914,636815,551025,387515,459398,171786,210630,209523,200375,224073,148770,200961,194360,134239,227897,234724,160818,-9846,129659,256346,-8388607,0,2663,2664,2658,759,2480,-10110976,1,1,14,1,287,0,0,0,1
443351628,822569,831692,477540,453302,637224,550754,388691,460159,171882,210944,209607,200556,224195,148808,201121,194376,134325,227828,234745,160868,-9950,129776,256372,-8388607,0,2662,2665,2664,751,2481,-10110976,1,1,14,1,287,0,0,0,1
443351629,821989,830055,478670,453955,636881,550875,389446,461116,171802,210642,209717,200314,224185,148637,200984,194387,134356,227923,234679,160927,-10055,129554,256361,-8388607,0,2667,2658,2666,756,2477,-10110976,1,1,14,1,287,0,0,0,1
443351630,821270,828330,479787,454539,636820,551267,390138,462326,172018,210908,209876,200962,224064,148578,201135,194434,134467,228122,234853,160937,-9995,129493,256392,-8388607,0,2661,2664,2660,760,2475,-10110976,1,1,14,1,287,0,0,0,1
443351631,820436,826829,480810,454811,636310,551365,390914,463414,171973,210938,209833,200710,224095,148574,201325,194414,134496,228098,234860,160848,-10006,129438,256413,-8388607,0,2657,2666,2662,754,2482,-10110976,1,1,14,1,287,0,0,0,1
443351632,819271,824983,481199,454808,635816,551413,391606,464391,172256,210962,209965,200863,223893,148360,201267,194345,134623,228062,235048,161036,-9984,129211,256437,-8388607,0,2661,2662,2666,755,2478,-10110976,1,1,14,1,287,0,0,0,1
443351633,818038,823025,481553,455005,635817,550823,392180,465176,172142,211069,209863,200694,223820,148110,201191,194237,134906,228156,234982,161171,-9879,129501,256398,-8388607,0,2665,2664,2662,757,2475,-10110976,1,1,14,1,287,0,0,0,1
443351634,816536,821326,481780,455278,635303,550147,392929,465191,172152,210970,209723,200661,223731,148143,200846,194291,134854,228310,235066,160891,-9681,129607,256383,-8388607,0,2661,2668,2663,754,2479,-10110976,1,1,14,1,287,0,0,0,1
443351635,814660,819640,482036,455764,635083,549067,393594,465379,172347,211059,209865,200659,223826,148265,200948,194386,134866,228380,235055,161095,-9741,129808,256351,-8388607,0,2661,2663,2663,749,2478,-10110976,1,1,14,1,287,0,0,0,1
443351636,812291,817514,482389,456301,634392,547665,393834,465586,172082,210858,209688,200460,223642,148187,200803,194128,134694,228331,234979,161035,-9873,129647,256442,-8388607,0,2663,2659,2664,757,2475,-10110976,1,1,14,1,287,0,0,0,1
443351637,809852,815158,482584,456401,633598,546702,394360,465722,172035,211043,209817,200503,223661,148274,200819,194146,134594,228199,235110,160924,-10025,129489,256248,-8388607,0,2660,2668,2660,757,2479,-10110976,1,1,14,1,287,0,0,0,1
443351638,807454,812375,482548,456358,632728,545851,394629,465960,171876,210893,209836,200611,223649,148317,200789,194067,134766,228237,234903,161004,-9985,129489,256387,-8388607,0,2664,2663,2663,753,2484,-10110976,1,1,14,1,287,0,0,0,1
443351639,805122,809430,482484,456010,631918,545268,395069,466561,172005,210876,209576,200491,223855,148110,200829,194380,134578,228229,235043,161050,-9692,129518,256395,-8388607,0,2668,2659,2664,756,2478,-10110976,1,1,14,1,287,0,0,0,1
443351640,802354,806282,482233,455203,631143,544573,395283,467101,172030,210775,209652,200461,223765,148293,201002,194249,134412,228173,235073,160947,-9927,129339,256187,-8388607,0,2663,2663,2663,757,2478,-10110976,1,1,14,1,287,0,0,0,1
443351641,799710,803516,482057,454653,630893,544135,396036,467610,171982,210920,209765,200508,223904,148458,201254,194501,134486,228068,234886,161003,-9991,129321,256421,-8388607,0,2662,2663,2664,754,2481,-10110976,1,1,14,1,287,0,0,0,1
443351642,796655,800760,481330,454331,630878,543808,396975,468253,171865,210692,209845,200470,223803,148560,201290,194431,134448,227844,234812,160906,-9932,129177,256359,-8388607,0,2659,2665,2665,756,2477,-10110976,1,1,14,1,287,0,0,0,1
443351643,793693,798506,480859,454433,631463,543561,398154,468821,172022,210721,209780,200530,224007,148531,201103,194362,134297,227912,234845,160999,-10011,129077,256417,-8388607,0,2665,2666,2661,757,2476,-10110976,1,1,14,1,287,0,0,0,1
443351644,790969,796265,480815,454610,631503,543357,399456,469429,172119,210822,209761,200552,224081,148616,201194,194441,134407,228088,234868,160769,-10198,128844,256343,-8388607,0,2661,2666,2662,755,2479,-10110976,1,1,14,1,287,0,0,0,1
443351645,788599,794176,480826,454635,631812,543158,400656,470330,172162,211018,209973,200551,223938,148696,201137,194560,134642,228001,234690,160899,-10390,128757,256477,-8388607,0,2666,2663,2663,742,2477,-10110976,1,1,14,1,287,0,0,0,1
443351646,786713,792146,481345,455112,631699,543144,401463,471577,172142,210903,209973,200530,224017,148665,200872,194238,134540,228127,234706,160830,-10335,128687,256395,-8388607,0,2661,2666,2662,755,2475,-10110976,1,1,14,1,287,0,0,0,1
443351647,785071,790616,481839,455571,631587,543439,402474,472613,172140,210932,209879,200567,224068,148484,201386,194276,134544,228097,234905,160853,-10278,128824,256504,-8388607,0,2656,2669,2662,754,2477,-10110976,1,1,14,1,287,0,0,0,1
443351648,783632,789520,482461,455875,631598,543060,403338,473499,172071,211074,209886,200514,223784,148311,201097,194314,134664,228192,234963,160972,-10092,128902,256399,-8388607,0,2659,2663,2667,750,2477,-10110976,1,1,14,1,287,0,0,0,1
443351649,782398,788477,482908,456611,631160,542788,403906,473984,172213,210993,209724,200591,223744,148369,201080,194154,134544,227907,234915,160943,-10279,128787,256319,-8388607,0,2666,2662,2663,754,2477,-10110976,1,1,14,1,287,0,0,0,1
443351650,780994,787907,483399,457358,630743,542447,404793,474597,172119,210951,209955,200663,223729,148187,201077,194285,134583,228029,234931,161081,-10242,129004,256307,-8388607,0,2664,2669,2661,752,2480,-10110976,1,1,14,1,287,0,0,0,1
443351651,779762,787478,483692,458173,630816,542031,405244,475100,172255,211091,209894,200565,223833,148452,200912,194335,134389,228006,235042,160991,-9957,129190,256428,-8388607,0,2662,2665,2663,754,2481,-10110976,1,1,14,1,287,0,0,0,1
443351652,778316,786999,483893,459107,630680,541307,406100,475598,172211,211042,210049,200721,223754,148357,200896,194259,134485,228141,235055,161086,-9934,129385,256454,-8388607,0,2663,2659,2664,756,2478,-10110976,1,1,14,1,287,0,0,0,1
443351653,776570,786142,484052,459814,630134,541120,406855,476542,172145,210938,209966,200587,223608,148352,200833,193840,134514,228120,234845,160959,-9885,129401,256358,-8388607,0,2661,2664,2660,760,2478,-10110976,1,1,14,1,287,0,0,0,1
443351654,774828,784978,484840,460508,629931,541073,407785,477612,172148,211081,210006,200462,223681,148612,200899,194138,134417,228295,234718,161140,-9781,129405,256471,-8388607,0,2657,2668,2664,755,2481,-10110976,1,1,14,1,287,0,0,0,1
443351655,773012,783821,485225,460848,629576,541158,408760,478631,172000,211109,209722,200517,223736,148222,200933,194202,134576,228241,234823,161055,-9909,129293,256476,-8388607,0,2665,2664,2662,754,2477,-10110976,1,1,14,1,287,0,0,0,1
443351656,771289,782281,485485,461444,629487,541439,409457,479602,172011,210845,209733,200422,223707,148250,200873,194175,134563,228139,234777,161067,-10203,129045,256478,-8388607,0,2665,2665,2664,758,2475,-10110976,1,1,14,1,287,0,0,0,1
443351657,769444,780711,485733,461570,629399,541628,410400,480617,171926,210920,209966,200471,223985,148482,201280,194103,134458,228085,234865,160971,-10079,129045,256336,-8388607,0,2661,2666,2662,754,2479,-10110976,1,1,14,1,287,0,0,0,1
443351658,767632,779072,485690,461518,629611,541460,411359,481410,171753,210702,209646,200309,224026,148361,201196,194130,134534,228060,234883,160878,-10119,128968,256548,-8388607,0,2661,2665,2666,752,2478,-10110976,1,1,14,1,287,0,0,0,1
443351659,765858,777414,485745,461690,629541,541419,412556,482450,172078,210776,209819,200495,224085,148682,201289,194474,134566,228045,235126,161203,-10124,128981,256563,-8388607,0,2666,2666,2662,757,2477,-10110976,1,1,14,1,287,0,0,0,1
443351660,764290,776017,486010,461735,629241,540989,413314,483338,171949,210561,209796,200554,224142,148435,201230,194402,134539,227983,234975,160909,-10046,129130,256516,-8388607,0,2662,2668,2662,756,2482,-10110976,1,1,14,1,287,0,0,0,1
443351661,762552,774364,486098,462176,628453,540265,413759,483731,171846,210609,209816,200491,224146,148612,201275,194642,134518,228279,234975,161040,-10007,129090,256549,-8388607,0,2663,2663,2663,753,2481,-10110976,1,1,14,1,287,0,0,0,1
443351662,761060,772451,486416,462436,627431,539480,413975,483974,171926,210627,209737,200414,224014,148714,201027,194348,134446,228239,234959,161080,-10085,128749,256491,-8388607,0,2662,2663,2662,761,2477,-10110976,1,1,14,1,287,0,0,0,1
443351663,759515,770700,486928,462856,626417,538229,413578,484230,172135,210665,209736,200270,224009,148527,200970,194238,134432,228292,234781,161030,-10077,128895,256529,-8388607,0,2660,2665,2662,759,2477,-10110976,1,1,14,1,287,0,0,0,1
443351664,758017,769007,487376,463055,624786,537278,413222,484283,172234,210889,209882,200543,223920,148501,200824,194207,134478,228125,234868,160968,-10064,128988,256680,-8388607,0,2661,2664,2664,753,2482,-10110976,1,1,14,1,287,0,0,0,1
443351665,756477,767050,487690,462853,623263,536165,413299,484193,172209,211101,209867,200646,223789,148501,200845,194060,134537,228058,234987,160785,-9913,129214,256603,-8388607,0,2667,2663,2665,756,2478,-10110976,1,1,14,1,287,0,0,0,1
443351666,754685,764942,487704,462803,622050,535063,413243,484592,172270,211018,210131,200882,223815,148249,200829,194267,134517,228013,234867,160736,-9651,129245,256571,-8388607,0,2663,2664,2659,758,2478,-10110976,1,1,14,1,287,0,0,0,1
443351667,752817,762840,487533,462580,621216,534180,413623,484970,172349,211115,210026,200762,223708,148024,201003,194218,134370,228086,234920,160864,-9713,129448,256594,-8388607,0,2659,2666,2662,754,2482,-10110976,1,1,14,1,287,0,0,0,1
443351668,750721,760631,487387,462632,620641,533456,414103,485593,172438,211151,210186,200808,223621,148154,201019,194135,134503,227918,235069,160967,-9655,129398,256518,-8388607,0,2661,2661,2670,751,2477,-10110976,1,1,14,1,287,0,0,0,1
443351669,747916,758153,487014,462475,620094,533032,414782,486222,172194,211008,210026,200636,223712,148148,200920,194052,134427,228005,234925,160855,-9722,129322,256558,-8388607,0,2663,2666,2662,758,2475,-10110976,1,1,14,1,287,0,0,0,1
443351670,745239,755481,486626,462150,619747,532990,415575,487202,172252,211144,209974,200715,223721,148433,201144,194426,134457,228244,234880,160951,-10087,129192,256656,-8388607,0,2661,2666,2658,753,2480,-10110976,1,1,14,1,287,0,0,0,1
443351671,742540,752473,486398,461340,619335,532762,416362,487924,172156,211032,209966,200450,223710,148417,200973,194080,134443,228149,234882,161136,-10045,128882,256687,-8388607,0,2663,2661,2666,750,2477,-10110976,1,1,14,1,287,0,0,0,1
443351672,740080,749081,486164,460628,619416,532596,417223,488898,171737,210831,209645,200404,223913,148623,200884,194216,134386,228084,234798,161102,-10039,128930,256669,-8388607,0,2668,2662,2662,755,2476,-10110976,1,1,14,1,287,0,0,0,1
443351673,737640,745811,486152,459825,619377,532508,418352,490091,171835,210647,209619,200414,223911,148564,201098,194333,134683,228233,235060,161104,-9873,128894,256604,-8388607,0,2661,2666,2657,757,2479,-10110976,1,1,14,1,287,0,0,0,1
443351674,735320,742613,486088,459323,619015,532189,419180,490957,171557,210618,209404,200354,223961,148774,201215,194299,134651,228060,235096,161045,-9858,129013,256627,-8388607,0,2658,2663,2664,751,2484,-10110976,1,1,14,1,287,0,0,0,1
443351675,732503,739641,485874,459280,618725,531893,420064,491689,171573,210529,209528,200378,224031,148610,201149,194497,134699,228017,235091,161077,-9955,128783,256650,-8388607,0,2666,2661,2665,754,2478,-10110976,1,1,14,1,287,0,0,0,1
443351676,729823,737268,485826,459126,618381,531185,420697,492029,171728,210568,209324,200340,224064,148546,201340,194542,134650,228217,235180,160977,-10215,128661,256733,-8388607,0,2664,2666,2662,758,2478,-10110976,1,1,14,1,287,0,0,0,1
443351677,727177,735070,485467,458865,617772,530376,420789,492474,171592,210381,209198,200270,223943,148409,201010,194505,134599,228096,235008,160901,-10343,128602,256528,-8388607,0,2657,2665,2664,755,2482,-10110976,1,1,14,1,287,0,0,0,1
443351678,724626,732740,485449,458832,617340,529870,421267,493120,171942,210624,209375,200180,223760,148457,200927,194206,134570,228229,234763,160783,-10178,128566,256676,-8388607,0,2662,2661,2666,756,2478,-10110976,1,1,14,1,287,0,0,0,1
443351679,722555,730474,485078,458692,617017,529254,421975,493755,172022,210952,209772,200521,223768,148362,200838,194218,134392,228195,234967,160946,-10010,128863,256621,-8388607,0,2661,2662,2662,759,2474,-10110976,1,1,14,1,287,0,0,0,1
443351680,720426,728493,484865,458580,616969,528832,422753,494562,172306,211010,210075,200742,223790,148339,200885,194192,134428,228121,234729,161073,-9856,129129,256608,-8388607,0,2664,2669,2662,754,2481,-10110976,1,1,14,1,287,0,0,0,1
443351681,718004,726407,484743,458480,616921,528298,423655,495070,172387,211326,209952,200763,223668,148396,200771,193912,134312,228075,234833,161072,-9824,129121,256666,-8388607,0,2666,2665,2663,752,2479,-10110976,1,1,14,1,287,0,0,0,1
443351682,715217,724552,484836,458575,617232,527921,424851,495695,172479,211233,210120,200793,223622,148208,200594,194141,134438,227944,234648,160905,-9925,128966,256662,-8388607,0,2666,2668,2666,757,2471,-10110976,1,1,14,1,287,0,0,0,1
443351683,712693,722645,484585,458803,617385,527657,425835,496393,172512,211445,210207,200753,223546,148120,200603,194091,134296,228028,234764,160922,-9969,128799,256729,-8388607,0,2662,2669,2657,750,2480,-10110976,1,1,14,1,287,0,0,0,1
443351684,709910,720683,483972,458834,617303,527293,426710,497074,172749,211562,210387,200799,223690,148245,200794,194193,134405,227804,234777,160640,-10084,128546,256682,-8388607,0,2662,2666,2661,750,2481,-10110976,1,1,14,1,287,0,0,0,1
443351685,707286,719048,483477,459064,617464,526933,427579,497909,172639,211550,210125,200915,223757,148193,200897,193951,134348,227788,234796,160799,-10141,128580,256777,-8388607,0,2670,2662,2661,754,2476,-10110976,1,1,14,1,287,0,0,0,1
443351686,704793,717445,482874,458993,617416,526561,428335,498529,172222,211033,210002,200645,223802,148201,201013,194118,134296,227943,234743,160628,-10150,128504,256695,-8388607,0,2663,2663,2664,759,2477,-10110976,1,1,14,1,287,0,0,0,1
443351687,702406,716174,482724,459300,616958,525970,428855,499304,172002,210926,209995,200645,224040,148518,201124,194304,134232,228220,234637,160825,-10254,128355,256712,-8388607,0,2662,2662,2665,752,2484,-10110976,1,1,14,1,287,0,0,0,1
443351688,700531,714829,482591,459372,616249,525344,429224,500106,171881,210748,209658,200429,224073,148472,201266,194305,134392,228131,234681,160961,-10598,128253,256610,-8388607,0,2663,2661,2663,754,2475,-10110976,1,1,14,1,287,0,0,0,1
443351689,699246,713830,482968,459900,615845,524925,429919,500561,171792,210496,209645,200371,224139,148986,201257,194642,134447,228205,235017,160961,-10509,128218,256697,-8388607,0,2660,2665,2664,760,2477,-10110976,1,1,14,1,287,0,0,0,1
443351690,698535,712872,483809,460552,615239,524153,430481,500837,171743,210340,209642,200409,224191,148992,201297,194659,134556,228228,235123,161216,-10305,128424,256750,-8388607,0,2657,2666,2664,754,2480,-10110976,1,1,14,1,287,0,0,0,1
443351691,698100,711954,484618,461151,614500,523321,430838,501199,171560,210418,209395,200143,224131,148923,201355,194677,134664,228266,235185,161163,-10337,128463,256710,-8388607,0,2661,2662,2666,755,2477,-10110976,1,1,14,1,287,0,0,0,1
443351692,697817,711287,485493,461617,613957,522566,431268,501805,171674,210369,209413,200283,224044,148845,201269,194504,134708,228282,235185,161206,-10063,128727,256780,-8388607,0,2665,2661,2663,757,2471,-10110976,1,1,14,1,287,0,0,0,1
443351693,697367,710843,486378,462306,613386,522023,431873,502329,171630,210414,209459,200441,223852,148613,201129,194417,134967,228244,235280,161231,-10105,128714,256840,-8388607,0,2661,2666,2659,754,2479,-10110976,1,1,14,1,287,0,0,0,1
443351694,696990,710477,487199,463216,612862,521692,432356,503084,171856,210630,209563,200411,223847,148390,201130,194387,134870,228445,235164,161258,-9915,129055,256747,-8388607,0,2661,2666,2666,749,2483,-10110976,1,1,14,1,287,0,0,0,1
443351695,696597,709906,487931,464010,612382,521146,432815,503796,171956,210698,209764,200502,223619,148246,201156,194129,134800,228329,235196,161078,-9865,128964,256876,-8388607,0,2664,2663,2664,757,2477,-10110976,1,1,14,1,287,0,0,0,1
443351696,696053,709107,488591,464523,611822,520888,433416,504707,172147,211114,209905,200690,223776,147955,201017,194311,134805,228452,235053,161089,-9924,128879,256801,-8388607,0,2662,2663,2659,756,2479,-10110976,1,1,14,1,287,0,0,0,1
443351697,695406,708250,489196,465158,611380,520493,434007,505268,172158,210924,209967,200661,223668,148098,200845,193981,134598,228340,234818,161000,-9945,128786,256716,-8388607,0,2659,2661,2665,750,2481,-10110976,1,1,14,1,287,0,0,0,1
443351698,694933,707379,489822,465512,610812,519964,434473,505739,172588,211013,210140,200806,223639,148040,200736,194097,134552,228240,234918,161006,-10027,128873,256788,-8388607,0,2666,2661,2666,756,2477,-10110976,1,1,14,1,287,0,0,0,1
443351699,694392,706420,490708,465838,610490,519430,435204,506376,172672,211216,210277,200798,223648,148175,200915,194163,134446,228117,234816,160997,-10097,128970,256796,-8388607,0,2661,2664,2660,760,2471,-10110976,1,1,14,1,287,0,0,0,1
443351700,693915,705193,491591,466118,609779,518903,435708,507098,172267,211131,209788,200750,223337,148131,200589,193947,134149,227814,234621,160858,-10198,128626,256783,-8388607,0,2659,2667,2663,754,2482,-10110976,1,1,14,1,287,0,0,0,1
443351701,693775,704295,492596,466605,609550,518241,436400,508069,172377,211018,209964,200612,223561,148246,200843,194144,134282,227895,234757,160918,-10079,128549,256669,-8388607,0,2666,2664,2666,755,2477,-10110976,1,1,14,1,287,0,0,0,1
443351702,693810,703638,493857,467527,608625,517860,436854,508759,172184,210880,209898,200541,223702,148377,201030,194212,134093,227760,234823,160911,-10142,128233,256875,-8388607,0,2664,2665,2664,758,2473,-10110976,1,1,14,1,287,0,0,0,1
443351703,693788,703383,495159,468419,607647,517511,437093,509676,172110,210776,209661,200710,223918,148452,201096,194476,134243,227953,234665,160644,-10064,128496,256939,-8388607,0,2663,2668,2663,755,2481,-10110976,1,1,14,1,287,0,0,0,1
443351704,693819,703406,496284,469479,606639,517174,436965,510377,171715,210375,209375,200474,223998,148460,201139,194371,134216,227804,234649,160705,-9156,128151,256848,-8388607,0,2661,2663,2668,748,2477,-10110976,1,1,14,1,287,0,0,0,1
443351705,694710,703568,497565,470586,605651,516597,437064,511080,171545,210336,209530,200215,224202,148473,201247,194646,134420,228031,234730,160747,-357,129960,256792,-8388607,0,2668,2667,2666,757,2477,-10110976,1,1,14,1,287,0,0,0,1
443351706,697764,704006,498444,471764,604430,515775,437453,511376,171717,210184,209391,200089,224192,148800,201320,194311,134423,228175,234994,160939,19436,135732,256848,-8388607,0,2660,2666,2659,754,2480,-10110976,1,1,14,1,287,0,0,0,1
443351707,703587,704634,498303,473437,603525,514665,437703,511621,171799,210435,209383,200304,224086,148714,201380,194467,134621,228068,235041,161114,50635,145197,256916,-8388607,0,2663,2665,2666,751,2481,-10110976,1,1,14,1,287,0,0,0,1
443351708,712992,706182,497736,474826,602701,513277,437995,511862,171756,210372,209421,200332,224124,148598,200940,194322,134612,228214,235158,161125,93609,162023,256880,-8388607,0,2669,2659,2664,755,2478,-10110976,1,1,14,1,287,0,0,0,1
443351709,725521,709307,497527,474869,601832,511875,438341,512181,172042,210778,209685,200485,223854,148641,200878,194210,134809,228379,235134,161317,141452,180245,256992,-8388607,0,2665,2665,2664,760,2477,-10110976,1,1,14,1,287,0,0,0,1
443351710,740958,714381,497415,474170,600627,510832,438914,512189,172305,211159,209852,200641,223866,148294,200790,194386,134763,228297,235189,161195,194817,201752,257029,-8388607,0,2660,2661,2665,752,2484,-10110976,1,1,14,1,287,0,0,0,1
443351711,759052,720155,497869,474034,599506,509884,438739,512580,172366,211264,209917,200810,223488,148324,200779,194121,134861,228301,235059,161073,253367,226565,256934,-8388607,0,2663,2659,2664,756,2479,-10110976,1,1,14,1,287,0,0,0,1
443351712,778780,726476,499472,475204,598491,509075,438828,513094,172399,211428,209907,200826,223674,148309,201018,194092,134871,228419,234997,160990,314471,251914,257039,-8388607,0,2662,2666,2663,759,2479,-10110976,1,1,14,1,287,0,0,0,1
443351713,798505,733187,501144,477995,597384,508519,439102,513720,172606,211302,209972,200742,223395,148001,201047,194036,134819,228310,235049,161018,378923,279510,256912,-8388607,0,2661,2666,2665,755,2482,-10110976,1,1,14,1,287,0,0,0,1
443351714,816955,739763,503808,481225,596451,507678,439318,514429,172235,211063,209893,200791,223480,147714,200808,194083,134523,228030,234720,160839,443422,306100,256899,-8388607,0,2663,2664,2666,751,2478,-10110976,1,1,14,1,287,0,0,0,1
443351715,834561,745910,506230,484960,595924,507009,440036,515342,172321,211142,209994,200796,223768,148018,200753,194065,134406,227932,234758,160783,508852,333307,256952,-8388607,0,2665,2665,2662,759,2478,-10110976,1,1,14,1,287,0,0,0,1
443351716,852462,751508,507773,487714,595964,506506,441092,515915,172121,210931,209886,200646,223638,148202,200833,193932,134307,227815,234750,160806,576458,361817,256832,-8388607,0,2658,2668,2662,753,2481,-10110976,1,1,14,1,287,0,0,0,1
443351717,871259,755978,508007,488520,595954,506103,441983,517064,171968,210789,209780,200690,224000,148412,201008,194255,134183,227695,234747,160869,644641,390510,257018,-8388607,0,2664,2661,2666,754,2479,-10110976,1,1,14,1,287,0,0,0,1
443351718,890595,759572,507210,487779,595897,506019,442877,517749,171942,210784,209695,200564,224101,148845,201120,194270,134098,227660,234754,160781,714435,420405,256902,-8388607,0,2664,2663,2662,754,2478,-10110976,1,1,14,1,287,0,0,0,1
443351719,909993,762790,506405,485232,595769,505936,443557,518534,171720,210505,209484,200337,224212,148791,201180,194602,134021,227779,234660,160795,784166,449667,256988,-8388607,0,2662,2667,2659,755,2480,-10110976,1,1,14,1,287,0,0,0,1
443351720,928724,765501,506261,482540,595367,505973,443871,519388,171745,210367,209419,200544,224065,148536,201069,194628,134164,227974,234656,160894,854311,479116,257027,-8388607,0,2657,2666,2665,753,2484,-10110976,1,1,14,1,287,0,0,0,1
443351721,947047,768614,506069,481304,594678,505767,444435,520416,171721,210629,209387,200323,224242,148684,201337,194562,134279,228088,234723,160918,925599,508985,257060,-8388607,0,2661,2659,2661,752,2478,-10110976,1,1,14,1,287,0,0,0,1
443351722,964606,773385,506265,481567,593699,505096,444757,521188,171717,210546,209611,200574,224136,148443,201232,194389,134478,228014,234547,160934,996001,536658,257019,-8388607,0,2663,2666,2664,760,2477,-10110976,1,1,14,1,287,0,0,0,1
443351723,981872,783296,507148,481699,592510,504414,445012,522146,171763,210473,209689,200328,224049,148348,201195,194455,134413,227952,234775,160812,1066489,564359,257132,-8388607,0,2660,2665,2664,755,2481,-10110976,1,1,14,1,287,0,0,0,1
443351724,1000646,800420,508508,480805,591504,503603,445455,522380,172088,210743,209805,200572,223723,148444,201115,194335,134744,228253,234933,161045,1136488,592404,257053,-8388607,0,2667,2661,2668,753,2478,-10110976,1,1,14,1,287,0,0,0,1
443351725,1025025,824972,507820,478618,590526,502168,445521,522414,172326,211074,209874,200499,223812,148264,200873,194133,134740,228100,235171,161047,1208347,623117,257085,-8388607,0,2662,2665,2664,761,2473,-10110976,1,1,14,1,287,0,0,0,1
443351726,1055680,855705,504740,476725,589425,500929,445433,522088,172617,211271,210010,200643,223692,148069,200757,193933,134715,228293,235039,161049,1283359,657556,257046,-8388607,0,2659,2668,2666,754,2481,-10110976,1,1,14,1,287,0,0,0,1
443351727,1089750,890826,502031,476531,588518,499824,445238,521905,172611,211471,210036,200653,223592,148180,200883,194054,134690,228430,235218,161140,1358506,691993,257024,-8388607,0,2661,2668,2666,754,2480,-10110976,1,1,14,1,287,0,0,0,1
443351728,1123137,927781,502719,479074,587107,498652,445159,521956,172564,211341,210216,200790,223619,148283,201042,193959,134715,228153,235044,161143,1435295,726934,257043,-8388607,0,2668,2666,2662,756,2476,-10110976,1,1,14,1,287,0,0,0,1
443351729,1153910,962527,507295,485590,585862,497478,445310,522225,172422,211335,210214,201001,223670,148162,200694,194076,134688,228329,235069,161132,1513143,761754,257081,-8388607,0,2659,2667,2659,757,2477,-10110976,1,1,14,1,287,0,0,0,1
443351730,1182130,991032,512868,494049,584542,496122,445578,522534,172265,211188,210251,200755,223851,148239,200858,194106,134599,228256,234922,161016,1590719,794173,256885,-8388607,0,2663,2662,2664,753,2484,-10110976,1,1,14,1,287,0,0,0,1
443351731,1208577,1014053,517822,501365,583491,494808,445968,523122,172201,210675,210190,200778,223677,148297,200952,194273,134305,228117,234743,160905,1670400,826594,256947,-8388607,0,2664,2661,2663,754,2477,-10110976,1,1,14,1,287,0,0,0,1
443351732,1233235,1034270,521443,504362,582636,493853,446164,523305,172049,210609,210170,200638,223927,148419,201220,194628,134476,228053,234852,161062,1750461,859459,257037,-8388607,0,2660,2666,2662,758,2482,-10110976,1,1,14,1,287,0,0,0,1
443351733,1257493,1053583,521953,501365,581842,492887,446272,522934,171909,210600,209668,200365,224013,148750,201347,194279,134299,227861,234815,160977,1830516,892921,257034,-8388607,0,2659,2664,2664,754,2479,-10110976,1,1,14,1,287,0,0,0,1
443351734,1282847,1072902,517933,494618,581686,492109,446458,522821,171925,210546,209570,200273,224068,148802,201287,194395,134371,227899,235008,160963,1912126,928151,256965,-8388607,0,2663,2659,2664,756,2478,-10110976,1,1,14,1,287,0,0,0,1
443351735,1307936,1092549,510375,487569,581338,491459,446629,522798,171630,210433,209427,200275,224257,148766,201295,194648,134342,227932,234941,160751,1992282,962514,257021,-8388607,0,2664,2663,2664,759,2475,-10110976,1,1,14,1,287,0,0,0,1
443351736,1330892,1113191,503179,482589,580796,491036,446860,523249,171494,210411,209448,200253,224170,148773,201096,194510,134401,228040,234849,160754,2070422,995793,257016,-8388607,0,2657,2665,2663,754,2482,-10110976,1,1,14,1,287,0,0,0,1
443351737,1350943,1134340,498987,481436,580228,490407,447896,523951,171428,210313,209511,200461,224193,148704,201104,194214,134413,227952,234724,160953,2145542,1027772,256987,-8388607,0,2661,2664,2668,753,2478,-10110976,1,1,14,1,287,0,0,0,1
443351738,1370169,1154801,498461,485484,579638,489598,449333,525081,171321,210327,209494,200257,223943,148559,201107,194362,134334,228115,234834,161041,2214930,1056799,257056,-8388607,0,2661,2665,2658,758,2475,-10110976,1,1,14,1,287,0,0,0,1
443351739,1390587,1175140,501204,492646,579070,488393,450528,526321,171411,210363,209439,200490,223962,148544,201180,194236,134601,228318,234855,161025,2278995,1083835,257100,-8388607,0,2663,2670,2664,754,2480,-10110976,1,1,14,1,287,0,0,0,1
443351740,1413492,1197220,507453,500098,578664,487773,451670,526869,171594,210335,209283,200110,223835,148144,200896,194100,134674,228359,234980,161129,2335861,1108822,257066,-8388607,0,2665,2663,2665,751,2477,-10110976,1,1,14,1,287,0,0,0,1
443351741,1437969,1223016,515592,507177,578456,487360,452313,527230,171829,210665,209204,200100,223681,147982,200822,194191,134833,228124,235036,161157,2381566,1130763,257140,-8388607,0,2668,2662,2666,757,2476,-10110976,1,1,14,1,287,0,0,0,1
443351742,1464066,1251862,522218,513630,578225,487142,452486,527491,172120,210816,209528,200149,223588,148000,200831,194147,134703,228095,234922,160981,2412199,1148293,257159,-8388607,0,2660,2668,2659,754,2480,-10110976,1,1,14,1,287,0,0,0,1
443351743,1488372,1280926,525675,518932,578115,487033,452698,528099,172311,211091,209740,200284,223353,147868,200515,193996,134831,228014,235109,161010,2424858,1158233,257046,-8388607,0,2657,2665,2664,754,2481,-10110976,1,1,14,1,287,0,0,0,1
443351744,1506115,1309116,525933,523216,578012,487132,452975,529017,172560,211215,210083,200448,223321,147890,200412,193662,134767,228152,235105,160951,2420439,1161078,257135,-8388607,0,2668,2661,2666,756,2477,-10110976,1,1,14,1,287,0,0,0,1
443351745,1516539,1334003,524780,526990,577136,486979,453616,530184,172762,211502,210411,201170,223387,148100,200350,193536,134466,228124,234972,160872,2400972,1156440,257200,-8388607,0,2664,2665,2664,760,2477,-10110976,1,1,14,1,287,0,0,0,1
443351746,1521116,1353434,523908,530054,576160,486520,454474,531131,172700,211233,210525,201260,223445,148022,200307,193656,134450,228093,234838,160862,2368503,1144881,257206,-8388607,0,2661,2667,2661,752,2484,-10110976,1,1,14,1,287,0,0,0,1
443351747,1522300,1368817,523443,532441,575228,485763,455248,532011,172583,211123,210668,201241,223749,148077,200635,193621,134311,228000,234847,160824,2323862,1126353,257117,-8388607,0,2663,2663,2668,754,2478,-10110976,1,1,14,1,287,0,0,0,1
443351748,1523628,1384167,524583,532683,574500,484885,455835,532958,172623,211299,210442,201411,223962,148307,200853,194111,134411,227961,234668,160931,2267074,1100526,257185,-8388607,0,2661,2664,2660,757,2475,-10110976,1,1,14,1,287,0,0,0,1
443351749,1527176,1402523,527712,532080,574025,484462,456348,533051,172448,211296,210036,201000,224058,148636,201200,194135,134009,227902,234588,160793,2203930,1073162,257283,-8388607,0,2661,2669,2666,755,2481,-10110976,1,1,14,1,287,0,0,0,1
443351750,1535079,1424790,531598,532463,573914,483873,456572,533347,172413,211276,209637,200601,224273,148790,201413,194642,134105,227680,234631,160814,2138322,1046658,257159,-8388607,0,2665,2662,2664,750,2477,-10110976,1,1,14,1,287,0,0,0,1
443351751,1545380,1450718,535170,535273,573425,483584,456537,533839,172367,211196,209317,200522,224503,148841,201783,194944,134250,227864,234601,160789,2070030,1019783,257315,-8388607,0,2668,2666,2664,754,2473,-10110976,1,1,14,1,287,0,0,0,1
443351752,1553852,1478672,539394,540891,572399,483453,456233,534594,171860,210827,209318,200228,224582,148893,201773,195102,134330,227975,234707,160658,1997288,990836,257147,-8388607,0,2661,2666,2656,755,2479,-10110976,1,1,14,1,287,0,0,0,1
443351753,1559150,1505820,544933,548472,570838,483031,456237,535276,171434,210221,209187,199785,224611,149079,201569,195076,134424,227888,234663,160715,1921148,959535,257143,-8388607,0,2661,2662,2664,752,2480,-10110976,1,1,14,1,287,0,0,0,1
443351754,1562975,1528817,551904,557818,569043,481973,456222,536265,171117,209983,209284,199951,224582,149236,201437,194879,134468,228124,234954,160785,1844046,927626,257289,-8388607,0,2666,2661,2662,756,2476,-10110976,1,1,14,1,287,0,0,0,1
443351755,1565967,1547428,559675,566405,567326,480595,456248,536926,170917,209706,209317,199787,224343,149028,201328,194685,134730,228278,234858,160909,1766123,894836,257318,-8388607,0,2663,2665,2661,756,2479,-10110976,1,1,14,1,287,0,0,0,1
443351756,1569096,1563048,567478,570875,565785,479302,456076,537183,170982,209909,209365,200002,224197,148815,200953,194367,134859,228213,235182,161063,1688259,861141,257284,-8388607,0,2659,2664,2664,753,2484,-10110976,1,1,14,1,287,0,0,0,1
443351757,1573419,1576179,572955,570148,564615,478020,455913,537286,171416,210377,209483,200197,224047,148439,200574,194089,134877,228309,235454,161517,1612146,828817,257211,-8388607,0,2663,2663,2664,754,2477,-10110976,1,1,14,1,287,0,0,0,1
443351758,1579320,1587134,574421,566648,563633,477020,455767,537062,171604,210877,209382,200431,223580,147985,200420,193537,135072,228360,235461,161446,1538305,797870,257259,-8388607,0,2661,2667,2661,758,2473,-10110976,1,1,14,1,287,0,0,0,1
443351759,1584268,1596384,572411,561979,562777,476387,455238,537222,172331,211316,209581,200866,223023,147498,200546,193521,134903,228326,235307,161319,1467177,769378,257193,-8388607,0,2660,2668,2662,752,2480,-10110976,1,1,14,1,287,0,0,0,1
443351760,1586117,1603066,569602,557794,561606,475689,455046,537374,172819,212023,210032,201233,222863,147331,200459,193352,134961,228606,235101,161363,1396791,740524,257338,-8388607,0,2666,2664,2670,755,2477,-10110976,1,1,14,1,287,0,0,0,1
443351761,1585206,1606294,567672,556638,560295,475144,454966,537672,173379,211835,210378,201270,222702,147208,200353,193476,134911,228521,234998,161135,1326100,710325,257245,-8388607,0,2665,2668,2660,758,2471,-10110976,1,1,14,1,287,0,0,0,1
443351762,1584595,1606271,568744,559479,558911,474277,455262,538422,173393,211778,210659,201167,222615,147162,200435,193747,134602,228424,234862,160803,1256833,680143,257326,-8388607,0,2661,2667,2666,754,2481,-10110976,1,1,14,1,287,0,0,0,1
443351763,1586096,1605494,573753,564132,557606,473032,455724,539125,173277,211622,210841,201167,223035,147485,200610,193907,134567,228070,234609,160718,1188877,650566,257251,-8388607,0,2664,2666,2666,751,2479,-10110976,1,1,14,1,287,0,0,0,1
443351764,1591376,1606197,580439,568189,556783,472186,456675,539731,173143,211329,210764,201134,223522,148254,200960,194198,134253,227743,234418,160599,1122319,621904,257298,-8388607,0,2662,2663,2664,756,2477,-10110976,1,1,14,1,287,0,0,0,1
443351765,1601441,1608586,585815,570469,556492,471265,457300,540217,172608,210991,210300,201034,224154,148817,201130,194519,134141,227502,234537,160467,1058271,595522,257233,-8388607,0,2664,2669,2657,754,2479,-10110976,1,1,14,1,287,0,0,0,1
443351766,1613486,1612134,588484,571779,556584,470790,457896,540369,172185,210813,209858,200702,224679,149288,201566,194606,133906,227495,234550,160648,996619,571467,257158,-8388607,0,2666,2663,2665,751,2479,-10110976,1,1,14,1,287,0,0,0,1
443351767,1623733,1615921,588871,572089,556408,470259,457888,540334,171398,210705,209249,200248,225174,149575,201809,194956,133721,227655,234672,160649,935232,547587,257126,-8388607,0,2667,2659,2666,756,2477,-10110976,1,1,14,1,287,0,0,0,1
443351768,1629312,1617275,588363,573290,556184,469378,458032,540450,170975,210336,208766,199993,225377,149786,201975,195149,133777,227744,234522,160728,873085,522041,257245,-8388607,0,2659,2665,2664,760,2477,-10110976,1,1,14,1,287,0,0,0,1
443351769,1630270,1615191,587116,576215,555527,469089,458212,540954,170656,209908,208516,199645,225257,149767,202102,195066,133979,228052,234639,160998,810007,494384,257295,-8388607,0,2658,2665,2665,755,2481,-10110976,1,1,14,1,287,0,0,0,1
443351770,1628462,1610587,585571,579454,554328,467983,458724,541915,170963,209717,208793,199735,224951,149662,201895,195215,134473,228366,234970,161113,746474,465276,257306,-8388607,0,2663,2662,2666,756,2478,-10110976,1,1,14,1,287,0,0,0,1
443351771,1626938,1606876,584853,581520,553632,466783,459679,542586,171197,209362,209406,199784,224400,149045,201463,194940,134731,228369,235156,161124,683727,437053,257325,-8388607,0,2665,2664,2658,758,2475,-10110976,1,1,14,1,287,0,0,0,1
443351772,1627656,1605403,583156,581902,553107,465643,460631,542817,171576,209939,209483,200074,223732,148373,201122,194690,135034,228498,235371,161293,621662,409949,257408,-8388607,0,2659,2666,2662,754,2480,-10110976,1,1,14,1,287,0,0,0,1
443351773,1631429,1606859,581120,581064,553173,464456,461447,542767,172188,210547,210081,200599,223209,147829,200432,194078,135346,228533,235746,161414,561036,384286,257358,-8388607,0,2662,2663,2667,749,2478,-10110976,1,1,14,1,287,0,0,0,1
443351774,1636483,1611199,580176,581210,553688,463904,462186,542700,172599,211263,210165,200938,222666,147310,199955,193287,135617,228779,235756,161383,501981,360111,257199,-8388607,0,2665,2666,2662,756,2475,-10110976,1,1,14,1,287,0,0,0,1
443351775,1640528,1617116,581606,583967,553827,463229,462581,542642,173157,212215,210276,201074,222448,146705,199793,192707,135645,228896,235610,161564,442971,335796,257458,-8388607,0,2660,2668,2659,753,2480,-10110976,1,1,14,1,287,0,0,0,1
443351776,1641920,1622370,585420,590420,553475,462927,463165,543145,172997,212164,210280,201060,222132,146600,199799,192571,135247,228608,235607,161357,384607,310956,257289,-8388607,0,2664,2661,2667,751,2482,-10110976,1,1,14,1,287,0,0,0,1
443351777,1640944,1627062,590836,599521,552718,462513,463903,544099,173031,212339,210413,201379,222524,146745,200065,193126,135015,228590,235124,161275,326874,284928,257327,-8388607,0,2668,2661,2663,754,2476,-10110976,1,1,14,1,287,0,0,0,1
443351778,1638531,1631876,596994,608034,551707,462022,464675,545504,173132,211738,210349,201256,222927,146930,200528,193312,134618,228317,234912,161096,270529,259199,257298,-8388607,0,2660,2665,2663,753,2477,-10110976,1,1,14,1,287,0,0,0,1
443351779,1637428,1637689,602220,614206,550722,461228,465565,546654,172697,211105,210357,200770,223419,147722,200896,193904,134029,227855,234484,160733,218716,236643,257436,-8388607,0,2657,2667,2661,755,2484,-10110976,1,1,14,1,287,0,0,0,1
443351780,1638140,1643757,605203,616943,550299,460672,466462,547451,172200,210696,210012,200511,223848,148517,201254,194540,133586,227452,234431,160617,171167,217152,257402,-8388607,0,2661,2661,2666,754,2477,-10110976,1,1,14,1,287,0,0,0,1
443351781,1639249,1649586,606573,616395,550391,460147,467565,547838,171436,210096,209728,200304,224634,149403,201583,195193,133517,227080,234286,160305,128384,199710,257230,-8388607,0,2664,2663,2660,758,2478,-10110976,1,1,14,1,287,0,1,0,37
443351782,1639258,1653717,608405,615000,550938,459834,468137,548001,171202,209792,209286,199963,224963,149907,201911,195518,133426,227019,234196,160259,90642,184246,257395,-8388607,0,2659,2669,2663,756,2481,-10110976,1,1,14,1,287,0,1,0,37
443351783,1636903,1655661,611306,615327,551274,459613,468730,548553,170939,209807,208835,199796,225124,150238,201875,195594,133533,227057,234189,160451,57527,169948,257317,-8388607,0,2664,2663,2668,756,2477,-10110976,1,1,14,1,287,0,1,0,37
443351784,1632414,1655767,616248,618385,551368,459206,469564,549296,170887,209897,208700,199702,225410,150323,202009,195334,133629,227453,234462,160607,29857,156918,257336,-8388607,0,2661,2665,2666,759,2471,-10110976,1,1,14,1,287,0,1,0,37
443351785,1627589,1655408,622429,622692,550654,458877,470669,550410,171005,210357,208906,199761,225514,149893,201675,194935,133893,227676,234703,161043,8913,145721,257352,-8388607,0,2659,2674,2666,754,2480,-10110976,1,1,14,1,287,0,1,0,37
443351786,1624736,1656238,628203,627164,549726,458259,471574,551841,171519,210303,209137,200046,224770,149353,201500,194833,134190,228030,234925,161230,-4659,138723,257319,-8388607,0,2663,2662,2664,752,2478,-10110976,1,1,14,1,287,0,1,0,37
443351787,1626282,1658964,633712,630725,548911,457691,472343,552934,172002,210711,209872,200762,223994,148508,201025,194048,134675,228564,235192,161379,-10820,135986,257286,-8388607,0,2668,2662,2663,756,2477,-10110976,1,1,14,1,287,0,1,0,37
443351788,1630902,1662673,639187,633203,548203,457205,472583,553618,172590,210947,210414,200975,223559,147729,200763,193776,135226,228895,235453,161509,-11166,137704,257360,-8388607,0,2662,2665,2659,755,2480,-10110976,1,1,14,1,287,0,1,0,37
443351789,1636362,1665442,644926,634526,547896,457191,472611,553979,173074,211717,210774,201160,222771,147023,200495,193460,135655,228920,235753,161624,-10444,139564,257275,-8388607,0,2662,2666,2665,752,2484,-10110976,1,1,14,1,287,0,1,0,37
443351790,1639643,1665276,650739,636385,547408,457104,472464,554288,173271,211819,210658,201187,222316,146541,200059,193133,135837,229027,235496,161487,-10447,139784,257336,-8388607,0,2663,2662,2666,756,2476,-10110976,1,1,14,1,287,0,1,0,37
443351791,1639649,1661421,656716,639270,546817,457010,472889,555003,173434,212060,210689,201197,222106,146481,199940,193070,135675,228998,235466,161280,-10490,139414,257401,-8388607,0,2663,2664,2661,759,2478,-10110976,1,1,14,1,287,0,1,0,37
443351792,1635982,1654932,661253,642114,545931,456681,472970,555981,173002,212005,210254,201255,222309,146956,200095,193184,135281,228821,235192,161221,-11525,137932,257315,-8388607,0,2661,2665,2664,754,2481,-10110976,1,1,14,1,287,0,1,0,37
443351793,1630170,1647583,662487,644140,544450,456027,473135,557340,172893,211607,210030,201182,222729,147395,200217,193454,134806,228405,235089,160925,-12961,136060,257258,-8388607,0,2665,2659,2666,754,2478,-10110976,1,1,14,1,287,0,1,0,37
443351794,1624483,1640672,660788,643983,543031,455641,473685,558572,172231,210857,209792,200849,223686,148199,200417,193726,134395,227853,234818,160924,-13441,135104,257246,-8388607,0,2661,2665,2661,759,2478,-10110976,1,1,14,1,287,0,1,0,37
443351795,1620712,1635347,657721,642562,541865,455303,473909,559557,171668,210445,209632,200314,224091,148866,200981,194448,134089,227557,234678,160920,-13487,134918,257371,-8388607,0,2658,2668,2663,754,2482,-10110976,1,1,14,1,287,0,1,0,37
443351796,1619007,1631214,655292,641001,541106,454871,474054,560258,171322,210065,209470,199898,224530,149425,201404,194780,133593,227346,234533,160743,-13014,135794,257310,-8388607,0,2664,2666,2666,751,2478,-10110976,1,1,14,1,287,0,1,0,37
443351797,1618448,1626950,654970,640850,540619,454474,473809,560583,170824,209841,209067,200002,225224,149993,202021,195283,133497,227451,234378,160840,-11813,136884,257363,-8388607,0,2662,2665,2664,754,2473,-10110976,1,1,14,1,287,0,1,0,37
443351798,1616991,1622706,656532,642724,540353,454071,473982,560855,171050,209843,209129,199902,225334,150061,202337,195829,133417,227290,234315,160797,-11891,136319,257353,-8388607,0,2661,2666,2659,753,2479,-10110976,1,1,14,1,287,0,1,0,37
443351799,1614062,1618993,659158,646755,539687,453370,474363,561391,171164,210145,209068,199905,225438,150092,202339,195604,133766,227659,234268,160757,-13239,134793,257345,-8388607,0,2663,2663,2665,750,2480,-10110976,1,1,14,1,287,0,1,0,37
443351800,1611034,1616605,661598,652084,538378,452467,474316,561996,171356,210207,209255,199949,225023,149525,202127,195386,133916,227839,234450,160610,-13160,134667,257337,-8388607,0,2658,2661,2664,756,2478,-10110976,1,1,14,1,287,0,1,0,37
443351801,1608659,1616279,662130,657508,536935,451081,474276,562734,171660,210582,209682,200277,224473,149188,201592,195030,134531,228067,234830,160894,-12554,135176,257304,-8388607,0,2660,2670,2662,756,2481,-10110976,1,1,14,1,287,0,1,0,37
443351802,1606907,1617350,661151,661271,535320,449978,474361,563383,172413,211242,209910,200496,224012,148789,201254,194518,134859,228129,235153,160990,-12460,135809,257452,-8388607,0,2666,2665,2664,755,2482,-10110976,1,1,14,1,287,0,1,0,37
443351803,1605354,1618639,659520,662704,533942,448859,474415,563857,172751,211504,210248,200988,223640,147990,200555,193765,135113,228522,235508,161124,-11938,136529,257472,-8388607,0,2670,2661,2670,752,2477,-10110976,1,1,14,1,287,0,1,0,37
443351804,1604114,1618712,658051,663126,533202,448076,474320,564308,172972,211779,210409,201132,223054,147550,200236,193649,135343,228619,235501,161345,-11757,136731,257352,-8388607,0,2662,2668,2662,760,2473,-10110976,1,1,14,1,287,0,1,0,37
443351805,1601975,1617407,656799,663031,532876,447617,474688,564571,173133,211707,210485,201379,222514,147090,199927,193038,135288,228812,235611,161471,-11613,136635,257313,-8388607,0,2657,2668,2664,754,2481,-10110976,1,1,14,1,287,0,1,0,37
443351806,1598281,1614930,655986,662160,532922,447431,475293,565528,172953,211756,210638,201393,222547,146752,199943,193018,135202,228903,235387,161318,-12087,135556,257463,-8388607,0,2661,2664,2670,757,2477,-10110976,1,1,14,1,287,0,1,0,37
443351807,1594441,1612638,655221,661489,532992,447376,476372,566771,172789,211446,210411,201364,222637,146868,200154,193233,134995,228742,235194,161445,-13701,133561,257462,-8388607,0,2665,2665,2662,759,2473,-10110976,1,1,14,1,287,0,1,0,37
443351808,1592269,1611818,654924,661537,533090,447518,477708,567824,172374,210900,210002,200951,222901,147165,200330,193276,134792,228511,235077,161376,-13733,133115,257461,-8388607,0,2663,2668,2662,753,2479,-10110976,1,1,14,1,287,0,1,0,37
443351809,1592559,1613480,655629,662541,533041,447260,479038,569037,172023,210911,209832,200666,223210,147802,200804,193975,134421,228086,234920,161168,-13049,134080,257412,-8388607,0,2672,2661,2666,750,2477,-10110976,1,1,14,1,287,0,1,0,37
443351810,1594492,1617800,658175,664665,533024,447000,480126,570103,171952,210383,209408,200165,223669,148481,201126,194382,134236,227808,234807,160959,-12880,134567,257445,-8388607,0,2664,2660,2663,757,2477,-10110976,1,1,14,1,287,0,1,0,37
443351811,1598301,1622818,662100,667643,533250,446726,481224,571252,171775,210469,209319,199885,224495,148991,201398,194824,134028,227489,234717,160502,-12343,135550,257378,-8388607,0,2661,2669,2659,755,2477,-10110976,1,1,14,1,287,0,1,0,37
443351812,1602104,1626849,667303,671143,533272,446447,482375,571832,171520,210313,209009,199844,224783,149523,201771,195231,133966,227249,234551,160422,-11448,136550,257393,-8388607,0,2663,2663,2665,750,2481,-10110976,1,1,14,1,287,0,0,0,1
443351813,1604601,1629251,673097,674459,533290,446317,483173,572483,171212,210208,209049,199944,224972,149729,201874,195281,133904,227460,234415,160430,-11276,137168,257477,-8388607,0,2665,2659,2664,757,2476,-10110976,1,1,14,1,287,0,0,0,1
443351814,1604906,1629541,678004,676154,533253,445736,483696,573090,171263,210305,209449,200493,225240,149686,202157,195366,133984,227944,234596,160773,-11174,137401,257531,-8388607,0,2666,2661,2663,755,2480,-10110976,1,1,14,1,287,0,0,0,1
443351815,1603469,1627456,681025,676377,532569,444915,484246,573104,171314,210428,209530,200525,225128,149302,201832,194964,133886,228025,234488,160931,-11615,136773,257381,-8388607,0,2657,2665,2664,754,2482,-10110976,1,1,14,1,287,0,0,0,1
443351816,1600758,1624341,681893,675750,531726,443571,484530,573238,171712,210679,209670,200626,224798,149080,201799,194917,134259,228271,234687,161088,-12121,136076,257486,-8388607,0,2661,2662,2666,756,2477,-10110976,1,1,14,1,287,0,0,0,1
443351817,1597326,1620934,682174,673958,530406,442236,484583,573060,172175,210812,209986,200394,224354,148700,201550,194668,134636,228408,235002,161279,-11920,136136,257496,-8388607,0,2661,2665,2661,758,2473,-10110976,1,1,14,1,287,0,0,0,1
443351818,1593767,1616995,681911,672074,529401,440945,485021,573310,172557,211295,210140,200513,223766,148184,200991,194321,134720,228199,235374,161105,-11994,136259,257468,-8388607,0,2659,2676,2664,754,2480,-10110976,1,1,14,1,287,0,0,0,1
443351819,1589816,1612239,681763,670759,528842,439500,485864,573342,172854,211624,210325,200904,223428,147961,200540,193980,135072,228352,235480,161232,-12257,135353,257602,-8388607,0,2665,2664,2666,752,2479,-10110976,1,1,14,1,287,0,0,0,1
443351820,1585330,1606965,682291,669854,528504,438605,486479,573451,173057,211747,210389,200839,222855,147390,200070,193564,135164,228384,235439,161129,-12319,135026,257511,-8388607,0,2665,2666,2662,759,2475,-10110976,1,1,14,1,287,0,0,0,1
443351821,1580539,1601593,684235,670499,528355,438109,487291,573939,173059,211667,210490,201185,222574,147190,200124,193436,135262,228373,235322,161150,-12373,135068,257605,-8388607,0,2661,2668,2666,755,2480,-10110976,1,1,14,1,287,0,0,0,1
443351822,1576002,1596535,686632,672856,528218,437794,488227,574070,172769,211440,210509,201448,222775,147106,200217,193296,135005,228504,235162,161174,-12499,134944,257429,-8388607,0,2660,2663,2665,752,2477,-10110976,1,1,14,1,287,0,0,0,1
443351823,1572048,1592120,689201,675805,528138,437615,488771,574464,172490,211397,210084,200968,222881,147104,200186,193071,134886,228302,234923,161067,-12340,135115,257457,-8388607,0,2666,2661,2662,757,2477,-10110976,1,1,14,1,287,0,0,0,1
443351824,1568016,1589138,692023,679557,527821,437404,489350,575497,172400,210983,209923,200996,223257,147487,200717,193524,134516,228266,234727,161200,-12365,135028,257540,-8388607,0,2662,2663,2659,757,2477,-10110976,1,1,14,1,287,0,0,0,1
443351825,1564184,1586339,694130,683205,527659,437303,490166,576399,172138,210687,209846,200592,223710,147983,200884,194075,134300,228002,234668,160892,-11959,135385,257518,-8388607,0,2659,2665,2666,755,2481,-10110976,1,1,14,1,287,0,0,0,1
443351826,1560077,1582631,694939,686205,527634,437127,491389,577177,171855,210551,209504,200403,223986,148298,201141,194453,133903,227642,234714,160816,-10968,136239,257545,-8388607,0,2661,2659,2664,756,2477,-10110976,1,1,14,1,287,0,0,0,1
443351827,1553837,1577516,694489,687958,527879,436834,492616,578684,171600,210443,209417,200187,224363,148962,201571,194939,133898,227449,234641,160806,-11014,136153,257578,-8388607,0,2662,2665,2662,758,2474,-10110976,1,1,14,1,287,0,0,0,1
443351828,1545972,1570891,693157,688372,527854,436674,494033,579887,171453,210417,209003,199867,224645,149280,201834,194980,133820,227604,234560,160605,-11794,135179,257552,-8388607,0,2661,2664,2664,754,2482,-10110976,1,1,14,1,287,0,0,0,1
443351829,1537670,1562494,691609,688154,528055,436511,495090,580672,171387,210406,208979,199862,224780,149778,201837,195097,133958,227724,234611,160793,-12013,134708,257612,-8388607,0,2665,2664,2668,756,2481,-10110976,1,1,14,1,287,0,0,0,1
443351830,1529639,1554097,690583,688278,527641,436224,495628,581692,171360,210468,209133,199951,224872,149742,201840,195158,133985,227890,234701,160728,-12105,134151,257586,-8388607,0,2665,2665,2662,758,2471,-10110976,1,1,14,1,287,0,0,0,1
443351831,1522646,1546765,690317,688637,527099,436073,495774,582758,171467,210460,209401,200357,224854,149431,201814,195144,134398,228128,234631,160918,-12671,133374,257620,-8388607,0,2667,2669,2666,752,2477,-10110976,1,1,14,1,287,0,0,0,1
443351832,1517357,1541079,690449,689536,526302,436012,496301,584139,171782,210686,210031,200513,224516,149010,201566,194961,134477,228219,234877,160905,-13079,132666,257590,-8388607,0,2661,2665,2666,752,2477,-10110976,1,1,14,1,287,0,0,0,1
443351833,1513866,1537259,691165,691915,525499,435910,497274,585452,172367,210823,210425,200786,224114,148657,201165,194497,134613,228120,235070,161083,-13059,132672,257447,-8388607,0,2664,2663,2662,755,2473,-10110976,1,1,14,1,287,0,0,0,1
443351834,1511892,1535120,692785,695215,525040,435933,498357,587410,172743,211206,210509,201054,223667,148235,200853,194252,134850,228405,235324,161251,-12342,133477,257536,-8388607,0,2663,2666,2658,757,2479,-10110976,1,1,14,1,287,0,0,0,1
443351835,1510354,1533335,694958,698471,524825,436153,499602,589099,172959,211582,210624,201060,223204,147628,200470,193736,134932,228441,235473,161419,-11883,134423,257606,-8388607,0,2662,2661,2667,750,2482,-10110976,1,1,14,1,287,0,0,0,1
443351836,1508986,1530923,697762,701528,525035,436345,501106,590614,173428,211856,210409,201263,223025,147342,200377,193524,135169,228568,235541,161628,-11990,134476,257651,-8388607,0,2664,2661,2663,756,2477,-10110976,1,1,14,1,287,0,0,0,1
443351837,1507855,1527697,701143,704037,525432,436782,501932,592018,173189,211870,210252,200917,222791,147109,200439,193414,135177,228658,235311,161505,-11790,134799,257759,-8388607,0,2660,2665,2664,760,2479,-10110976,1,1,14,1,287,0,0,0,1
443351838,1506703,1524061,704457,706079,525512,437159,502630,593301,172810,211645,209859,200848,223035,147077,200440,193491,134929,228660,234943,161356,-11709,134780,257758,-8388607,0,2655,2665,2663,753,2482,-10110976,1,1,14,1,287,0,0,0,1
443351839,1504930,1520414,706895,706956,525523,437628,503754,594332,172513,211246,209830,200915,223082,147334,200579,193433,134679,228519,235005,160959,-11760,134649,257672,-8388607,0,2663,2661,2662,756,2478,-10110976,1,1,14,1,287,0,0,0,1
443351840,1502564,1516527,707895,706242,525169,437760,504450,595744,171949,210785,209823,200863,223601,147913,201035,193995,134650,228362,234850,161076,-11591,134601,257838,-8388607,0,2661,2665,2661,759,2475,-10110976,1,1,14,1,287,0,0,0,1
443351841,1499385,1512764,707235,704525,524904,437590,504974,597502,171793,210201,209761,200809,224004,148529,201127,194368,134476,227959,234790,160583,-11895,134230,257799,-8388607,0,2657,2665,2663,751,2481,-10110976,1,1,14,1,287,0,0,0,1
443351842,1495364,1508757,706004,702760,523817,437167,505522,598182,171284,209957,209506,200341,224179,148866,201207,194601,134153,227652,234672,160532,-12088,134209,257773,-8388607,0,2661,2665,2666,751,2478,-10110976,1,1,14,1,287,0,0,0,1
443351843,1490827,1504465,705670,701294,523057,436528,505785,598726,171100,209749,209235,200074,224558,149389,201313,194848,134054,227678,234744,160756,-11779,134488,257658,-8388607,0,2661,2667,2666,756,2477,-10110976,1,1,14,1,287,0,0,0,1
443351844,1486232,1500153,706344,700509,522029,435532,505418,598958,171238,210154,209175,199965,224836,149762,201567,195043,133965,227577,234952,160988,-12006,134033,257783,-8388607,0,2661,2667,2662,751,2477,-10110976,1,1,14,1,287,0,0,0,1
443351845,1482160,1496220,708314,701025,521119,434444,504998,598955,171618,210377,209109,199990,224996,149708,201743,195170,133960,227790,234723,161024,-12560,133097,257842,-8388607,0,2666,2666,2661,751,2480,-10110976,1,1,14,1,287,0,0,0,1
443351846,1479054,1493360,711042,701989,519734,433260,504663,598762,171890,210705,209280,199920,225074,149352,201690,195126,134075,227901,234431,160892,-12368,133291,257799,-8388607,0,2670,2664,2663,756,2478,-10110976,1,1,14,1,287,0,0,0,1
443351847,1476603,1491747,713373,703201,518590,432121,504461,599353,172218,211155,209678,200251,224711,148943,201574,194765,134250,228193,234533,160947,-11964,133630,257780,-8388607,0,2661,2673,2659,756,2477,-10110976,1,1,14,1,287,0,0,0,1
443351848,1473865,1490553,714153,703987,517498,431457,504844,600203,172617,211248,210335,201022,224169,148465,201418,194610,134510,228263,234645,160865,-11741,134191,257806,-8388607,0,2662,2665,2672,754,2492,-10110976,1,1,14,1,287,0,0,0,1
443351849,1470309,1488854,713778,703953,516626,430860,505646,601204,172947,211522,210708,201509,223741,148311,201105,194351,134593,228192,234884,161082,-11072,134881,257697,-8388607,0,2666,2663,2666,757,2480,-10110976,1,1,14,1,287,0,0,0,1
443351850,1465350,1485710,712705,703425,516218,430434,506332,601945,172952,211584,210877,201623,223349,147856,200533,193842,134899,228191,234975,160939,-10821,135229,257805,-8388607,0,2662,2669,2666,760,2477,-10110976,1,1,14,1,287,0,0,0,1
443351851,1459013,1481015,711467,702437,515782,429987,506707,602548,173042,211677,210620,201267,222899,147498,200411,193475,135039,228098,235113,160924,-10995,135012,257688,-8388607,0,2663,2665,2665,754,2484,-10110976,1,1,14,1,287,0,0,0,1
443351852,1451906,1474934,710058,700953,515646,429799,507487,602801,173077,211770,210302,201016,223086,147518,200148,193678,135137,228319,235362,161127,-11346,134388,257849,-8388607,0,2665,2664,2666,754,2478,-10110976,1,1,14,1,287,0,0,0,1
443351853,1444654,1468134,708790,699099,515623,429446,508409,603161,172771,211542,209859,200912,223082,147297,200483,193634,134989,228431,235181,161172,-12061,133266,257865,-8388607,0,2663,2665,2664,759,2473,-10110976,1,1,14,1,287,0,0,0,1
443351854,1437817,1461772,706983,696791,515517,429250,509290,604064,172528,211340,209740,200682,223018,147472,200540,193874,134799,228438,235332,161274,-12613,132419,257960,-8388607,0,2660,2666,2662,754,2482,-10110976,1,1,14,1,287,0,0,0,1
443351855,1432328,1456230,704884,694831,515196,428520,510380,604877,172156,210789,209462,200510,223719,148104,200924,194097,134605,228609,234873,161161,-12525,132304,257891,-8388607,0,2665,2663,2667,750,2477,-10110976,1,1,14,1,287,0,0,0,1
443351856,1427983,1451646,702976,693692,514605,427837,511231,605623,171603,210444,209592,200272,223959,148381,201116,194511,134490,228389,234957,161148,-11906,132993,257891,-8388607,0,2669,2665,2663,756,2478,-10110976,1,1,14,1,287,0,0,0,1
443351857,1424207,1447783,701845,693184,513818,426941,511676,606025,171321,209966,209548,200046,224096,148764,201335,194466,134400,228165,234886,160890,-12058,132978,257813,-8388607,0,2661,2668,2659,753,2480,-10110976,1,1,14,1,287,0,0,0,1
443351858,1421084,1444091,702472,694264,512963,425937,511736,606240,171295,209813,209637,200078,224581,149237,201480,194769,134429,228195,234995,161064,-11995,133204,257857,-8388607,0,2661,2665,2665,751,2482,-10110976,1,1,14,1,287,0,0,0,1
443351859,1418700,1440073,704287,696570,512242,424761,511971,606090,171060,210007,209402,200028,224703,149335,201590,195009,134124,227950,235053,160920,-11761,133521,257999,-8388607,0,2661,2663,2664,756,2478,-10110976,1,1,14,1,287,0,0,0,1
443351860,1416804,1435824,706700,699293,511616,423380,512508,605922,171451,210322,209457,200042,224643,149370,201827,194947,134259,227790,234947,160718,-11695,133496,257964,-8388607,0,2663,2665,2661,756,2479,-10110976,1,1,14,1,287,0,0,0,1
443351861,1414710,1430959,708568,701079,511226,422296,513416,606166,171762,210791,209486,200258,224623,149345,201661,194838,134312,227757,234814,160855,-11931,133303,257949,-8388607,0,2659,2661,2669,754,2482,-10110976,1,1,14,1,287,0,0,0,1
443351862,1412514,1426259,709059,701808,511151,421422,514750,606802,172439,211091,209617,200628,224419,148972,201562,194736,134285,228026,234703,160872,-11724,133407,257900,-8388607,0,2665,2661,2665,756,2478,-10110976,1,1,14,1,287,0,0,0,1
443351863,1410396,1421400,708654,702092,511227,421172,516177,607439,172666,211400,210084,200887,224026,148609,201329,194600,134320,228117,234757,160876,-11557,133793,258037,-8388607,0,2661,2664,2666,759,2479,-10110976,1,1,14,1,287,0,0,0,1
443351864,1407343,1416304,707778,701817,511470,420685,517541,608237,172636,211295,210141,201126,223719,148112,200997,194152,134404,228091,234746,161069,-11288,134006,258024,-8388607,0,2660,2665,2662,754,2482,-10110976,1,1,14,1,287,0,0,0,1
443351865,1403869,1410986,707316,701864,511744,420784,518759,609257,172764,211298,210542,201134,223466,147848,200746,193988,134609,228065,234850,161108,-11355,133862,258056,-8388607,0,2661,2659,2667,751,2476,-10110976,1,1,14,1,287,0,0,0,1
443351866,1399904,1405345,707506,702903,512103,420993,520082,610275,172675,211130,210262,201190,223328,147774,200631,193623,134638,228156,234890,161141,-11847,133124,258030,-8388607,0,2665,2663,2662,759,2471,-10110976,1,1,14,1,287,0,0,0,1
443351867,1395646,1399863,708588,704267,512368,421074,521626,611395,172245,210672,209941,200899,223027,147431,200407,193576,134480,228117,234999,160975,-12171,132597,258013,-8388607,0,2663,2666,2662,753,2480,-10110976,1,1,14,1,287,0,0,0,1
443351868,1392174,1394926,710804,705977,512866,421202,523316,613107,172037,210898,209850,200845,223197,147684,200438,193626,134470,227992,235054,161108,-12237,132199,257963,-8388607,0,2661,2667,2666,752,2481,-10110976,1,1,14,1,287,0,0,0,1
443351869,1389406,1391359,713330,708162,513080,421305,525053,614563,171922,210851,209475,200726,223356,147775,200495,193795,134661,228154,235105,161068,-12173,132379,258056,-8388607,0,2665,2663,2666,757,2477,-10110976,1,1,14,1,287,0,0,0,1
443351870,1386875,1388634,715797,710259,512854,421154,526725,615883,171724,210593,209364,200181,223414,147704,200754,193946,134608,228198,234957,160885,-11868,132739,257905,-8388607,0,2661,2666,2658,757,2479,-10110976,1,1,14,1,287,0,0,0,1
443351871,1384506,1386857,718179,712455,512643,421070,527763,616893,171655,210455,209080,200115,223630,148151,200800,194217,134700,228284,235014,161170,-11564,133305,258072,-8388607,0,2662,2664,2665,755,2484,-10110976,1,1,14,1,287,0,0,0,1
443351872,1381588,1385287,720688,715300,512359,420897,528366,617717,171730,210386,209251,199941,223719,148545,201136,194411,134645,228288,234960,161108,-10955,133901,258116,-8388607,0,2668,2662,2665,755,2476,-10110976,1,1,14,1,287,0,0,0,1
443351873,1377390,1382833,722512,717751,511954,420292,529302,618499,171448,210273,209183,199965,224070,148882,201356,194683,134532,228197,235019,161144,-10931,134005,258101,-8388607,0,2662,2666,2662,758,2480,-10110976,1,1,14,1,287,0,0,0,1
443351874,1371989,1379271,723858,719432,511535,419679,530040,619338,171652,210257,209317,200102,224376,148898,201265,194770,134358,228175,234945,161065,-11091,133453,258173,-8388607,0,2659,2667,2666,752,2484,-10110976,1,1,14,1,287,0,0,0,1
443351875,1365952,1375155,724839,720255,510886,419524,530814,620856,171597,210578,209735,200373,224410,148940,201450,194883,134479,228208,235005,161220,-11619,132958,258075,-8388607,0,2664,2662,2664,756,2478,-10110976,1,1,14,1,287,0,0,0,1
443351876,1360075,1370590,725703,720184,510407,419433,531980,622279,171939,210751,209910,200765,224540,148957,201550,194612,134201,228012,234693,161114,-11642,132779,258026,-8388607,0,2664,2665,2664,759,2475,-10110976,1,1,14,1,287,0,0,0,1
443351877,1354267,1365343,726091,719331,509841,419681,533042,624054,172228,211156,210278,200982,224450,148750,201383,194565,134353,227912,234752,160923,-11589,132679,258135,-8388607,0,2662,2668,2664,755,2479,-10110976,1,1,14,1,287,0,0,0,1
443351878,1349054,1360949,726411,718304,509516,420087,533398,625857,172541,211630,210369,201060,224346,148911,201157,194556,134339,228046,234806,160870,-11801,132260,258134,-8388607,0,2661,2664,2668,752,2478,-10110976,1,1,14,1,287,0,0,0,1
443351879,1343878,1356687,727334,717685,509277,420454,534184,627226,172871,211468,210147,201054,224187,148691,201036,194376,134370,228036,234731,160798,-11740,132267,258169,-8388607,0,2661,2666,2659,758,2478,-10110976,1,1,14,1,287,0,0,0,1
443351880,1339334,1352874,728526,717887,509322,420729,534967,628539,172980,211466,210202,200826,223801,148340,200735,194143,134468,227974,234540,160764,-11554,132346,258181,-8388607,0,2660,2668,2657,754,2479,-10110976,1,1,14,1,287,0,0,0,1
443351881,1334964,1348950,730129,718653,509109,420663,535611,629681,172850,211480,210089,200897,223599,148185,200653,193991,134387,228052,234723,160795,-11594,132222,258093,-8388607,0,2663,2662,2666,750,2484,-10110976,1,1,14,1,287,0,0,0,1
443351882,1330984,1345088,731796,719612,508810,420416,536230,631211,172799,211094,210223,200930,223472,148129,200694,193889,134545,228096,234599,160934,-11531,132494,258258,-8388607,0,2669,2662,2662,757,2476,-10110976,1,1,14,1,287,0,0,0,1
443351883,1327696,1340744,733242,719730,507799,420225,536740,632345,172522,210895,210070,200781,223426,147945,200705,194073,134535,228126,234796,160807,-11642,132456,258139,-8388607,0,2663,2667,2659,758,2476,-10110976,1,1,14,1,287,0,0,0,1
443351884,1324890,1336303,734522,719484,507094,419701,537028,633226,171912,210751,209890,201031,223466,147992,200908,193788,134354,228093,234829,160831,-11495,132590,258059,-8388607,0,2659,2664,2661,755,2484,-10110976,1,1,14,1,287,0,0,0,1
443351885,1322211,1331504,735330,718831,505964,418844,536734,633595,171858,210575,209965,200938,223718,148147,200998,193760,134549,228098,235074,161108,-11105,133103,258342,-8388607,0,2663,2665,2668,752,2476,-10110976,1,1,14,1,287,0,0,0,1
443351886,1319192,1326470,735170,717591,504548,417668,536213,633391,171560,210331,209550,200390,223825,148301,201085,194085,134427,228199,235181,161181,-11245,132910,258317,-8388607,0,2661,2665,2664,759,2471,-10110976,1,1,14,1,287,0,0,0,1
443351887,1315972,1321198,734521,716244,503385,416661,535704,633121,171459,210633,209306,200242,224006,148330,201307,194119,134494,228214,235041,161110,-11599,132255,258181,-8388607,0,2661,2669,2666,754,2477,-10110976,1,1,14,1,287,0,0,0,1
443351888,1312666,1316175,733405,715133,501982,415336,535509,632839,171544,210426,209154,199874,223934,148322,201101,194285,134765,228346,235251,160997,-11568,132230,258226,-8388607,0,2664,2663,2670,753,2476,-10110976,1,1,14,1,287,0,0,0,1
443351889,1309399,1311356,732430,714428,501014,413871,535551,632832,171713,210579,209233,199780,224162,148929,201310,194508,134895,228395,235139,161160,-11666,132011,258312,-8388607,0,2669,2673,2661,756,2473,-10110976,1,1,14,1,287,0,0,0,1
443351890,1306557,1307035,731631,714166,499728,412471,535779,632812,171749,210630,209531,200252,224109,148983,201239,194597,134707,228315,235120,161077,-12018,131629,258391,-8388607,0,2660,2669,2659,753,2481,-10110976,1,1,14,1,287,0,0,0,1
443351891,1304618,1303295,731191,714092,498838,410916,536351,632838,171851,210511,209703,200396,224188,148952,201481,194578,134678,228166,235123,161062,-12023,131652,258341,-8388607,0,2661,2664,2663,751,2479,-10110976,1,1,14,1,287,0,0,0,1
443351892,1304071,1300307,731890,714914,498019,409802,536665,633179,172205,210698,209938,200836,223909,148572,201235,194262,134528,228114,235114,161081,-11844,131735,258213,-8388607,0,2668,2662,2663,755,2478,-10110976,1,1,14,1,287,0,0,0,1
443351893,1304279,1298112,733070,715868,497157,409071,537024,633411,172320,210896,210160,200900,223779,148409,201063,194264,134582,227995,235007,161019,-11604,132071,258286,-8388607,0,2665,2668,2659,754,2481,-10110976,1,1,14,1,287,0,0,0,1
443351894,1304572,1296508,734404,717121,496697,408421,537249,633793,172480,211086,209938,201085,223841,148437,200906,194278,134411,227925,234961,160995,-11507,132383,258200,-8388607,0,2662,2662,2665,754,2484,-10110976,1,1,14,1,287,0,0,0,1
443351895,1304882,1294961,735485,718732,496332,408011,537908,634514,172613,211075,209798,200883,223712,148024,200859,193968,134266,228080,234817,160888,-11138,132704,258335,-8388607,0,2663,2659,2664,756,2478,-10110976,1,1,14,1,287,0,0,0,1
443351896,1304628,1293355,736070,719963,495975,407905,538836,635354,172861,211298,209945,200823,223575,148125,200698,194041,134589,228184,234576,161011,-11113,132775,258167,-8388607,0,2661,2665,2659,759,2478,-10110976,1,1,14,1,287,0,0,0,1
443351897,1303477,1291330,736487,721083,495532,407263,540111,636037,172555,211403,209851,200741,223684,147916,200800,193795,134401,228122,234454,160805,-11123,132825,258251,-8388607,0,2661,2666,2664,753,2482,-10110976,1,1,14,1,287,0,0,0,1
443351898,1301654,1289167,736790,722130,495562,406519,541215,636827,172316,210869,209753,200689,223676,147919,200610,193961,134347,228006,234503,160670,-11143,132590,258323,-8388607,0,2663,2663,2668,754,2478,-10110976,1,1,14,1,287,0,0,0,1
443351899,1299645,1286778,737030,722820,495484,405801,542265,637602,172227,210647,209678,200738,223622,148015,200733,194092,134414,227887,234566,160776,-11328,132281,258204,-8388607,0,2664,2665,2664,756,2474,-10110976,1,1,14,1,287,0,0,0,1
443351900,1297567,1284708,737443,723334,495380,405164,543130,637906,171772,210346,209613,200580,223848,148139,200808,194039,134482,228061,234909,160936,-11570,131794,258277,-8388607,0,2662,2667,2668,754,2479,-10110976,1,1,14,1,287,0,0,0,1
443351901,1295681,1283188,738408,724113,494885,404446,543797,638126,171531,210371,209450,200483,223707,148326,200994,194271,134377,227881,235036,161017,-11701,131654,258239,-8388607,0,2661,2664,2666,751,2479,-10110976,1,1,14,1,287,0,0,0,1
443351902,1294205,1282537,739992,725497,494344,403751,544460,638410,171453,210444,209513,200305,223651,148561,201082,194305,134635,228120,235044,161201,-11652,131697,258259,-8388607,0,2664,2666,2661,756,2477,-10110976,1,1,14,1,287,0,0,0,1
443351903,1292628,1282667,741997,727791,493914,402849,544997,638767,171496,210431,209397,200195,223969,148556,201066,194443,134446,228188,235048,161166,-11438,131822,258425,-8388607,0,2666,2668,2663,754,2480,-10110976,1,1,14,1,287,0,0,0,1
443351904,1291101,1283072,744559,730543,493147,402006,545744,639287,171755,210662,209252,200180,224116,148639,200991,194399,134677,228189,234916,161155,-11328,132140,258245,-8388607,0,2663,2663,2662,751,2479,-10110976,1,1,14,1,287,0,0,0,1
443351905,1289718,1283537,747547,734034,492326,401323,546174,639592,172131,210888,209694,200433,224376,148804,201218,194449,134725,228408,235003,161184,-11033,132359,258213,-8388607,0,2672,2663,2662,755,2477,-10110976,1,1,14,1,287,0,0,0,1
443351906,1287773,1283627,750830,737373,491604,400606,546643,639757,172198,211012,209722,200527,224207,148851,201236,194574,134736,228307,234997,161199,-10943,132644,258284,-8388607,0,2660,2667,2662,757,2477,-10110976,1,1,14,1,287,0,0,0,1
443351907,1285995,1282819,754275,740019,490991,399551,547099,639706,172308,211070,209951,200827,224027,148698,200941,193987,134695,228336,234821,161093,-11026,132513,258262,-8388607,0,2662,2663,2664,752,2484,-10110976,1,1,14,1,287,0,0,0,1
443351908,1284090,1281337,757029,741715,490424,398550,547370,639662,172591,211226,210051,200959,223770,148567,201157,194350,134661,228025,234920,161005,-10659,132715,258160,-8388607,0,2666,2663,2661,754,2477,-10110976,1,1,14,1,287,0,0,0,1
443351909,1281808,1278849,759360,742568,489749,397652,547911,639828,172519,210909,210006,201030,223717,148146,200832,194141,134472,227967,234847,160878,-10981,132783,258256,-8388607,0,2665,2665,2664,760,2476,-10110976,1,1,14,1,287,0,0,0,1
443351910,1278879,1275473,761053,742320,489351,397146,548480,640200,172441,211056,209961,200797,223636,147978,200873,193992,134449,227908,234733,160797,-11164,132365,258150,-8388607,0,2659,2661,2664,752,2481,-10110976,1,1,14,1,287,0,0,0,1
443351911,1275497,1271935,762425,741925,489013,396530,549271,640688,172272,210762,209810,200992,223634,147933,201075,194031,134482,228019,234634,160781,-10974,132408,258237,-8388607,0,2663,2664,2669,754,2479,-10110976,1,1,14,1,287,0,0,0,1
443351912,1272172,1268098,763432,742116,488615,396142,549695,641424,172266,210787,209947,200853,223460,147950,201002,193979,134514,228042,234598,160606,-11285,131814,258358,-8388607,0,2664,2667,2661,756,2474,-10110976,1,1,14,1,287,0,0,0,1
443351913,1268838,1264301,764818,742419,488122,395526,550321,642257,172137,210647,209768,200900,223684,148127,201015,194154,134365,228074,234522,160926,-11756,131438,258098,-8388607,0,2664,2668,2663,754,2481,-10110976,1,1,14,1,287,0,0,0,1
443351914,1266702,1260959,766989,743520,487531,395150,550816,642961,171879,210598,209716,200611,223928,148255,200902,194207,134201,228040,234626,161092,-11755,131346,258211,-8388607,0,2660,2669,2665,751,2477,-10110976,1,1,14,1,287,0,0,0,1
443351915,1265429,1258013,769795,744973,486934,394776,551521,643519,171676,210039,209334,200139,224049,148253,200662,194200,134178,227921,234807,161047,-11839,131260,258159,-8388607,0,2670,2666,2663,755,2477,-10110976,1,1,14,1,287,0,0,0,1
443351916,1265153,1255533,773086,746714,486346,394056,552213,644072,171312,210154,209125,199875,223965,148324,200886,194176,134311,227937,235080,161089,-11806,131138,258329,-8388607,0,2662,2667,2659,755,2475,-10110976,1,1,14,1,287,0,0,0,1
443351917,1265854,1253639,776418,748634,486319,393571,552854,644908,171426,210454,209268,199936,223811,148619,201019,194144,134369,227745,234970,161141,-11465,131603,258170,-8388607,0,2660,2662,2663,753,2481,-10110976,1,1,14,1,287,0,0,0,1
443351918,1266655,1252032,779475,750944,485813,393136,553800,646012,171480,210175,209357,200113,224153,148610,201032,194403,134470,228111,234986,161065,-10862,132203,258199,-8388607,0,2661,2663,2663,755,2478,-10110976,1,1,14,1,287,0,0,0,1
443351919,1267097,1250826,781574,753057,485061,392895,554114,646924,171828,210614,209495,200092,223714,148384,201054,194136,134757,228033,235028,161010,-11147,132136,258202,-8388607,0,2661,2666,2659,760,2479,-10110976,1,1,14,1,287,0,0,0,1
443351920,1267130,1249343,783115,755108,484222,392478,554723,647901,172001,210770,209671,200487,223887,148345,201117,194286,134569,228139,234958,160970,-11111,132369,258192,-8388607,0,2661,2665,2664,754,2483,-10110976,1,1,14,1,287,0,0,0,1
443351921,1267198,1247747,784344,756882,483674,392224,555014,649048,172480,211275,209863,200907,223782,148253,201016,194346,134793,228230,234955,160851,-10913,132270,258174,-8388607,0,2664,2664,2670,755,2477,-10110976,1,1,14,1,287,0,0,0,1
443351922,1266876,1246064,785149,758200,483028,391674,555458,650117,172557,211530,210086,200895,223675,148091,200871,194211,134659,228162,235073,161150,-11381,131783,258083,-8388607,0,2663,2668,2661,760,2475,-10110976,1,1,14,1,287,0,0,0,1
443351923,1266906,1244287,785877,759253,482434,391423,556028,651321,172900,211676,210124,201038,223778,148213,200937,193989,134687,228215,235028,161036,-11470,131485,258186,-8388607,0,2661,2669,2664,754,2481,-10110976,1,1,14,1,287,0,0,0,1
443351924,1267263,1242942,786722,760379,481563,390853,556768,652351,172873,211553,210089,201117,223653,147973,200676,193970,134446,227924,234768,160840,-11433,131372,258198,-8388607,0,2665,2662,2666,750,2478,-10110976,1,1,14,1,287,0,0,0,1
443351925,1268201,1242385,787702,761669,481048,390482,557575,653391,172762,211359,210377,200908,223604,148272,200800,193857,134614,228050,234820,160853,-11440,131171,258221,-8388607,0,2665,2662,2662,755,2475,-10110976,1,1,14,1,287,0,0,0,1
443351926,1269296,1242800,789393,763912,480757,390225,558140,654455,172645,211045,210305,201144,223945,148182,200909,194066,134321,228120,234796,160870,-11489,131242,258281,-8388607,0,2661,2668,2659,755,2480,-10110976,1,1,14,1,287,0,0,0,1
443351927,1270846,1244493,791599,767069,480362,389470,558656,654802,172383,210957,210281,200988,224109,148279,201089,194300,134301,227997,234685,160803,-11470,131217,258276,-8388607,0,2664,2666,2661,748,2481,-10110976,1,1,14,1,287,0,0,0,1
443351928,1273143,1246601,794035,770758,479510,388836,558873,654984,172209,210688,210127,200786,223990,148600,201339,194495,134367,228153,234672,160791,-11267,131563,258122,-8388607,0,2664,2665,2664,757,2471,-10110976,1,1,14,1,287,0,0,0,1
443351929,1275390,1249351,797116,774649,479022,387912,559163,655206,171944,210758,209896,200753,224415,148789,201467,194731,134350,228147,234601,160803,-11088,131882,258188,-8388607,0,2666,2666,2661,752,2474,-10110976,1,1,14,1,287,0,0,0,1
443351930,1277399,1252016,800179,778119,478209,387004,558995,655138,171837,210656,209603,200432,224612,148958,201473,194874,134412,228082,234829,160815,-11072,131980,258210,-8388607,0,2663,2664,2664,755,2482,-10110976,1,1,14,1,287,0,0,0,1
443351931,1279238,1254507,803042,781025,477063,385836,559029,655132,171327,210456,209367,200196,224469,149079,201359,194797,134415,228150,235050,160971,-10701,132272,258247,-8388607,0,2663,2661,2668,754,2477,-10110976,1,1,14,1,287,0,0,0,1
443351932,1280679,1256498,805793,783528,475907,384661,558915,654940,171533,210500,209256,200105,224341,148895,201281,194767,134407,228102,235000,161140,-10676,132468,258089,-8388607,0,2661,2665,2662,759,2475,-10110976,1,1,14,1,287,0,0,0,1
443351933,1281648,1257893,808089,785492,474959,383732,558719,654802,171630,210387,209391,200128,224160,148793,201202,194454,134616,228096,235344,161262,-10738,132280,258244,-8388607,0,2657,2668,2661,754,2481,-10110976,1,1,14,1,287,0,0,0,1
443351934,1282374,1259173,810637,787204,473890,382322,558654,654295,171895,210624,209707,200235,224040,148511,201317,194292,134741,228412,235363,161384,-10930,132060,258229,-8388607,0,2664,2664,2666,751,2478,-10110976,1,1,14,1,287,0,0,0,1
443351935,1282861,1260095,813296,788896,472867,381102,558511,654040,172232,210709,210023,200685,223930,148392,201053,194156,134829,228445,235326,161284,-10983,131846,258348,-8388607,0,2665,2665,2663,760,2475,-10110976,1,1,14,1,287,0,0,0,1
443351936,1283346,1260749,815833,790402,471915,379417,558097,653558,172394,211103,210154,200717,223514,147994,200905,194145,134891,228451,235206,161514,-11097,131759,258309,-8388607,0,2663,2668,2663,755,2488,-10110976,1,1,14,1,287,0,0,0,1
443351937,1283984,1261574,818683,792426,470919,378178,557956,653228,172352,211341,210124,200812,223249,147956,200693,193706,134822,228394,235201,161155,-11186,131677,258131,-8388607,0,2661,2664,2666,751,2479,-10110976,1,1,14,1,287,0,0,0,1
443351938,1284851,1262603,821890,794014,470051,377110,558376,653094,172808,211361,210097,201001,223268,147795,200768,193790,134902,228352,235056,161006,-11269,131546,258270,-8388607,0,2663,2666,2659,755,2476,-10110976,1,1,14,1,287,0,0,0,1
443351939,1286173,1263682,825575,796064,469091,376339,558258,653021,172505,211398,210087,200958,223323,147724,200696,193805,134693,228060,234931,160964,-11317,131588,258241,-8388607,0,2661,2669,2659,754,2479,-10110976,1,1,14,1,287,0,0,0,1
443351940,1288188,1264869,829867,798979,468155,375246,558463,653276,172599,211255,210090,201076,223502,147853,200774,194019,134506,228110,234763,160765,-11131,131824,258177,-8388607,0,2662,2664,2661,751,2482,-10110976,1,1,14,1,287,0,0,0,1
443351941,1290506,1265986,834477,801765,467348,374373,558646,653186,172463,211098,209859,200993,223441,147974,200674,194105,134403,227959,234682,160715,-10808,132087,258268,-8388607,0,2666,2659,2664,752,2478,-10110976,1,1,14,1,287,0,0,0,1
443351942,1292615,1267097,839510,804187,466684,373652,558921,653187,172173,210737,209946,200743,223709,148283,200923,194230,134151,227724,234795,160628,-10953,132021,258271,-8388607,0,2662,2667,2659,760,2477,-10110976,1,1,14,1,287,0,0,0,1
443351943,1294631,1267829,843934,806833,466014,373035,559191,653361,172010,210684,209754,200696,224071,148566,201248,194623,134036,227680,234785,160950,-11102,132172,258353,-8388607,0,2657,2665,2663,752,2482,-10110976,1,1,14,1,287,0,0,0,1
443351944,1296213,1267986,847718,809059,465525,372014,559628,653151,171739,210245,209310,200264,224260,148807,201456,194722,133967,227826,234691,160944,-10802,132297,258267,-8388607,0,2665,2666,2666,756,2476,-10110976,1,1,14,1,287,0,0,0,1
443351945,1297703,1267877,851345,811279,465020,371211,560365,653382,171360,209891,209470,200214,224425,149199,201470,194993,134168,227876,234733,161108,-10857,132049,258438,-8388607,0,2664,2668,2666,759,2477,-10110976,1,1,14,1,287,0,0,0,1
443351946,1298615,1267675,854515,813254,464516,370447,560794,653988,171335,209956,209077,200172,224559,149102,201422,194720,134270,228035,234934,161180,-11095,131915,258336,-8388607,0,2661,2666,2662,754,2479,-10110976,1,1,14,1,287,0,0,0,1
443351947,1299594,1267341,857403,815523,463912,369633,561161,654299,171435,210287,209368,200032,224648,148931,201400,194616,134624,228119,235169,161155,-11013,131665,258421,-8388607,0,2664,2664,2671,750,2479,-10110976,1,1,14,1,287,0,0,0,1
443351948,1300779,1267147,860524,818183,463201,369004,561648,654636,171414,210361,209307,200111,224312,148875,201199,194528,134664,228204,235306,161100,-11145,131513,258524,-8388607,0,2664,2666,2661,755,2475,-10110976,1,1,14,1,287,0,0,0,1
443351949,1302244,1267586,863874,821241,462663,367998,562024,654857,171987,210887,209636,200416,224026,148410,201099,194504,134937,228288,235313,161218,-11327,131288,258415,-8388607,0,2660,2666,2659,754,2480,-10110976,1,1,14,1,287,0,0,0,1
443351950,1304054,1268708,867341,825342,461945,367295,562242,654906,172330,211068,209886,200451,223737,148123,201028,194124,135026,228409,235280,161157,-11176,131249,258483,-8388607,0,2663,2662,2665,751,2479,-10110976,1,1,14,1,287,0,0,0,1
443351951,1305845,1270315,870386,829623,461518,366515,563060,655228,172565,211068,209861,200866,223562,147867,200690,193890,135012,228525,235198,161215,-11116,131388,258370,-8388607,0,2668,2663,2664,755,2477,-10110976,1,1,14,1,287,0,0,0,1
443351952,1308023,1272492,873612,834579,461239,365680,563706,655735,172701,211135,210078,200860,223189,147859,200383,193812,135023,228424,235103,161079,-11236,131502,258531,-8388607,0,2662,2665,2661,754,2477,-10110976,1,1,14,1,287,0,0,0,1
443351953,1309977,1275165,877064,839871,460698,364817,564273,655981,172794,211462,210116,200908,223186,147476,200444,193705,134796,228185,234965,161076,-10882,131929,258428,-8388607,0,2661,2664,2665,753,2482,-10110976,1,1,14,1,287,0,0,0,1
443351954,1312306,1277588,880676,845367,460380,364080,565533,656357,172832,211427,210369,201180,223132,147639,200632,193734,134585,228276,235014,160989,-10806,132203,258494,-8388607,0,2659,2663,2666,752,2477,-10110976,1,1,14,1,287,0,0,0,1
443351955,1314171,1279628,884459,850479,459914,363198,566102,656520,172624,211372,210019,201073,223272,147929,200655,193713,134260,227876,234704,160772,-10982,132007,258558,-8388607,0,2663,2667,2660,758,2480,-10110976,1,1,14,1,287,0,0,0,1
443351956,1316025,1281414,887917,855242,459639,362539,566596,657002,172471,211007,209748,200616,223542,147970,200641,194197,134306,227811,234608,160875,-10758,131900,258467,-8388607,0,2661,2668,2664,754,2484,-10110976,1,1,14,1,287,0,0,0,1
443351957,1317495,1282964,891272,859474,459165,362212,567172,657614,172184,210832,209626,200706,223981,148317,201029,194448,133837,227612,234488,160783,-10723,132153,258502,-8388607,0,2669,2663,2668,755,2479,-10110976,1,1,14,1,287,0,0,0,1
443351958,1318922,1284399,893836,862975,458567,361903,568008,658316,171946,210577,209560,200655,224203,148721,201402,194481,133945,227551,234514,160779,-10581,132117,258477,-8388607,0,2661,2666,2663,758,2475,-10110976,1,1,14,1,287,0,0,0,1
443351959,1319641,1285547,896077,866284,457830,361502,568725,659204,171484,210357,209385,200092,224532,149010,201477,194724,134010,227473,234649,160849,-10803,131888,258610,-8388607,0,2660,2666,2658,754,2479,-10110976,1,1,14,1,287,0,0,0,1
443351960,1320264,1286875,898368,869431,457505,361176,569392,660039,171192,209908,209092,200222,224634,149084,201549,194622,134088,227723,234520,160762,-11091,131606,258416,-8388607,0,2663,2663,2662,752,2479,-10110976,1,1,14,1,287,0,0,0,1
443351961,1321172,1288203,901380,872904,457111,360737,570315,660848,171218,210138,209175,199954,224591,149218,201375,194802,134196,227748,234820,160844,-10980,131576,258495,-8388607,0,2668,2666,2666,756,2477,-10110976,1,1,14,1,287,0,0,0,1
443351962,1322556,1289793,905058,876566,456615,360127,571252,661547,171448,210293,209304,200105,224493,149090,201245,194633,134570,227885,235039,161051,-11091,131489,258621,-8388607,0,2661,2667,2659,758,2479,-10110976,1,1,14,1,287,0,0,0,1
443351963,1324481,1291607,909215,880345,456521,359601,571948,662080,171607,210449,209439,200278,224287,148818,201214,194620,134794,228142,235197,161075,-11241,131294,258576,-8388607,0,2663,2663,2665,753,2484,-10110976,1,1,14,1,287,0,0,0,1
443351964,1327102,1293852,913871,883621,456132,358944,572761,662979,171800,210598,209705,200328,224088,148303,201226,194406,134846,228574,235329,161334,-11075,131638,258587,-8388607,0,2663,2662,2665,753,2477,-10110976,1,1,14,1,287,0,0,0,1
443351965,1330063,1296060,918521,886671,455469,358316,573558,663905,172191,211001,209940,200725,223580,148115,200980,194032,134906,228623,235191,161228,-10905,131991,258600,-8388607,0,2662,2667,2661,755,2478,-10110976,1,1,14,1,287,0,0,0,1
443351966,1332679,1298113,923349,889631,454899,358033,574225,665088,172511,211264,209992,200928,223316,147808,200652,194019,135149,228567,235273,161277,-10442,132409,258632,-8388607,0,2662,2665,2664,754,2484,-10110976,1,1,14,1,287,0,0,0,1
443351967,1334720,1299912,928175,892398,454083,357657,574657,666304,172655,211374,210259,200804,223185,147493,200721,193679,134991,228494,235254,161077,-10392,132657,258594,-8388607,0,2664,2663,2670,757,2477,-10110976,1,1,14,1,287,0,0,0,1
443351968,1336119,1300911,932732,894830,453449,357676,575215,667439,172775,211456,210325,200930,223118,147564,200410,193515,134865,228329,235027,160993,-10424,132516,258791,-8388607,0,2661,2664,2662,758,2478,-10110976,1,1,14,1,287,0,0,0,1
443351969,1336861,1301305,936511,896859,452875,357191,575440,668288,172654,211401,210584,201216,223216,147743,200687,193774,134767,228165,234888,160974,-10598,132304,258792,-8388607,0,2660,2666,2662,754,2482,-10110976,1,1,14,1,287,0,0,0,1
443351970,1337295,1301159,940057,898473,452193,356779,575570,668617,172673,211251,210288,201093,223208,147979,200712,193792,134359,228091,234730,160690,-10710,132203,258611,-8388607,0,2661,2661,2668,750,2479,-10110976,1,1,14,1,287,0,0,0,1
443351971,1337456,1300821,943071,899276,451570,355789,575695,669183,172469,211033,210219,201075,223769,148222,200720,194008,134320,227848,234685,160798,-10726,132007,258641,-8388607,0,2665,2663,2666,758,2473,-10110976,1,1,14,1,287,0,0,0,1
443351972,1337603,1300237,945664,900117,450802,355008,576129,669658,172099,210814,209785,200821,223972,148668,200888,194243,133899,227692,234687,160512,-10952,131774,258601,-8388607,0,2661,2666,2659,753,2479,-10110976,1,1,14,1,287,0,0,0,1
443351973,1337842,1299717,948520,901240,450041,354384,576450,669987,171839,210618,209521,200434,224356,148881,201360,194695,133984,227872,234580,160852,-11012,131874,258724,-8388607,0,2665,2661,2667,749,2482,-10110976,1,1,14,1,287,0,0,0,1
443351974,1337887,1299436,951802,903103,449423,353440,576550,670052,171663,210497,209267,200442,224456,149215,201491,194570,133920,227564,234431,160592,-10868,131890,258661,-8388607,0,2665,2659,2659,756,2476,-10110976,1,1,14,1,287,0,0,0,1
443351975,1338123,1299318,955350,905639,448622,352467,576533,669612,171427,210408,209099,200138,224573,149199,201555,194655,133979,227857,234726,160730,-11126,131472,258714,-8388607,0,2658,2665,2664,755,2480,-10110976,1,1,14,1,287,0,0,0,1
443351976,1338582,1299708,958855,908915,447721,351501,575988,669147,171440,210281,209284,200175,224468,149109,201252,194808,134226,227895,234714,160819,-11289,131419,258592,-8388607,0,2659,2661,2665,751,2482,-10110976,1,1,14,1,287,0,0,0,1
443351977,1339423,1300812,962278,912280,446433,350429,575491,668509,171538,210445,209694,200165,224461,148914,201456,194585,134532,228124,234947,160952,-11025,131520,258710,-8388607,0,2668,2661,2664,755,2478,-10110976,1,1,14,1,287,0,0,0,1
443351978,1340339,1302558,965127,916009,445316,349115,575126,667758,171850,210713,209629,200365,224377,148671,201371,194555,134694,228132,235098,161073,-10806,131951,258700,-8388607,0,2661,2663,2663,758,2478,-10110976,1,1,14,1,287,0,0,0,1
443351979,1341490,1304202,967559,919433,444168,347421,574741,666996,172186,210754,209916,200570,224144,148477,201185,194427,134882,228335,235193,161117,-10645,132344,258697,-8388607,0,2657,2667,2664,755,2482,-10110976,1,1,14,1,287,0,0,0,1
443351980,1341777,1305581,969362,922536,442891,345604,574419,667044,172174,210929,209843,200394,223852,148221,200869,193979,134883,228602,235187,160981,-10260,132558,258843,-8388607,0,2661,2664,2664,750,2478,-10110976,1,1,14,1,287,0,0,0,1
443351981,1341458,1306099,970779,925774,441662,344377,574436,666890,172528,211350,209977,200663,223759,147954,200850,193693,135141,228783,235141,161240,-10522,132521,258761,-8388607,0,2665,2663,2661,757,2475,-10110976,1,1,14,1,287,0,0,0,1
443351982,1340705,1305701,971996,928570,440372,343025,574432,666971,172830,211467,210128,200903,223356,147761,200753,193666,135165,228550,235039,161357,-10437,132339,258732,-8388607,0,2664,2666,2659,755,2477,-10110976,1,1,14,1,287,0,0,0,1
443351983,1339324,1304649,972874,931286,439362,342176,574680,667379,172823,211396,210158,201005,223263,147445,200619,193730,135014,228333,235347,161253,-10499,132033,258809,-8388607,0,2665,2665,2667,751,2477,-10110976,1,1,14,1,287,0,0,0,1
443351984,1337935,1303872,973841,933625,438656,341683,574461,667737,172753,211346,210218,201164,223185,147709,200591,193855,134690,228263,235212,161090,-11106,131371,258767,-8388607,0,2666,2663,2666,757,2476,-10110976,1,1,14,1,287,0,0,0,1
443351985,1336970,1303129,975224,936116,438398,341486,575194,668201,172561,211199,210256,200973,223371,147778,200829,193832,134620,228065,235079,161058,-11176,131122,258767,-8388607,0,2660,2668,2659,756,2480,-10110976,1,1,14,1,287,0,0,0,1
443351986,1337126,1302736,977158,938856,438213,341198,576214,669020,172341,210844,209853,200795,223561,148109,201013,193986,134414,227968,234744,160949,-11018,131294,258836,-8388607,0,2658,2666,2661,750,2481,-10110976,1,1,14,1,287,0,0,0,1
443351987,1337790,1302561,979891,941972,438336,341059,577309,669767,171861,210591,209501,200478,223867,148361,200997,194267,134140,227752,234613,160930,-10875,131573,258717,-8388607,0,2667,2662,2662,756,2478,-10110976,1,1,14,1,287,0,0,0,1
443351988,1338476,1302727,983438,945824,438474,341147,578951,670777,171829,210670,209386,200486,224009,148730,201219,194519,133999,227836,234738,160910,-10787,131725,258804,-8388607,0,2663,2663,2659,755,2479,-10110976,1,1,14,1,287,0,0,0,1
443351989,1338893,1303186,987338,949927,438674,340622,580105,671657,171474,210468,209350,200153,224295,148952,201229,194850,133884,227875,234683,160777,-10788,131960,258761,-8388607,0,2659,2665,2666,755,2481,-10110976,1,1,14,1,287,0,0,0,1
443351990,1338908,1303535,990936,954278,438408,339998,580988,671946,171619,210149,209294,200065,224555,149098,201521,194741,134123,227816,234738,160598,-10737,132135,258772,-8388607,0,2661,2662,2664,756,2478,-10110976,1,1,14,1,287,0,0,0,1
443351991,1338438,1303802,994456,958481,437989,339222,581618,672353,171496,210435,209341,200241,224359,149133,201477,194587,134220,228066,234817,160883,-10381,132325,258826,-8388607,0,2659,2665,2659,758,2476,-10110976,1,1,14,1,287,0,0,0,1
443351992,1337681,1303522,997335,961578,437287,338315,582214,672333,171632,210590,209279,200166,224525,148932,201254,194444,134298,227802,234830,160924,-10508,132327,258831,-8388607,0,2662,2668,2661,751,2479,-10110976,1,1,14,1,287,0,0,0,1
443351993,1336520,1302185,999598,963781,436431,337285,582632,672451,171742,210749,209693,200737,224212,148763,201231,194608,134581,228017,234779,160983,-10524,132396,258731,-8388607,0,2665,2662,2664,754,2478,-10110976,1,1,14,1,287,0,0,0,1
443351994,1334865,1300160,1001721,964848,435345,336162,582800,672983,171913,210922,210000,200605,223957,148494,201137,194431,134581,228125,235071,160970,-10488,132425,258837,-8388607,0,2666,2661,2663,758,2475,-10110976,1,1,14,1,287,0,0,0,1
443351995,1332848,1297198,1003341,965307,434308,335021,583230,673097,172305,211124,209776,200553,223641,148173,200893,194098,134651,228242,234978,160959,-10623,132245,258922,-8388607,0,2661,2666,2659,754,2479,-10110976,1,1,14,1,287,0,0,0,1
443351996,1330049,1293695,1004742,965449,433584,334226,583793,673109,172469,211058,210096,200986,223467,148117,200645,194029,134873,228261,234971,161115,-10474,132152,258849,-8388607,0,2661,2666,2664,751,2479,-10110976,1,1,14,1,287,0,0,0,1
443351997,1327029,1290437,1006273,965637,432989,333356,584177,673311,172736,211322,210119,200920,223215,147842,200533,193787,134763,228287,235001,161129,-10904,131593,258917,-8388607,0,2665,2663,2664,756,2476,-10110976,1,1,14,1,287,0,0,0,1
443351998,1323917,1287298,1007800,966111,432678,332638,584969,673299,172887,211448,210169,201096,223205,147730,200393,193574,134681,228297,234894,161090,-11179,131392,258958,-8388607,0,2662,2669,2662,756,2477,-10110976,1,1,14,1,287,0,0,0,1
443351999,1321239,1284836,1009874,967078,432415,331861,585642,673468,172723,211303,210174,201159,223303,147678,200330,193721,134581,228259,234871,160913,-10944,131389,258940,-8388607,0,2663,2666,2663,753,2482,-10110976,1,1,14,1,287,0,0,0,1
443352000,1318568,1282980,1011756,968658,432269,331527,586522,673927,172569,211120,210099,201020,223255,147780,200599,193839,134658,228215,234946,160934,-10881,131432,258825,-8388607,0,2663,2661,2664,756,2478,-10110976,1,1,14,1,287,0,0,0,1
443352001,1316368,1281911,1013968,970399,432102,331482,587963,674648,172228,210856,209991,200859,223485,148139,200888,193922,134407,228069,234949,160989,-10860,131422,258940,-8388607,0,2662,2667,2662,759,2473,-10110976,1,1,14,1,287,0,0,0,1
443352002,1314206,1280734,1015746,972044,432134,331503,588932,675736,172005,210650,209732,200585,223741,148448,201215,194321,134423,228001,234949,161170,-10930,131701,258945,-8388607,0,2657,2667,2663,754,2482,-10110976,1,1,14,1,287,0,0,0,1
443352003,1311996,1279270,1017001,973249,432075,331246,590340,676739,171714,210296,209451,200486,224267,148589,201324,194386,134439,227959,234948,161026,-10539,132166,258960,-8388607,0,2666,2664,2662,755,2477,-10110976,1,1,14,1,287,0,0,0,1
443352004,1309228,1277427,1017993,974083,432051,331110,590811,677712,171569,210452,209447,200393,224327,148789,201308,194635,134286,228047,234887,161019,-10476,132251,258885,-8388607,0,2665,2661,2666,759,2473,-10110976,1,1,14,1,287,0,0,0,1
443352005,1306015,1275154,1018237,974426,431706,330830,591598,678361,171557,210108,209374,200297,224401,149101,201552,194768,134343,228020,234902,160979,-10531,132059,258800,-8388607,0,2661,2668,2666,756,2480,-10110976,1,1,14,1,287,0,0,0,1
443352006,1302130,1272670,1018305,974877,431088,330232,592417,679089,171421,210255,209364,200113,224438,149234,201421,194863,134436,228127,234916,160986,-10640,131788,258849,-8388607,0,2664,2667,2663,753,2481,-10110976,1,1,14,1,287,0,0,0,1
443352007,1298162,1269934,1018184,975432,430680,329590,593212,680306,171603,210523,209458,200250,224382,149067,201642,194792,134468,228164,234967,161050,-10997,131475,258886,-8388607,0,2663,2668,2664,756,2473,-10110976,1,1,14,1,287,0,0,0,1
443352008,1294424,1267472,1018103,975937,429839,328819,594182,681439,171828,210519,209599,200190,224398,148985,201359,194615,134553,228278,235101,161172,-11119,131117,258899,-8388607,0,2663,2666,2658,754,2480,-10110976,1,1,14,1,287,0,0,0,1
443352009,1290980,1265100,1017825,976312,429129,327992,595074,682833,172038,210866,209631,200619,224350,148643,201155,194676,134679,228270,235021,161142,-11063,131215,258853,-8388607,0,2668,2661,2666,754,2480,-10110976,1,1,14,1,287,0,0,0,1
443352010,1287796,1262937,1017563,976851,428421,327531,595800,684334,172224,210907,209952,200647,223979,148217,200950,194169,134667,228268,234972,161064,-10952,131183,258997,-8388607,0,2670,2662,2664,756,2478,-10110976,1,1,14,1,287,0,0,0,1
443352011,1284875,1260949,1017611,977783,428079,327555,596937,686026,172479,211275,210240,201038,223710,148344,200929,194127,134877,228230,235149,161231,-10903,131428,259057,-8388607,0,2661,2664,2659,759,2479,-10110976,1,1,14,1,287,0,0,0,1
443352012,1281767,1258735,1017967,979004,427352,327170,597652,687224,172637,211365,210117,201116,223259,147782,200671,193767,134879,228205,235124,160894,-10750,131581,258889,-8388607,0,2658,2661,2664,752,2482,-10110976,1,1,14,1,287,0,0,0,1
443352013,1279170,1256304,1018965,980891,427054,327033,598658,688573,172927,211485,210507,201243,223365,147989,200582,193764,134882,228273,234968,161084,-10639,131677,259033,-8388607,0,2663,2659,2664,756,2478,-10110976,1,1,14,1,287,0,0,0,1
443352014,1276470,1253438,1019539,982567,427111,327060,599699,690171,172810,211249,210270,201267,223184,147730,200426,193728,134607,228259,234782,160922,-10773,131706,259064,-8388607,0,2665,2664,2664,761,2476,-10110976,1,1,14,1,287,0,0,0,1
443352015,1273349,1250102,1020124,983750,427107,327171,601090,691498,172727,211320,210076,200949,223225,147919,200530,193768,134487,227973,234569,160877,-10691,131675,259057,-8388607,0,2661,2668,2665,754,2482,-10110976,1,1,14,1,287,0,0,0,1
443352016,1269960,1246572,1019888,984273,427150,326910,602209,692556,172291,211091,209716,200495,223408,147973,200810,193717,134392,227881,234767,160853,-10614,131804,259047,-8388607,0,2664,2664,2668,754,2479,-10110976,1,1,14,1,287,0,0,0,1
443352017,1266199,1242464,1018890,984075,427259,326761,602988,693569,172021,210613,209574,200386,223533,148090,201032,194097,134145,228004,234725,160912,-10498,131990,259061,-8388607,0,2661,2664,2659,758,2474,-10110976,1,1,14,1,287,0,0,0,1
443352018,1261618,1237740,1017474,983297,426940,326368,603232,694070,171935,210539,209544,200533,224122,148601,201124,194419,134217,227863,234756,160858,-10584,131983,259060,-8388607,0,2660,2668,2658,755,2480,-10110976,1,1,14,1,287,0,0,0,1
443352019,1256782,1232601,1016326,982456,426315,325918,603221,694487,171596,210413,209186,200343,224254,148712,201085,194489,134126,227739,234727,160873,-10683,131741,258857,-8388607,0,2663,2664,2667,749,2479,-10110976,1,1,14,1,287,0,0,0,1
443352020,1251570,1227254,1015530,981723,425168,324913,602882,694638,171582,210322,209311,200264,224505,148887,201203,194635,134194,227786,234844,160889,-10931,131424,259145,-8388607,0,2669,2666,2662,755,2475,-10110976,1,1,14,1,287,0,0,0,1
443352021,1246259,1221459,1014699,981046,423991,323916,602290,694668,171606,210312,209468,200231,224480,149017,201514,194665,134192,227986,234867,160780,-10850,131124,259003,-8388607,0,2661,2667,2659,755,2488,-10110976,1,1,14,1,287,0,0,0,1
443352022,1241113,1216141,1014095,980546,422697,322779,602018,694583,171572,210576,209677,200443,224540,149201,201435,194673,134516,228164,235016,161083,-10916,131002,259079,-8388607,0,2661,2664,2664,754,2481,-10110976,1,1,14,1,287,0,0,0,1
443352023,1235702,1211325,1012966,980192,421662,321302,601712,694221,171743,210672,209612,200476,224389,148876,201188,194635,134582,228199,234993,161194,-10980,130792,259120,-8388607,0,2663,2665,2664,756,2476,-10110976,1,1,14,1,287,0,0,0,1
443352024,1230184,1207123,1011530,979750,420399,319834,601523,693884,171939,210897,209748,200446,224264,148888,201248,194485,134709,228271,235153,161236,-10897,130973,259098,-8388607,0,2666,2667,2660,760,2479,-10110976,1,1,14,1,287,0,0,0,1
443352025,1224901,1202793,1010236,979165,419267,318302,601229,693372,172336,211149,209943,200731,223978,148502,200972,194441,134636,228251,235132,161045,-10852,131293,259217,-8388607,0,2661,2665,2664,755,2481,-10110976,1,1,14,1,287,0,0,0,1
443352026,1219649,1198547,1009540,978504,418469,317146,601401,693405,172502,211329,210116,200777,223613,148242,200752,194111,134850,228338,235192,160911,-10679,131502,259139,-8388607,0,2665,2665,2668,756,2476,-10110976,1,1,14,1,287,0,0,0,1
443352027,1214710,1194183,1009180,977744,417619,316258,601511,693479,172664,211318,210234,200923,223384,148069,200694,193900,135002,228278,235109,161053,-10832,131163,259068,-8388607,0,2664,2665,2661,757,2476,-10110976,1,1,14,1,287,0,0,0,1
443352028,1209660,1189875,1008791,976794,416765,315754,601687,693596,172782,211268,210214,201132,223148,147684,200683,193818,134700,228095,234887,160973,-10978,131075,259085,-8388607,0,2659,2667,2665,754,2481,-10110976,1,1,14,1,287,0,0,0,1
443352029,1204468,1185767,1008304,976002,416385,315483,601970,693905,172826,211277,210203,201099,223313,147812,200571,193941,134644,228067,234833,160827,-10907,130930,259080,-8388607,0,2664,2666,2668,748,2480,-10110976,1,1,14,1,287,0,0,0,1
443352030,1199066,1182120,1007539,974832,416019,315443,602405,694806,172693,211034,209952,201163,223402,148012,200574,193945,134462,228165,234778,160847,-11088,130856,259113,-8388607,0,2666,2657,2663,757,2477,-10110976,1,1,14,1,287,0,0,0,1
443352031,1193746,1178510,1006767,973725,415541,315255,602556,695334,172366,210949,209844,200967,223465,148115,200818,194218,134469,228156,234781,161080,-10988,130901,259280,-8388607,0,2663,2667,2661,752,2480,-10110976,1,1,14,1,287,0,0,0,1
443352032,1188797,1174827,1006126,972828,415162,314956,603090,695856,171961,210679,209601,200590,223815,148366,200809,194137,134214,227905,234866,160995,-10953,131018,259041,-8388607,0,2663,2662,2662,751,2479,-10110976,1,1,14,1,287,0,0,0,1
443352033,1184295,1171686,1005839,972349,414622,314350,603506,696058,171850,210326,209534,200339,223987,148326,201104,194279,134284,227931,234762,161106,-10972,131008,259168,-8388607,0,2664,2663,2662,755,2477,-10110976,1,1,14,1,287,0,0,0,1
443352034,1179982,1168577,1005984,972075,414143,313367,604000,696250,171560,210306,209271,200349,224014,148812,201124,194561,134115,227867,234971,160948,-11091,130652,259170,-8388607,0,2661,2664,2659,757,2478,-10110976,1,1,14,1,287,0,0,0,1
443352035,1175923,1165417,1005900,971767,413456,312217,604398,696641,171368,210256,209145,200207,224227,148776,201000,194593,134252,227931,234882,160883,-11083,130704,259006,-8388607,0,2657,2664,2664,753,2482,-10110976,1,1,14,1,287,0,0,0,1
443352036,1172018,1162242,1005453,971303,413007,311348,605082,696912,171421,210246,209049,200078,224379,148680,201111,194504,134278,227825,234768,160869,-10859,130951,259152,-8388607,0,2666,2661,2664,756,2478,-10110976,1,1,14,1,287,0,0,0,1
443352037,1168033,1159052,1004843,970658,412381,310445,605618,697407,171377,210458,209239,200037,224301,148796,201400,194466,134315,228147,234812,160859,-10727,131066,259206,-8388607,0,2661,2664,2660,759,2478,-10110976,1,1,14,1,287,0,0,0,1
443352038,1163805,1155376,1003943,970043,411593,309752,606172,697715,171522,210689,209393,200147,224169,148792,201518,194602,134543,228068,234865,160955,-10724,131224,259148,-8388607,0,2655,2668,2663,753,2479,-10110976,1,1,14,1,287,0,0,0,1
443352039,1159769,1151614,1002790,969703,411074,308926,606856,698230,171735,210665,209409,200240,224047,148623,201254,194622,134614,228021,234982,160985,-10733,131244,259242,-8388607,0,2661,2661,2668,751,2475,-10110976,1,1,14,1,287,0,0,0,1
443352040,1155367,1147840,1001645,969466,410763,308402,607664,698715,172190,210916,209816,200661,223934,148528,201093,194568,134768,228297,235099,161033,-10863,130856,259059,-8388607,0,2663,2665,2662,758,2475,-10110976,1,1,14,1,287,0,0,0,1
443352041,1150968,1144022,1000345,969303,410384,307948,608933,699755,172511,211049,209793,200750,223495,148042,200600,194144,134535,228084,234915,160981,-10903,130892,259242,-8388607,0,2664,2670,2662,755,2480,-10110976,1,1,14,1,287,0,0,0,1
443352042,1146711,1140110,998848,969377,410716,307482,610608,700641,172676,211411,210139,201096,223504,148090,200809,194205,134791,227930,235031,161088,-10852,130827,259213,-8388607,0,2661,2660,2669,750,2479,-10110976,1,1,14,1,287,0,0,0,1
443352043,1142175,1136209,996696,968756,410825,307167,612345,701826,172869,211385,210415,201268,223462,148014,200688,193867,134737,228276,234952,161257,-11011,130771,259171,-8388607,0,2664,2662,2662,758,2473,-10110976,1,1,14,1,287,0,0,0,1
443352044,1137938,1132197,994659,968022,410963,307085,614015,702972,172929,211316,210279,200898,223441,147857,200582,193950,134555,228125,234979,160908,-11066,130758,259123,-8388607,0,2661,2667,2663,754,2479,-10110976,1,1,14,1,287,0,0,0,1
443352045,1133529,1128022,992743,967610,411085,306994,615606,704073,172594,211237,210169,201102,223601,147915,200680,194032,134511,228250,234709,160933,-10884,130982,259179,-8388607,0,2667,2666,2665,752,2484,-10110976,1,1,14,1,287,0,0,0,1
443352046,1129189,1123921,991080,967284,411001,306988,616889,705442,172344,211106,210125,201027,223716,148166,200748,194126,134422,228056,234771,160761,-10849,130917,259275,-8388607,0,2668,2663,2664,753,2476,-10110976,1,1,14,1,287,0,0,0,1
443352047,1124669,1119909,989657,967519,410676,306823,618150,706689,172339,210971,209922,200801,223842,148221,201176,194105,134426,228129,235027,160879,-11008,130608,259196,-8388607,0,2663,2665,2662,758,2478,-10110976,1,1,14,1,287,0,0,0,1
443352048,1120307,1116175,988157,967750,410104,306751,619274,708024,172132,210958,209819,200903,224171,148613,201472,194401,134548,228135,234938,161020,-11087,130504,259200,-8388607,0,2661,2666,2665,754,2482,-10110976,1,1,14,1,287,0,0,0,1
443352049,1116070,1112745,986891,967460,409472,306241,620119,708994,171830,210694,209799,200578,224288,148673,201550,194681,134383,227991,234928,161008,-11090,130362,259267,-8388607,0,2664,2664,2668,752,2480,-10110976,1,1,14,1,287,0,0,0,1
443352050,1111849,1109154,985164,967032,408769,305614,621241,709956,171932,210714,209664,200394,224341,149018,201299,194680,134314,227914,234880,160980,-11025,130647,259123,-8388607,0,2663,2664,2662,759,2475,-10110976,1,1,14,1,287,0,0,0,1
443352051,1107794,1105313,983763,966253,408421,304834,622424,711293,171754,210560,209663,200232,224564,149068,201393,194736,134308,228007,235097,160934,-10843,130858,259189,-8388607,0,2659,2668,2666,755,2481,-10110976,1,1,14,1,287,0,0,0,1
443352052,1103613,1101396,982651,965585,408050,304088,623441,712546,171815,210682,209683,200307,224582,149072,201426,194751,134358,228017,234970,161077,-10971,130681,259234,-8388607,0,2663,2659,2664,753,2478,-10110976,1,1,14,1,287,0,0,0,1
443352053,1099390,1097755,982130,964915,407743,303452,624297,713881,171853,210506,209774,200188,224391,149046,201513,194777,134534,228071,234776,161029,-11166,130382,259244,-8388607,0,2665,2667,2661,755,2467,-10110976,1,1,14,1,287,0,0,0,1
443352054,1095662,1093970,982189,964601,407188,303145,625386,715273,171932,210634,209559,200432,224175,148857,201423,194610,134714,228377,235003,161172,-11139,130317,259172,-8388607,0,2662,2668,2666,756,2477,-10110976,1,1,14,1,287,0,0,0,1
443352055,1091994,1090724,981988,964363,406819,303149,626379,716928,172083,210914,209821,200705,223960,148573,201193,194314,134736,228379,235190,161093,-10973,130245,259301,-8388607,0,2663,2662,2662,752,2479,-10110976,1,1,14,1,287,0,0,0,1
443352056,1088287,1088083,981928,963834,406436,303075,627166,718727,172278,211036,209913,200860,223934,148155,201082,194170,134878,228293,235115,161244,-11151,130247,259274,-8388607,0,2668,2659,2662,756,2476,-10110976,1,1,14,1,287,0,0,0,1
443352057,1084355,1085403,981620,963421,406402,303089,628239,720359,172386,211026,210094,201082,223562,148056,200881,193911,134796,228132,235196,160995,-11127,130502,259210,-8388607,0,2663,2667,2659,757,2481,-10110976,1,1,14,1,287,0,0,0,1
443352058,1080586,1082818,981779,962979,406121,302979,629088,721770,172506,211174,209903,200926,223285,147752,200944,193938,134800,228189,235186,160988,-10951,130763,259327,-8388607,0,2658,2665,2663,753,2482,-10110976,1,1,14,1,287,0,0,0,1
443352059,1077026,1080097,982231,962666,405756,302770,629957,722896,172441,211201,209961,200838,223376,147774,200731,193766,134717,228201,235144,160985,-10738,130821,259312,-8388607,0,2661,2663,2666,756,2477,-10110976,1,1,14,1,287,0,0,0,1
443352060,1073502,1077197,982972,962342,405381,302605,630357,723711,172423,210945,209723,200821,223169,147788,200656,193701,134532,228149,234944,161031,-10770,130648,259374,-8388607,0,2662,2666,2661,760,2475,-10110976,1,1,14,1,287,0,0,0,1
443352061,1069888,1073990,983989,962312,405074,302036,630532,724223,172379,210858,209516,200631,223469,148060,200661,194053,134435,228302,234984,160960,-10868,130633,259317,-8388607,0,2661,2665,2663,754,2482,-10110976,1,1,14,1,287,0,0,0,1
443352062,1066262,1070927,984822,962314,404425,301355,630554,724549,172087,210673,209735,200577,223640,148043,200924,194385,134336,228131,234981,161200,-10828,130613,259322,-8388607,0,2666,2664,2666,756,2477,-10110976,1,1,14,1,287,0,0,0,1
443352063,1062426,1067855,985505,962212,403478,300498,630147,724254,171887,210565,209663,200498,223652,148449,201022,194242,134165,227858,235017,160999,-11099,130305,259450,-8388607,0,2661,2660,2662,758,2475,-10110976,1,1,14,1,287,0,0,0,1
443352064,1058343,1065013,986176,962353,402217,299330,629967,723962,171741,210674,209693,200580,223907,148592,201240,194368,134131,227847,234860,161056,-11246,130095,259365,-8388607,0,2657,2666,2666,754,2477,-10110976,1,1,14,1,287,0,0,0,1
443352065,1055121,1062527,986717,962833,401027,298413,629309,723321,171654,210544,209415,200394,224199,148605,201411,194420,134144,227774,234935,161058,-11359,129792,259466,-8388607,0,2662,2666,2666,748,2481,-10110976,1,1,14,1,287,0,0,0,1
443352066,1052406,1060553,987753,964022,399761,296928,628658,722864,171667,210514,209358,200403,224143,148806,201434,194606,134117,227864,234645,160716,-11306,129856,259367,-8388607,0,2664,2660,2662,757,2477,-10110976,1,1,14,1,287,0,0,0,1
443352067,1050155,1059337,988927,965448,398496,295282,627950,722081,171670,210560,209345,200272,224363,148583,201353,194638,134304,227861,234840,160638,-11237,129948,259437,-8388607,0,2664,2666,2660,757,2481,-10110976,1,1,14,1,287,0,0,0,1
443352068,1048261,1058213,990216,967005,397283,293944,627409,721329,172030,210937,209671,200508,224258,148708,201456,194694,134360,227869,234936,160823,-11131,130219,259363,-8388607,0,2663,2659,2666,755,2481,-10110976,1,1,14,1,287,0,0,0,1
443352069,1046467,1057330,991321,969165,396272,292597,626916,720995,172350,211164,209812,200654,223955,148650,201367,194480,134419,227955,234718,160645,-11150,130174,259369,-8388607,0,2665,2662,2672,756,2477,-10110976,1,1,14,1,287,0,0,0,1
443352070,1044944,1056093,992317,970992,395143,291378,626660,720910,172378,211030,210127,200787,223886,148767,201135,194387,134352,227923,234868,160856,-10861,130646,259527,-8388607,0,2661,2668,2662,760,2479,-10110976,1,1,14,1,287,0,0,0,1
443352071,1043508,1054534,993265,972628,394333,290532,626585,721697,172648,211151,210329,201074,223724,148283,200882,194332,134602,228107,234994,160947,-10591,130901,259485,-8388607,0,2661,2664,2662,754,2482,-10110976,1,1,14,1,287,0,0,0,1
443352072,1041632,1052440,993741,973822,393564,289806,626496,722373,172692,211278,210363,201111,223549,148104,200623,193999,134642,228185,234770,161007,-10777,130872,259322,-8388607,0,2663,2662,2664,755,2478,-10110976,1,1,14,1,287,0,0,0,1
443352073,1039716,1050010,994267,974830,393052,289783,626834,723372,172668,211516,210531,201249,223584,148335,201030,194150,134767,228383,235016,161196,-10579,130612,259521,-8388607,0,2663,2664,2662,758,2475,-10110976,1,1,14,1,287,0,0,0,1
443352074,1037432,1047241,993894,976027,392360,289657,627105,723850,172503,211341,210192,200999,223625,148254,200972,194035,134766,228474,234990,161047,-10870,130437,259453,-8388607,0,2661,2669,2666,754,2481,-10110976,1,1,14,1,287,0,0,0,1
443352075,1034891,1044611,993495,977135,392046,289259,627481,724368,172341,211075,209866,200927,223673,147930,201094,193874,134716,228256,235032,161161,-11227,130148,259342,-8388607,0,2661,2662,2666,752,2478,-10110976,1,1,14,1,287,0,0,0,1
443352076,1032555,1042411,993235,978091,391904,288964,628051,725432,172177,211052,209561,200798,223886,148120,201076,194231,134633,228403,234895,161061,-11159,130010,259494,-8388607,0,2665,2666,2662,755,2475,-10110976,1,1,14,1,287,0,0,0,1
443352077,1030566,1040238,993292,979251,391734,288640,628998,726203,172082,210627,209439,200475,223794,148372,200954,194367,134542,228247,235048,161171,-11264,129876,259620,-8388607,0,2661,2666,2662,756,2479,-10110976,1,1,14,1,287,0,0,0,1
443352078,1029053,1038396,993985,980866,391556,288389,629870,727040,171618,210432,209480,200240,224221,148619,201201,194375,134689,228033,235008,161060,-11229,129807,259363,-8388607,0,2666,2663,2664,752,2481,-10110976,1,1,14,1,287,0,0,0,1
443352079,1028030,1036936,995275,983065,391035,287525,630852,727907,171359,210189,209416,200140,224057,148747,201279,194298,134371,227904,235046,160944,-11164,129841,259446,-8388607,0,2666,2661,2663,755,2477,-10110976,1,1,14,1,287,0,0,0,1
443352080,1027191,1036340,997181,986033,390568,287070,631364,728448,171331,210085,209304,199875,223889,148660,201285,194486,134391,228143,235103,160922,-11289,129696,259456,-8388607,0,2661,2668,2659,757,2479,-10110976,1,1,14,1,287,0,0,0,1
443352081,1026340,1036420,999131,989085,389889,286356,631721,729092,171404,210227,209259,200146,223968,148941,201148,194417,134326,227971,234829,160983,-11218,130004,259514,-8388607,0,2658,2665,2664,750,2482,-10110976,1,1,14,1,287,0,0,0,1
443352082,1025851,1036725,1000782,992041,389150,285577,632071,729765,171587,210317,209388,200213,224127,148715,201098,194564,134337,228094,234790,160986,-11069,130185,259460,-8388607,0,2663,2663,2668,758,2478,-10110976,1,1,14,1,287,0,0,0,1
443352083,1025268,1037172,1002507,994420,388432,284967,632579,730196,171758,211034,209613,200281,223856,148332,201143,194296,134209,228096,235039,160911,-10996,130413,259540,-8388607,0,2666,2666,2659,760,2475,-10110976,1,1,14,1,287,0,0,0,1
443352084,1024759,1037151,1004248,996641,387768,284426,633530,730590,172031,211066,209845,200689,223748,148165,201163,194049,134426,228083,234907,160885,-10709,130781,259461,-8388607,0,2659,2667,2668,754,2481,-10110976,1,1,14,1,287,0,0,0,1
443352085,1024053,1036559,1006199,998099,387138,283473,634353,731190,172372,211361,210023,200931,223718,148217,201141,194111,134359,228050,234763,160791,-10559,130790,259513,-8388607,0,2661,2665,2670,753,2477,-10110976,1,1,14,1,287,0,0,0,1
443352086,1022546,1035414,1008135,999859,386868,282719,635461,731727,172734,211372,210100,201155,223570,148014,200905,193802,134407,227940,234721,160825,-10732,130587,259547,-8388607,0,2661,2668,2662,759,2473,-10110976,1,1,14,1,287,0,0,0,1
443352087,1021036,1034086,1010408,1001264,386788,282253,636394,732310,172821,211471,210245,201190,223572,148099,200700,193871,134551,228041,234724,160804,-10985,130295,259548,-8388607,0,2660,2669,2666,756,2481,-10110976,1,1,14,1,287,0,0,0,1
443352088,1019536,1032846,1012574,1002755,386300,281646,637395,732669,172701,211476,210299,201113,223647,147977,200709,194025,134457,227847,234725,160678,-11139,129975,259464,-8388607,0,2665,2668,2661,747,2477,-10110976,1,1,14,1,287,0,0,0,1
443352089,1018111,1032145,1014630,1004273,386238,281454,638601,733439,172667,211293,210227,201033,223533,148267,200986,194193,134489,227994,234782,160891,-11346,129815,259490,-8388607,0,2668,2666,2664,756,2475,-10110976,1,1,14,1,287,0,0,0,1
443352090,1017184,1031476,1017044,1005586,386116,280912,639853,734284,172375,210980,210034,200958,223503,148319,200968,194215,134503,228062,234847,160798,-11395,129741,259490,-8388607,0,2662,2664,2657,752,2477,-10110976,1,1,14,1,287,0,0,0,1
443352091,1016844,1031680,1019584,1007595,385948,281006,641038,735517,172170,210682,209796,200765,223907,148492,201184,194539,134439,228070,234864,161063,-11404,129734,259413,-8388607,0,2664,2666,2665,752,2481,-10110976,1,1,14,1,287,0,0,0,1
443352092,1016902,1032327,1022544,1010181,385686,280950,642423,736656,172008,210453,209728,200578,224263,148802,201185,194653,134579,228278,235014,161289,-11343,130043,259707,-8388607,0,2661,2659,2662,756,2478,-10110976,1,1,14,1,287,0,0,0,1
443352093,1017337,1033339,1026235,1013102,385439,280492,643870,737826,171475,210472,209528,200252,224183,148780,201411,194601,134621,228258,235115,161206,-11052,130158,259495,-8388607,0,2663,2666,2659,760,2480,-10110976,1,1,14,1,287,0,0,0,1
443352094,1018111,1034275,1029914,1015862,385278,279947,644965,738754,171236,210212,209341,200232,224315,148723,201408,194459,134442,228382,235228,161272,-10990,130182,259454,-8388607,0,2663,2664,2664,753,2482,-10110976,1,1,14,1,287,0,0,0,1
443352095,1018396,1035187,1033407,1018978,385004,279402,646032,739787,171340,210241,209235,200079,224212,148865,201385,194439,134576,228319,235310,161345,-10944,130377,259535,-8388607,0,2661,2663,2668,754,2477,-10110976,1,1,14,1,287,0,0,0,1
443352096,1018845,1036052,1036630,1021916,384426,278769,646826,740946,171412,210141,209210,200122,224207,148955,201235,194365,134773,228301,235140,161156,-10897,130506,259531,-8388607,0,2661,2664,2662,760,2474,-10110976,1,1,14,1,287,0,0,0,1
443352097,1018523,1036730,1039592,1024639,383628,277931,647757,742038,171733,210423,209321,200005,224159,148665,201016,194424,134568,228343,235081,161035,-10909,130568,259637,-8388607,0,2657,2666,2662,754,2481,-10110976,1,1,14,1,287,0,0,0,1
443352098,1018152,1037390,1042089,1027605,383241,277566,648511,743340,171915,210877,209558,200225,223838,148434,200849,194245,134757,228185,235143,160856,-10963,130394,259594,-8388607,0,2664,2661,2666,752,2477,-10110976,1,1,14,1,287,0,0,0,1
443352099,1018116,1037811,1044034,1030652,382566,276929,649678,744912,172240,210862,209869,200574,223723,148303,200885,194202,134767,228180,234840,160852,-11026,130281,259627,-8388607,0,2668,2663,2662,758,2473,-10110976,1,1,14,1,287,0,0,0,1
443352100,1017743,1038454,1046463,1033710,381812,276531,650492,746518,172639,211220,210338,200957,223467,148027,200771,194054,134703,228189,235049,160926,-11038,130214,259585,-8388607,0,2661,2668,2659,753,2480,-10110976,1,1,14,1,287,0,0,0,1
443352101,1017665,1038936,1048930,1037283,381311,276040,650961,747888,172833,211348,210067,201110,223230,148200,200850,193798,134545,228088,234752,160881,-11105,130255,259557,-8388607,0,2661,2665,2665,750,2482,-10110976,1,1,14,1,287,0,0,0,1
443352102,1017695,1039283,1051490,1041257,380500,275770,651592,748995,172945,211426,210286,201239,223538,147885,200666,193877,134387,227949,234774,160818,-11218,130150,259716,-8388607,0,2666,2663,2660,755,2484,-10110976,1,1,14,1,287,0,0,0,1
443352103,1017772,1039679,1054584,1045607,380133,275513,652150,750114,172696,211403,210239,201197,223546,147923,200646,194048,134117,227934,234693,160841,-11147,130201,259603,-8388607,0,2662,2669,2657,758,2479,-10110976,1,1,14,1,287,0,0,0,1
443352104,1018143,1040307,1058056,1050368,380080,275267,652990,751000,172592,211227,210095,200879,223634,148143,200820,193992,134150,228084,234626,161027,-11180,130239,259637,-8388607,0,2666,2666,2666,755,2482,-10110976,1,1,14,1,287,0,0,0,1
443352105,1018916,1041016,1061860,1055232,379845,274571,653355,751576,172357,210948,209852,200847,223770,148334,201098,194230,134234,227973,234832,160907,-11290,130053,259640,-8388607,0,2668,2663,2666,757,2477,-10110976,1,1,14,1,287,0,0,0,1
443352106,1020006,1041770,1065703,1060265,379627,273976,653372,751959,172197,210570,209624,200684,224081,148616,201206,194232,134335,227918,234831,160852,-11102,130315,259573,-8388607,0,2659,2665,2664,760,2473,-10110976,1,1,14,1,287,0,0,0,1
443352107,1021160,1042619,1069288,1064832,379154,273596,653317,752221,171882,210319,209588,200488,223966,148699,201044,194268,134253,227871,234745,160890,-10940,130636,259572,-8388607,0,2657,2664,2664,756,2481,-10110976,1,1,14,1,287,0,0,0,1
443352108,1021823,1043164,1072486,1069096,378481,273246,652756,752281,171433,210150,209201,200181,224369,148938,201262,194470,134402,227870,234726,160806,-10681,130761,259614,-8388607,0,2665,2662,2666,756,2478,-10110976,1,1,14,1,287,0,0,0,1
443352109,1022024,1043026,1075449,1073034,377317,272250,651854,752233,171249,210199,209017,199825,224084,148663,201004,194521,134634,227930,234905,160752,-10864,131007,259632,-8388607,0,2666,2665,2666,759,2475,-10110976,1,1,14,1,287,0,0,0,1
443352110,1021669,1042480,1078444,1076521,376344,271247,651150,752037,171347,210245,209340,199928,224004,148868,201146,194580,134683,228092,235129,161042,-10738,130891,259690,-8388607,0,2663,2668,2663,754,2481,-10110976,1,1,14,1,287,0,0,0,1
443352111,1021114,1041276,1081478,1079939,375053,270098,650252,751874,171443,210382,209223,200072,223971,148600,201368,194457,134637,228168,235235,161216,-10883,130486,259627,-8388607,0,2663,2672,2666,751,2477,-10110976,1,1,14,1,287,0,0,0,1
443352112,1020348,1039941,1084533,1083085,373751,268962,649099,751499,171566,210425,209340,200213,223778,148333,201019,194161,134738,228264,235078,161179,-11330,130130,259705,-8388607,0,2664,2668,2662,756,2473,-10110976,1,1,14,1,287,0,0,0,1
443352113,1019832,1038880,1087551,1086303,372482,267560,648207,750771,171966,210596,209736,200496,223809,148381,200834,194159,134757,228401,235054,161331,-11262,129840,259720,-8388607,0,2661,2666,2659,758,2480,-10110976,1,1,14,1,287,0,0,0,1
443352114,1019727,1038520,1090939,1089648,371282,266528,647608,750746,172363,210991,210068,200776,223713,148185,200789,194195,134790,228524,235185,161298,-11367,129752,259826,-8388607,0,2663,2662,2663,751,2482,-10110976,1,1,14,1,287,0,0,0,1
443352115,1019765,1038571,1094475,1092724,370280,265645,647045,750225,172531,211310,210147,200897,223412,147929,200884,193998,134699,228400,235110,161152,-11453,129745,259664,-8388607,0,2663,2659,2666,757,2477,-10110976,1,1,14,1,287,0,0,0,1
443352116,1020542,1039131,1098426,1095993,369406,264398,646862,749976,172804,211527,210208,201021,223473,147993,200803,193746,134676,228232,235089,161099,-11238,129922,259758,-8388607,0,2661,2664,2660,759,2480,-10110976,1,1,14,1,287,0,0,0,1
443352117,1021386,1039805,1102511,1099485,368466,263702,646689,749902,172912,211470,210094,201135,223482,147821,200693,193901,134583,228132,234841,160952,-10913,130254,259731,-8388607,0,2657,2665,2664,755,2481,-10110976,1,1,14,1,287,0,0,0,1
443352118,1021955,1040658,1106686,1103376,367806,263175,646471,750028,172981,211377,210284,201291,223517,148144,200642,194045,134682,227880,234886,160712,-11008,130359,259675,-8388607,0,2661,2663,2666,755,2478,-10110976,1,1,14,1,287,0,0,0,1
443352119,1022422,1042036,1111147,1107313,367435,262894,646445,750357,172735,211086,210097,201081,223772,148308,200754,194146,134459,227840,234567,160663,-11044,130233,259785,-8388607,0,2664,2666,2664,754,2478,-10110976,1,1,14,1,287,0,0,0,1
443352120,1022432,1043212,1115304,1111291,366913,262813,646929,750899,172311,211003,209995,200891,223990,148481,200957,194271,134328,227842,234810,160570,-10971,130446,259819,-8388607,0,2663,2667,2665,755,2482,-10110976,1,1,14,1,287,0,0,0,1
443352121,1022552,1044598,1119273,1114939,366784,262499,647522,751652,172057,210674,209708,200691,224072,148703,201210,194530,134230,227947,234732,160812,-11004,130310,259806,-8388607,0,2661,2663,2666,749,2477,-10110976,1,1,14,1,287,0,0,0,1
443352122,1023015,1045621,1122955,1117960,366378,262124,648091,752263,171743,210351,209580,200597,224209,149014,201422,194570,134271,227906,234839,160973,-11137,130217,259790,-8388607,0,2661,2666,2658,758,2478,-10110976,1,1,14,1,287,0,0,0,1
443352123,1023429,1046479,1126581,1120484,366106,261547,648705,752997,171703,210260,209452,200428,224507,148937,201485,194654,134156,228107,234799,161079,-11094,130400,259877,-8388607,0,2662,2670,2663,755,2479,-10110976,1,1,14,1,287,0,0,0,1
443352124,1024044,1046998,1130151,1122816,365921,261084,649349,753446,171550,210314,209204,200293,224424,149094,201173,194784,134313,228105,234818,161088,-11004,130312,259734,-8388607,0,2665,2663,2671,751,2481,-10110976,1,1,14,1,287,0,0,0,1
443352125,1024618,1047524,1133464,1125353,365491,260242,650306,753880,171352,210189,209128,199917,224247,148771,201200,194259,134375,228208,234837,161058,-11212,130241,259796,-8388607,0,2666,2663,2660,756,2478,-10110976,1,1,14,1,287,0,0,0,1
443352126,1025051,1048016,1137209,1128789,365018,259298,651293,754550,171478,210405,209187,200015,223973,148687,201299,194326,134495,228215,234908,161147,-10977,130404,259799,-8388607,0,2663,2666,2659,756,2478,-10110976,1,1,14,1,287,0,0,0,1
443352127,1025413,1048959,1140857,1132788,364126,258464,651917,754969,171610,210571,209344,200392,223804,148419,201109,194329,134740,228253,234977,160981,-11188,130126,259651,-8388607,0,2661,2663,2666,753,2484,-10110976,1,1,14,1,287,0,0,0,1
443352128,1025776,1050049,1144283,1137261,363565,257844,653092,755964,171931,210665,209671,200439,223749,147950,200805,194190,134872,228230,235147,161152,-11501,129936,259776,-8388607,0,2668,2657,2666,753,2477,-10110976,1,1,14,1,287,0,0,0,1
443352129,1026509,1051321,1147421,1141602,362940,257056,654301,756469,172285,210989,209771,200812,223487,147973,200751,194002,134842,228278,235136,160938,-11257,130353,259812,-8388607,0,2664,2667,2661,759,2478,-10110976,1,1,14,1,287,0,0,0,1
443352130,1027580,1052774,1150564,1145682,362519,256432,655464,757063,172269,211054,209973,200719,223332,147938,200521,194053,134988,228368,235166,160832,-10906,130517,259814,-8388607,0,2662,2667,2661,751,2484,-10110976,1,1,14,1,287,0,0,0,1
443352131,1028546,1053776,1153229,1149580,362152,255975,656912,757719,172540,211077,210164,200695,223236,147752,200498,193713,134886,228342,235059,161040,-10893,130772,259956,-8388607,0,2663,2663,2666,756,2477,-10110976,1,1,14,1,287,0,0,0,1
443352132,1029299,1054316,1155788,1152915,362131,255586,658000,758594,172813,211126,210237,200899,223370,147843,200653,193925,134813,228255,234907,160978,-10765,131118,259843,-8388607,0,2660,2661,2663,755,2473,-10110976,1,1,14,1,287,0,0,0,1
443352133,1029905,1054226,1158428,1156403,361884,255353,659607,759828,172462,210956,209970,200892,223659,147975,200572,193976,134594,228147,234859,161113,-10619,131142,259796,-8388607,0,2661,2668,2660,754,2481,-10110976,1,1,14,1,287,0,0,0,1
443352134,1029825,1053538,1160760,1159812,361859,255299,661110,760967,172362,210864,209811,201032,223762,148148,200773,193925,134395,228190,234865,161222,-10664,130861,259956,-8388607,0,2661,2662,2666,751,2479,-10110976,1,1,14,1,287,0,0,0,1
443352135,1028967,1052643,1162728,1163153,361747,255302,662799,762486,172109,210599,209815,200711,224116,148637,200985,194413,134108,227951,234693,160951,-11102,130469,259825,-8388607,0,2668,2664,2659,756,2475,-10110976,1,1,14,1,287,0,0,0,1
443352136,1028122,1051997,1164241,1166786,361580,255177,664294,763721,171890,210840,209446,200731,224089,148692,201294,194484,134014,227804,234901,160928,-11151,130165,260006,-8388607,0,2665,2666,2661,753,2480,-10110976,1,1,14,1,287,0,0,0,1
443352137,1026968,1051427,1165411,1169993,361426,255049,665343,765042,171625,210620,209376,200477,224300,148982,201404,194480,134184,227824,234939,160869,-11340,129941,259904,-8388607,0,2663,2662,2664,751,2482,-10110976,1,1,14,1,287,0,0,0,1
443352138,1026052,1051138,1166661,1173232,360918,254547,666358,766352,171717,210209,209332,200365,224426,149099,201441,194628,134242,227664,234687,160738,-11194,130128,259978,-8388607,0,2663,2664,2661,755,2476,-10110976,1,1,14,1,287,0,0,0,1
443352139,1025766,1051001,1168361,1176254,360481,254078,666891,767521,171709,210620,209434,200382,224447,148874,201491,194900,134276,227624,234971,160906,-11088,130363,259921,-8388607,0,2659,2665,2661,756,2478,-10110976,1,1,14,1,287,0,0,0,1
443352140,1025591,1050868,1170840,1179788,360022,253386,668047,768960,171615,210520,209440,200258,224363,148812,201312,194634,134372,227806,234861,160939,-11016,130434,259976,-8388607,0,2661,2666,2664,749,2482,-10110976,1,1,14,1,287,0,0,0,1
443352141,1025457,1050394,1174216,1183294,359389,252768,669243,770482,171719,210472,209504,200352,223959,148694,201167,194588,134400,228053,234915,160937,-11093,130407,260082,-8388607,0,2668,2662,2665,755,2478,-10110976,1,1,14,1,287,0,0,0,1
443352142,1025297,1050008,1177975,1187049,358496,251927,670067,772118,172082,210683,209642,200434,223972,148610,201107,194415,134708,228336,235052,161112,-10889,130400,259992,-8388607,0,2661,2665,2662,758,2475,-10110976,1,1,14,1,287,0,0,0,1
443352143,1024826,1049480,1181633,1190357,357852,251096,670727,773440,172368,211007,210014,200715,223841,148320,201086,194323,134755,228210,234970,161192,-11003,130486,260107,-8388607,0,2659,2667,2662,755,2482,-10110976,1,1,14,1,287,0,0,0,1
443352144,1023893,1048929,1184935,1193102,356964,250533,671165,774496,172479,211154,209905,200848,223789,148161,200881,193978,134898,228421,234972,161268,-10975,130489,260120,-8388607,0,2664,2664,2666,751,2488,-10110976,1,1,14,1,287,0,0,0,1
443352145,1022991,1048092,1188167,1195092,356435,250173,671293,775657,172527,211296,209877,200877,223601,147928,200554,193848,134871,228283,235069,161233,-10875,130454,259985,-8388607,0,2668,2664,2662,758,2478,-10110976,1,1,14,1,287,0,0,0,1
443352146,1022087,1046730,1191158,1196829,355873,249938,671424,776936,172597,211164,210160,201084,223327,147934,200606,193812,134893,228244,235150,161242,-10740,130715,260000,-8388607,0,2663,2668,2666,755,2479,-10110976,1,1,14,1,287,0,0,0,1
443352147,1020855,1045197,1194282,1198160,355429,249796,671730,777885,172352,211138,210017,200970,223352,147843,200835,193711,134726,228272,235102,160945,-10663,130680,260104,-8388607,0,2664,2661,2667,752,2477,-10110976,1,1,14,1,287,0,0,0,1
443352148,1019343,1043059,1197687,1199674,354995,249409,671961,778726,172666,211035,209994,201004,223509,148092,200915,194006,134835,228432,234964,160958,-11045,130342,260139,-8388607,0,2668,2662,2663,756,2478,-10110976,1,1,14,1,287,0,0,0,1
443352149,1018024,1040761,1201302,1201294,354351,249144,671918,779514,172179,210675,209685,200777,223745,148228,200695,193976,134521,228064,234902,160845,-11166,130025,260053,-8388607,0,2660,2665,2659,756,2480,-10110976,1,1,14,1,287,0,0,0,1
443352150,1016178,1038657,1204708,1202946,353706,248534,671857,779917,171958,210501,209587,200538,223920,148357,200784,194317,134389,227966,234739,160993,-11246,129999,260097,-8388607,0,2662,2663,2666,753,2477,-10110976,1,1,14,1,287,0,0,0,1
443352151,1014492,1036862,1208254,1204847,353139,248009,671761,780135,171993,210664,209451,200327,224131,148563,201108,194344,134299,227805,234700,160884,-11447,129874,260233,-8388607,0,2666,2663,2661,754,2479,-10110976,1,1,14,1,287,0,0,0,1
443352152,1013409,1035604,1211759,1206995,352151,247110,671251,779611,171678,210504,209427,200157,224009,148734,201225,194479,134099,227768,234730,160831,-11196,130199,260187,-8388607,0,2666,2665,2663,758,2478,-10110976,1,1,14,1,287,0,0,0,1
443352153,1012325,1034994,1214823,1209747,351576,246160,670504,778967,171887,210598,209559,200379,224344,148870,201266,194468,134204,227787,234827,161009,-11011,130394,260053,-8388607,0,2662,2665,2666,754,2481,-10110976,1,1,14,1,287,0,0,0,1
443352154,1011240,1034765,1218135,1212719,350763,244962,669761,778096,171831,210453,209400,200253,224338,148835,201298,194534,133990,227824,234552,160879,-11241,130225,260054,-8388607,0,2663,2664,2668,753,2478,-10110976,1,1,14,1,287,0,0,0,1
443352155,1010287,1034812,1221392,1216003,349750,243941,669094,777365,171973,210550,209550,200197,224310,148600,201183,194414,134306,227924,234809,160911,-11026,130540,260035,-8388607,0,2661,2666,2663,758,2476,-10110976,1,1,14,1,287,0,0,0,1
443352156,1009292,1034408,1223774,1219064,348697,242623,668284,776849,171989,210879,209882,200606,224295,148569,201242,194368,134531,228106,234768,161081,-10649,130896,260220,-8388607,0,2661,2666,2662,754,2481,-10110976,1,1,14,1,287,0,0,0,1
443352157,1007555,1033306,1224924,1221383,347261,241337,667543,776294,172169,211081,209741,200936,223957,148486,201278,194144,134531,228147,234889,160975,-10732,130736,260039,-8388607,0,2665,2662,2666,750,2478,-10110976,1,1,14,1,287,0,0,0,1
443352158,1005337,1032249,1225519,1223599,346186,239881,666958,775962,172372,210971,209946,200800,223693,148456,201071,194175,134672,227935,234861,160808,-10790,130817,260117,-8388607,0,2665,2659,2662,757,2475,-10110976,1,1,14,1,287,0,0,0,1
443352159,1002737,1030962,1225762,1225732,344927,238593,666454,775995,172403,210961,209859,200989,223516,148283,200928,194097,134686,228154,234899,160941,-10882,130683,260085,-8388607,0,2658,2668,2659,753,2479,-10110976,1,1,14,1,287,0,0,0,1
443352160,1000005,1029018,1225683,1228003,343683,237727,666183,776405,172689,211148,209922,200930,223557,148050,200726,194013,134655,228157,234885,160823,-11151,130494,260141,-8388607,0,2661,2663,2665,751,2482,-10110976,1,1,14,1,287,0,0,0,1
443352161,997553,1027327,1225994,1230326,343132,236998,666560,776930,172615,211014,209831,200863,223531,147760,200564,194099,134653,228135,234931,160983,-11063,130218,260150,-8388607,0,2666,2661,2663,754,2478,-10110976,1,1,14,1,287,0,0,0,1
443352162,995419,1025659,1226532,1232651,342633,236771,667284,777628,172300,210930,209981,200826,223302,147897,200762,193921,134730,228192,234962,161039,-11457,129856,260196,-8388607,0,2663,2666,2660,760,2482,-10110976,1,1,14,1,287,0,0,0,1
443352163,993756,1024427,1227360,1235256,342545,236660,668059,778629,172332,210698,209719,200942,223429,147928,200894,193944,134771,228228,234963,161109,-11593,129594,260152,-8388607,0,2663,2665,2665,754,2484,-10110976,1,1,14,1,287,0,0,0,1
443352164,992731,1023109,1228459,1237504,342609,236574,668451,779189,172107,210450,209572,200665,223585,148027,200880,193765,134577,228127,234903,161138,-11475,129958,260181,-8388607,0,2662,2663,2664,755,2477,-10110976,1,1,14,1,287,0,0,0,1
443352165,992031,1022023,1229818,1239992,342814,236800,669424,779800,171880,210387,209364,200655,223896,148154,200933,194099,134464,228185,235166,161211,-11138,130339,260200,-8388607,0,2664,2664,2664,756,2478,-10110976,1,1,14,1,287,0,0,0,1
443352166,991474,1021043,1231889,1242698,342685,236345,670309,780623,171785,210342,209430,200479,224108,148543,201049,194389,134461,228063,234878,161074,-11150,130616,260105,-8388607,0,2659,2669,2662,755,2480,-10110976,1,1,14,1,287,0,0,0,1
443352167,990812,1019753,1234176,1245257,342437,236264,671557,781670,171780,210429,209690,200353,224224,148884,201401,194536,134482,228076,234896,161130,-10987,130677,260221,-8388607,0,2664,2661,2668,755,2477,-10110976,1,1,14,1,287,0,0,0,1
443352168,990068,1018325,1236363,1247538,341960,235405,672677,782544,171711,210271,209254,200273,223992,148803,201361,194370,134414,228020,234810,160980,-11027,130663,260219,-8388607,0,2664,2672,2666,758,2473,-10110976,1,1,14,1,287,0,0,0,1
443352169,989331,1016292,1237975,1249024,341119,234347,673493,783446,171712,210565,209353,200206,224046,148823,201201,194498,134352,227977,234829,160904,-11036,130637,260237,-8388607,0,2661,2666,2664,755,2481,-10110976,1,1,14,1,287,0,0,0,1
443352170,987960,1014021,1239129,1249313,340611,233401,674557,784451,171843,210640,209508,200322,224287,148861,201136,194636,134404,228052,234959,160843,-11068,130785,260229,-8388607,0,2661,2668,2666,752,2477,-10110976,1,1,14,1,287,0,0,0,1
443352171,986397,1011448,1239521,1249262,339950,232597,675269,784915,171813,210803,209506,200331,224098,148507,201144,194602,134402,227974,234673,160881,-10733,130911,260259,-8388607,0,2663,2662,2663,755,2477,-10110976,1,1,14,1,287,0,0,0,1
443352172,984421,1008301,1239875,1248359,339239,231875,676282,785455,171930,211103,209589,200775,223994,148477,201102,194488,134479,228039,234970,160941,-10799,130906,260260,-8388607,0,2662,2665,2664,757,2477,-10110976,1,1,14,1,287,0,0,0,1
443352173,982125,1004780,1240603,1247012,338549,231035,676912,785684,172191,210990,209995,200681,223808,148433,201050,194128,134663,228131,234777,160953,-10983,130730,260185,-8388607,0,2663,2665,2667,751,2484,-10110976,1,1,14,1,287,0,0,0,1
443352174,979687,1000903,1241665,1246129,338079,230321,677943,786465,172372,211025,209920,201058,223763,148353,201039,194067,134702,228020,234873,161091,-11367,130258,260294,-8388607,0,2666,2663,2665,753,2477,-10110976,1,1,14,1,287,0,0,0,1
443352175,977472,997408,1242986,1245627,337501,229815,679131,787337,172521,211251,210137,201004,223706,147961,200824,193901,134515,228288,234776,161082,-11508,129946,260313,-8388607,0,2662,2667,2662,758,2474,-10110976,1,1,14,1,287,0,0,0,1
443352176,975009,994490,1243955,1245545,337273,229547,680569,788280,172662,210939,210256,201102,223659,148116,200733,193747,134701,228205,234844,160953,-11359,129930,260199,-8388607,0,2660,2664,2662,753,2482,-10110976,1,1,14,1,287,0,0,0,1
443352177,972509,992318,1244654,1245526,337011,229374,682214,789588,172599,211012,210019,200971,223360,148046,200667,193857,134760,228157,234920,161182,-11396,129958,260242,-8388607,0,2663,2661,2666,754,2476,-10110976,1,1,14,1,287,0,0,0,1
443352178,970046,991058,1244761,1245473,336815,229153,683292,790824,172607,211131,210043,200843,223449,148144,200850,194014,134678,228225,235018,160973,-11470,130042,260236,-8388607,0,2665,2665,2661,756,2475,-10110976,1,1,14,1,287,0,0,0,1
443352179,967762,989884,1244928,1245566,336662,229105,684579,791966,172626,211018,209672,201009,223562,148290,201092,194188,134758,228186,235033,161092,-11180,130374,260268,-8388607,0,2661,2668,2661,750,2479,-10110976,1,1,14,1,287,0,0,0,1
443352180,965529,988697,1245145,1246014,336432,228925,685506,793007,172231,210771,209457,200719,223695,148467,200978,194348,134603,228059,235060,161059,-10925,130809,260178,-8388607,0,2661,2664,2668,749,2478,-10110976,1,1,14,1,287,0,0,0,1
443352181,962974,987143,1245583,1246599,336169,228657,686772,794141,171992,210738,209325,200560,223908,148491,201197,194645,134571,228208,235117,161032,-10786,130986,260244,-8388607,0,2664,2663,2662,757,2478,-10110976,1,1,14,1,287,0,0,0,1
443352182,960037,985330,1246155,1247392,335796,228031,687724,795473,171882,210558,209436,200368,224044,148768,201316,194533,134500,228018,235076,160898,-10912,130709,260212,-8388607,0,2661,2667,2662,753,2479,-10110976,1,1,14,1,287,0,0,0,1
443352183,956636,983163,1246949,1248117,335295,227170,688763,797066,171633,210350,209432,200259,224353,148820,201565,194535,134367,227911,235011,160807,-11236,130389,260184,-8388607,0,2663,2663,2663,751,2481,-10110976,1,1,14,1,287,0,0,0,1
443352184,953282,980942,1247422,1248948,334671,226304,689956,798651,171582,210301,209639,200279,224613,148747,201456,194610,134378,228209,234991,161054,-11355,130195,260273,-8388607,0,2666,2663,2670,756,2478,-10110976,1,1,14,1,287,0,0,0,1
443352185,950030,978641,1247335,1249802,333668,225286,690577,800036,171378,210240,209303,200287,224295,148613,201224,194433,134243,227976,234862,161025,-11366,130139,260220,-8388607,0,2661,2665,2661,754,2478,-10110976,1,1,14,1,287,0,0,0,1
443352186,946710,976783,1247237,1250503,332844,224674,691069,801458,171629,210223,209226,200252,224243,148623,201027,194211,134610,228167,234938,161082,-11380,130069,260237,-8388607,0,2660,2665,2664,753,2481,-10110976,1,1,14,1,287,0,0,0,1
443352187,943832,974974,1247402,1251576,332262,223923,691855,802872,171746,210789,209457,200442,224196,148580,201009,194474,134401,228057,235032,161097,-11444,130034,260296,-8388607,0,2663,2663,2666,756,2477,-10110976,1,1,14,1,287,0,0,0,1
443352188,941419,973344,1247961,1252908,331542,223304,692617,804490,172171,210978,209577,200577,223627,148377,201137,194209,134469,228140,235092,160993,-11289,130452,260311,-8388607,0,2665,2665,2662,760,2477,-10110976,1,1,14,1,287,0,0,0,1
443352189,939225,971332,1248576,1254355,330878,223247,693490,806138,172238,210870,209704,200744,223432,148158,200794,193887,134633,228122,235110,160916,-11135,130734,260315,-8388607,0,2661,2667,2661,752,2484,-10110976,1,1,14,1,287,0,0,0,1
443352190,937078,969017,1249311,1255890,330576,222983,694554,807536,172470,211078,210039,201069,223557,147943,200768,193947,134659,228068,234952,161182,-11244,130584,260312,-8388607,0,2661,2664,2662,755,2478,-10110976,1,1,14,1,287,0,0,0,1
443352191,934831,966320,1250471,1257429,330233,222542,695414,808714,172546,211271,210015,201297,223480,147977,200688,194058,134716,228106,234944,160954,-11286,130531,260324,-8388607,0,2661,2671,2666,758,2473,-10110976,1,1,14,1,287,0,0,0,1
443352192,932669,963289,1251529,1258480,330011,222279,696249,809529,172561,210934,210158,201079,223306,147862,200582,193821,134548,228202,234814,160808,-11245,130570,260310,-8388607,0,2660,2668,2662,754,2480,-10110976,1,1,14,1,287,0,0,0,1
443352193,930787,959942,1252547,1259406,330158,222005,696582,810009,172494,210993,209945,200933,223415,147902,200595,193806,134560,228025,234965,160919,-11244,130617,260287,-8388607,0,2663,2664,2664,751,2477,-10110976,1,1,14,1,287,0,0,0,1
443352194,928388,956364,1253317,1259833,329816,221716,696759,810536,172463,210789,209820,200773,223465,148149,201014,193843,134498,228149,234893,160965,-11149,130590,260353,-8388607,0,2668,2666,2663,755,2478,-10110976,1,1,14,1,287,0,0,0,1
443352195,925982,952583,1253602,1259796,329298,221229,696514,810540,172326,210780,209568,200686,224085,148343,200917,194050,134392,227885,234988,161021,-11155,130695,260372,-8388607,0,2662,2667,2661,754,2477,-10110976,1,1,14,1,287,0,0,0,1
443352196,923436,948764,1253672,1259477,328688,220417,695946,810871,172057,210762,209292,200502,224086,148394,200779,194295,134334,227811,234977,160960,-11040,130410,260337,-8388607,0,2662,2666,2663,753,2481,-10110976,1,1,14,1,287,0,0,0,1
443352197,920348,944739,1253447,1258723,327889,219622,695414,811022,171807,210477,209260,200208,224185,148678,201033,194599,134268,227912,234982,160864,-11030,130481,260408,-8388607,0,2660,2662,2664,754,2477,-10110976,1,1,14,1,287,0,0,0,1
443352198,917105,940552,1252860,1257895,326706,218546,694917,810949,171509,210502,209529,200167,224173,148936,201414,194428,134413,227916,234986,161051,-11102,130484,260360,-8388607,0,2661,2664,2659,757,2478,-10110976,1,1,14,1,287,0,0,0,1
443352199,913583,936201,1252503,1257130,325531,217431,694055,810533,171620,210316,209450,200111,224240,148846,201418,194540,134557,228019,234852,161006,-11317,130320,260488,-8388607,0,2658,2665,2664,753,2482,-10110976,1,1,14,1,287,0,0,0,1
443352200,910162,932153,1252449,1256216,324371,216062,693269,810232,171674,210195,209491,200290,224217,148727,201310,194887,134440,228005,234782,160966,-11403,129954,260387,-8388607,0,2663,2663,2666,752,2477,-10110976,1,1,14,1,287,0,0,0,1
443352201,907177,928008,1252565,1255620,323208,214767,692679,809603,171953,210578,209529,200591,224097,148783,201278,194713,134630,228125,235087,160793,-11407,129879,260397,-8388607,0,2661,2665,2664,757,2473,-10110976,1,1,14,1,287,0,0,0,1
443352202,904554,924507,1252582,1254780,322067,213644,692366,809291,172143,210936,209816,200722,224071,148725,200939,194520,134696,228202,234844,160836,-11483,129901,260267,-8388607,0,2655,2668,2663,753,2480,-10110976,1,1,14,1,287,0,0,0,1
443352203,901945,921350,1252323,1253832,321350,212781,692470,809175,172273,211052,209800,200657,223718,148411,200838,194228,134615,228091,234944,160863,-11266,129920,260285,-8388607,0,2661,2664,2666,754,2476,-10110976,1,1,14,1,287,0,0,0,1
443352204,899211,918802,1251936,1252716,321119,212096,692742,809355,172653,211085,209832,200924,223780,148171,200820,193845,134730,228101,234938,160903,-11311,130084,260383,-8388607,0,2668,2663,2661,755,2473,-10110976,1,1,14,1,287,0,0,0,1
443352205,896342,916492,1251614,1251794,320475,211858,692869,809451,172601,211036,209986,200896,223577,148151,200838,193857,134788,228195,234904,161111,-11259,130270,260399,-8388607,0,2662,2667,2663,754,2479,-10110976,1,1,14,1,287,0,0,0,1
443352206,893771,914249,1251816,1251150,320054,211562,692855,809602,172804,211108,209897,201152,223454,147951,200848,193854,134721,228174,234903,161053,-11328,130187,260404,-8388607,0,2666,2663,2665,747,2481,-10110976,1,1,14,1,287,0,0,0,1
443352207,891019,912013,1251939,1250697,319898,211638,693055,809873,172813,211106,210261,201079,223521,147895,200719,193925,134769,228349,234996,161143,-11118,130255,260478,-8388607,0,2665,2662,2660,756,2478,-10110976,1,1,14,1,287,0,0,0,1
443352208,888265,909906,1252209,1250278,319643,211324,693362,810345,172711,211049,210101,201021,223560,147940,200950,194083,134664,228296,235115,161199,-11534,129924,260321,-8388607,0,2661,2667,2661,754,2476,-10110976,1,1,14,1,287,0,0,0,1
443352209,885598,908066,1252544,1249833,318985,210831,693955,811020,172286,210711,209906,200791,223654,148130,201026,194221,134521,228125,234856,161029,-11336,129798,260395,-8388607,0,2664,2664,2665,752,2484,-10110976,1,1,14,1,287,0,0,0,1
443352210,883179,906378,1252532,1249353,318525,210196,694897,811940,171783,210423,209588,200685,223786,148334,201145,194356,134441,227939,234946,160895,-11319,130111,260337,-8388607,0,2666,2659,2666,757,2477,-10110976,1,1,14,1,287,0,0,0,1
443352211,880455,904725,1252198,1248746,318021,209367,695887,812655,171745,210395,209495,200647,224006,148779,201188,194574,134501,227967,234904,161030,-11326,130224,260344,-8388607,0,2662,2666,2663,759,2480,-10110976,1,1,14,1,287,0,0,0,1
443352212,877993,903212,1251693,1248080,317283,208415,696916,813377,171346,210337,209136,200194,224087,148611,200873,194366,134192,227648,234944,160878,-11316,130234,260458,-8388607,0,2657,2666,2662,754,2482,-10110976,1,1,14,1,287,0,0,0,1
443352213,875472,901884,1251090,1247677,316859,207673,697655,814095,171523,210508,209358,200059,224451,148844,201189,194410,134388,227763,234764,160856,-11308,130260,260373,-8388607,0,2661,2662,2666,754,2478,-10110976,1,1,14,1,287,0,0,0,1
443352214,873000,900155,1250958,1247930,316220,207076,698570,814743,171732,210255,209216,199868,224130,148716,201132,194258,134396,227982,234752,160910,-11218,130174,260504,-8388607,0,2664,2666,2661,755,2475,-10110976,1,1,14,1,287,0,0,0,1
443352215,870649,898459,1250662,1248222,315436,206328,699898,815128,171760,210287,209304,199990,224174,148585,201080,194233,134311,227983,234816,161057,-11364,130355,260528,-8388607,0,2661,2668,2662,754,2480,-10110976,1,1,14,1,287,0,0,0,1
443352216,868508,896641,1250729,1248721,315156,205541,700847,816144,171854,210618,209702,200352,224044,148465,201299,194314,134281,228039,234659,160816,-11437,130236,260417,-8388607,0,2665,2664,2667,750,2479,-10110976,1,1,14,1,287,0,0,0,1
443352217,866412,894797,1250713,1249276,314737,204999,702443,817228,171981,210658,209755,200582,223919,148065,201101,194166,134473,228091,234707,160867,-11349,130146,260404,-8388607,0,2666,2663,2662,755,2474,-10110976,1,1,14,1,287,0,0,0,1
443352218,864582,892983,1250802,1249839,314421,204738,704245,818614,172261,210972,210156,200751,223773,148113,200806,194296,134595,228015,234763,160981,-11570,130184,260449,-8388607,0,2659,2668,2659,753,2477,-10110976,1,1,14,1,287,0,0,0,1
443352219,862971,890872,1251127,1250576,313916,204245,705900,820045,172408,211065,210183,201065,223486,148027,200730,193867,134519,228320,235021,161013,-11405,130302,260523,-8388607,0,2663,2664,2664,751,2484,-10110976,1,1,14,1,287,0,0,0,1
443352220,861652,888538,1251607,1251098,313694,203910,707358,821514,172576,211162,209922,200964,223328,148118,200931,193940,134657,228040,234907,160790,-11274,130244,260385,-8388607,0,2668,2662,2664,756,2477,-10110976,1,1,14,1,287,0,0,0,1
443352221,860523,886036,1252094,1251689,313548,203645,708951,822547,172753,211167,209788,201195,223449,148108,200825,194286,134744,228130,234808,161016,-11248,130386,260430,-8388607,0,2663,2664,2663,757,2478,-10110976,1,1,14,1,287,0,0,0,1
443352222,859208,883375,1252363,1251928,313314,203340,710269,823936,172669,211032,209836,200923,223746,148087,200635,194040,134660,228268,234885,161081,-11089,130516,260502,-8388607,0,2659,2665,2665,751,2488,-10110976,1,1,14,1,287,0,0,0,1
443352223,857511,880554,1252607,1252204,312936,203092,711604,825496,172360,211126,209740,200803,223597,148083,200578,194117,134774,228256,234972,161132,-11041,130419,260502,-8388607,0,2659,2664,2672,758,2476,-10110976,1,1,14,1,287,0,0,0,1
443352224,855354,877529,1252586,1251973,312650,202657,712989,826998,172119,210759,209723,200644,223889,148437,201013,194322,134624,228236,234848,161017,-11093,130363,260534,-8388607,0,2664,2666,2661,759,2475,-10110976,1,1,14,1,287,0,0,0,1
443352225,853081,874169,1252472,1252092,312269,202144,714425,828509,171972,210512,209637,200458,223848,148488,201353,194351,134562,228227,235001,161060,-11153,130476,260467,-8388607,0,2663,2672,2663,755,2480,-10110976,1,1,14,1,287,0,0,0,1
443352226,850807,870813,1252377,1252135,311602,201731,715625,830248,171813,210342,209748,200588,224354,148867,201439,194613,134559,228220,234968,161179,-11108,130573,260499,-8388607,0,2665,2662,2664,753,2477,-10110976,1,1,14,1,287,0,0,0,1
443352227,848464,867344,1252560,1251972,311053,200846,716599,831964,171607,210237,209466,200389,224528,148891,201337,194613,134565,228215,235022,161167,-11061,130289,260611,-8388607,0,2665,2665,2662,758,2475,-10110976,1,1,14,1,287,0,0,0,1
443352228,845734,863886,1252917,1251831,310184,200156,717610,833394,171384,210199,209385,200115,224235,148827,201109,194543,134438,228032,234927,161050,-11477,130053,260482,-8388607,0,2658,2668,2662,755,2477,-10110976,1,1,14,1,287,0,0,0,1
443352229,843340,860784,1253544,1251741,309730,199677,718661,835212,171696,210511,209395,200494,224331,149019,201139,194502,134522,228038,235214,161248,-11391,130002,260565,-8388607,0,2661,2663,2666,751,2477,-10110976,1,1,14,1,287,0,0,0,1
443352230,840844,857652,1253911,1251253,309124,198968,719131,836797,171961,210735,209570,200318,224064,148712,201127,194291,134437,228151,234946,160947,-11117,130200,260583,-8388607,0,2668,2666,2665,756,2480,-10110976,1,1,14,1,287,0,0,0,1
443352231,838284,854689,1254428,1251061,308763,198567,719857,838377,172159,210904,209691,200590,223992,148720,201219,194330,134516,228261,234933,160844,-11111,130267,260673,-8388607,0,2663,2667,2661,751,2480,-10110976,1,1,14,1,287,0,0,0,1
443352232,835384,852251,1255255,1251039,307944,197983,720415,839567,172260,210889,209553,200707,223834,148282,201057,194076,134549,228006,234816,160794,-11289,130250,260616,-8388607,0,2666,2663,2664,753,2482,-10110976,1,1,14,1,287,0,0,0,1
443352233,832345,849896,1256650,1251085,307532,197649,720563,840860,172363,210993,210056,200954,223711,148129,200739,194141,134746,227995,234633,160848,-11177,130286,260648,-8388607,0,2663,2659,2666,756,2478,-10110976,1,1,14,1,287,0,0,0,1
443352234,829506,847550,1258362,1251767,307042,197163,720818,841842,172690,211159,210197,201016,223601,147915,200898,193997,134631,227972,234715,160822,-11325,130218,260813,-8388607,0,2661,2666,2662,760,2475,-10110976,1,1,14,1,287,0,0,0,1
443352235,826931,845205,1259897,1252012,306501,196653,720833,842529,172502,211030,209970,201145,223613,147818,200917,193881,134414,228046,234786,160829,-11470,130162,260669,-8388607,0,2661,2668,2664,755,2481,-10110976,1,1,14,1,287,0,0,0,1
443352236,824259,843029,1261469,1252349,305838,195943,720791,842818,172563,210948,210051,201051,223536,147841,200875,193851,134393,227895,234852,161052,-11280,130119,260750,-8388607,0,2665,2664,2666,754,2478,-10110976,1,1,14,1,287,0,0,0,1
443352237,821630,840798,1263528,1252447,305177,195234,720778,843315,172630,210729,209965,200832,223603,148176,200893,193831,134440,227806,235002,161054,-11448,130083,260830,-8388607,0,2666,2666,2662,758,2475,-10110976,1,1,14,1,287,0,0,0,1
443352238,819136,838493,1265366,1252573,304450,194478,720451,843198,172160,210969,209495,200767,223614,148197,200442,194033,134418,228000,234837,161001,-11214,130412,260871,-8388607,0,2661,2668,2663,754,2481,-10110976,1,1,14,1,287,0,0,0,1
443352239,816805,835949,1267152,1252935,303892,193716,719921,842970,172061,210702,209462,200471,223638,148211,200701,194191,134426,227859,234783,161059,-11001,130307,260723,-8388607,0,2661,2662,2666,751,2479,-10110976,1,1,14,1,287,0,0,0,1
443352240,814393,833317,1269364,1253656,303238,192958,719391,842427,171582,210441,209395,200417,223897,148449,200591,194179,134256,227973,234716,160863,-11316,130241,260872,-8388607,0,2665,2666,2659,756,2477,-10110976,1,1,14,1,287,0,0,0,1
443352241,811895,830822,1271402,1254764,302576,192265,718753,841710,171642,210353,209284,200289,223826,148528,201214,194340,134409,227973,234967,160758,-11487,129833,260837,-8388607,0,2663,2666,2659,757,2479,-10110976,1,1,14,1,287,0,0,0,1
443352242,809620,828996,1273232,1256224,301948,191483,717832,840916,171582,210272,209297,200422,224048,148657,201183,194491,134402,228097,234693,160762,-11722,129615,260808,-8388607,0,2662,2663,2662,755,2482,-10110976,1,1,14,1,287,0,0,0,1
443352243,807918,827531,1274771,1257787,301213,190516,717425,840418,171606,210423,209418,200383,224155,148669,201198,194466,134564,228029,234851,160939,-11661,129533,260892,-8388607,0,2664,2661,2665,753,2478,-10110976,1,1,14,1,287,0,0,0,1
443352244,806335,826459,1275767,1258960,300351,189548,717010,840503,171851,210464,209550,200463,224223,148641,201411,194595,134603,228199,234939,161002,-11655,129745,260936,-8388607,0,2659,2667,2659,757,2477,-10110976,1,1,14,1,287,0,0,0,1
443352245,805058,825457,1276613,1260403,299408,188437,717311,840736,172042,210704,209723,200243,224009,148447,201165,194449,134629,228159,234948,160973,-11700,129707,260883,-8388607,0,2661,2669,2664,754,2482,-10110976,1,1,14,1,287,0,0,0,1
443352246,804422,824657,1277548,1261658,298676,187368,717511,841253,171994,210852,209914,200671,224062,148669,201108,194500,134545,228187,234949,161149,-11401,130221,261105,-8388607,0,2667,2663,2668,755,2479,-10110976,1,1,14,1,287,0,0,0,1
443352247,803904,823423,1278759,1263062,297609,186647,717559,841896,172503,211016,209686,200992,223869,148519,200992,194180,134553,228054,234906,161120,-11132,130486,261005,-8388607,0,2665,2665,2663,759,2475,-10110976,1,1,14,1,287,0,0,0,1
443352248,803450,821885,1280012,1264368,296921,186095,717837,842311,172639,211042,210081,200988,223995,148469,200816,194215,134541,228221,234907,161181,-11396,130105,260960,-8388607,0,2657,2666,2662,755,2479,-10110976,1,1,14,1,287,0,0,0,1
443352249,802992,820181,1281278,1265509,296421,185796,718062,842817,172631,211269,210113,201080,223880,148321,200805,194260,134537,228116,234921,160801,-10969,130195,261046,-8388607,0,2661,2661,2666,754,2481,-10110976,1,1,14,1,287,0,0,0,1
443352250,802133,818387,1282409,1266780,296167,185440,718319,843562,172641,211173,210138,201044,223741,148322,200946,194235,134488,228057,234860,160848,-11065,130387,261057,-8388607,0,2661,2666,2658,757,2475,-10110976,1,1,14,1,287,0,0,0,1
443352251,800976,816424,1283256,1267463,295725,185135,718999,844243,172699,210963,210010,201056,223786,148173,200938,194279,134778,228134,234927,161039,-11257,130371,261039,-8388607,0,2661,2668,2666,755,2477,-10110976,1,1,14,1,287,0,0,0,1
443352252,799729,814136,1284175,1268136,295286,184609,719931,845047,172407,210785,209847,201081,223794,148421,201148,194307,134682,228052,234888,161065,-11159,130388,261081,-8388607,0,2665,2662,2666,753,2477,-10110976,1,1,14,1,287,0,0,0,1
443352253,798530,811911,1285248,1269061,294889,183983,721110,845638,172021,210643,209538,200926,224037,148393,201157,194095,134561,228193,235234,160955,-11347,130170,261048,-8388607,0,2668,2663,2662,757,2476,-10110976,1,1,14,1,287,0,0,0,1
443352254,797084,809841,1286609,1270159,294496,183106,722315,846662,172086,210407,209433,200509,223915,148426,201082,194378,134546,227964,235022,161006,-11575,129904,261032,-8388607,0,2660,2666,2660,758,2480,-10110976,1,1,14,1,287,0,0,0,1
443352255,795861,807941,1288313,1271558,294279,182633,723251,847367,171768,210458,209555,200495,224016,148613,201013,194372,134447,228172,235039,161012,-11499,129878,261032,-8388607,0,2659,2662,2664,753,2482,-10110976,1,1,14,1,287,0,0,0,1
443352256,794915,806338,1290453,1273043,293537,181844,724463,848226,171735,210471,209233,200172,223928,148702,201082,194289,134332,228093,234849,161029,-11644,129660,261063,-8388607,0,2663,2663,2665,757,2477,-10110976,1,1,14,1,287,0,0,0,1
443352257,794037,805072,1292803,1274631,293177,181409,725444,848919,171582,210245,209435,200362,224038,148689,201226,194301,134506,228257,234929,161068,-11653,129684,261103,-8388607,0,2663,2665,2662,758,2477,-10110976,1,1,14,1,287,0,0,0,1
443352258,793489,804128,1295124,1275785,292727,180765,726271,849639,171787,210386,209328,200238,223914,148515,201031,194159,134434,228300,234848,160991,-11491,129995,261175,-8388607,0,2661,2666,2664,754,2479,-10110976,1,1,14,1,287,0,0,0,1
443352259,793247,802969,1297360,1277034,292284,180271,727312,850162,171830,210639,209377,200281,223961,148551,200976,194386,134613,228332,235095,161043,-11223,130180,261120,-8388607,0,2662,2661,2666,754,2478,-10110976,1,1,14,1,287,0,0,0,1
443352260,792844,801777,1299724,1277931,291880,179657,728183,850714,171827,210793,209604,200421,223902,148475,201199,194195,134621,228151,234895,160852,-11082,130505,261234,-8388607,0,2661,2662,2662,757,2475,-10110976,1,1,14,1,287,0,0,0,1
443352261,792251,800416,1301975,1278663,291290,178972,728844,851551,172199,210963,209757,200777,223581,148262,201164,194098,134510,228175,234644,160902,-10956,130626,261100,-8388607,0,2661,2666,2662,754,2480,-10110976,1,1,14,1,287,0,0,0,1
443352262,791219,799041,1304325,1279422,290678,178124,729760,851802,172203,210984,209741,200849,223632,148187,200940,194039,134550,228191,234955,160608,-11169,130498,261077,-8388607,0,2663,2664,2666,750,2478,-10110976,1,1,14,1,287,0,0,0,1
443352263,789848,797018,1306566,1280033,290142,177730,730979,852754,172483,211066,210047,200983,223635,148040,200975,194095,134653,227961,234859,161025,-10827,130604,261154,-8388607,0,2665,2666,2662,755,2475,-10110976,1,1,14,1,287,0,0,0,1
443352264,788152,794992,1308279,1280776,289605,176938,731962,853819,172753,211230,210178,201277,223883,148246,201037,194159,134579,228019,234962,160965,-11119,130479,261160,-8388607,0,2662,2668,2661,753,2479,-10110976,1,1,14,1,287,0,0,0,1
443352265,786038,792971,1309890,1281689,288955,176372,733220,854681,172650,211101,210141,201169,223791,148213,200895,194128,134499,227974,234818,160915,-11218,130169,261209,-8388607,0,2667,2663,2662,754,2481,-10110976,1,1,14,1,287,0,0,0,1
443352266,783748,790866,1311456,1282425,288660,176046,734760,855972,172384,210863,209916,200687,223757,148243,200971,194039,134265,228095,234771,160987,-11193,130000,261187,-8388607,0,2663,2661,2664,758,2478,-10110976,1,1,14,1,287,0,0,0,1
443352267,781557,789083,1313281,1283639,288252,175619,736165,857144,172243,210770,209741,200751,224067,148537,201003,194149,134491,228052,234861,161069,-11732,129577,261237,-8388607,0,2666,2663,2659,759,2478,-10110976,1,1,14,1,287,0,0,0,1
443352268,779540,787931,1315747,1285264,287644,175174,737550,858448,172166,210600,209540,200786,223904,148384,201158,194147,134379,228174,234808,161010,-11924,129344,261187,-8388607,0,2661,2664,2664,754,2482,-10110976,1,1,14,1,287,0,0,0,1
443352269,778042,786821,1318444,1286842,287456,174787,738603,859768,171681,210468,209252,200559,224288,148429,201245,194528,134478,228004,234902,160974,-11878,129554,261234,-8388607,0,2665,2664,2663,748,2471,-10110976,1,1,14,1,287,0,0,0,1
443352270,777276,785807,1321445,1288702,287227,174284,739730,861243,171657,210483,209586,200589,224163,148668,201042,194664,134511,228010,234955,160949,-11714,129630,261212,-8388607,0,2666,2668,2662,756,2471,-10110976,1,1,14,1,287,0,0,0,1
443352271,776662,785011,1324468,1290569,286932,173808,741020,862665,171585,210428,209518,200467,224012,148676,201217,194473,134530,228025,234850,160896,-11401,129916,261352,-8388607,0,2660,2666,2664,754,2480,-10110976,1,1,14,1,287,0,0,0,1
443352272,776169,784260,1327856,1292681,286446,173295,741980,864494,171633,210332,209395,200545,224056,148489,201358,194702,134708,228148,234962,161142,-11250,130231,261421,-8388607,0,2665,2664,2668,754,2477,-10110976,1,1,14,1,287,0,0,0,1
443352273,775191,783799,1330858,1295442,285728,172379,742932,866177,171688,210396,209385,200601,223877,148553,201029,194452,134702,228244,235012,161014,-11275,130224,261237,-8388607,0,2668,2668,2664,753,2473,-10110976,1,1,14,1,287,0,0,0,1
443352274,774208,783118,1334216,1298414,284784,171682,743756,867989,172078,210619,209479,200286,224047,148604,200992,194433,134651,228232,235003,161179,-11449,130239,261219,-8388607,0,2664,2667,2664,753,2481,-10110976,1,1,14,1,287,0,0,0,1
443352275,773120,782576,1337711,1301949,283840,171192,744401,869593,172354,210769,209693,200495,224008,148378,200852,194204,134639,228256,234997,161069,-11332,130307,261442,-8388607,0,2663,2663,2667,755,2477,-10110976,1,1,14,1,287,0,0,0,1
443352276,772253,781880,1341307,1305575,283016,170379,745277,870739,172289,210985,209872,200684,223836,148482,200904,194022,134544,228278,234953,161042,-11409,130236,261325,-8388607,0,2662,2663,2662,754,2476,-10110976,1,1,14,1,287,0,0,0,1
443352277,771134,780823,1344768,1309033,282473,169644,745585,871992,172585,211077,209860,201023,223763,148289,200971,194106,134611,228152,234656,161011,-11193,130370,261320,-8388607,0,2664,2667,2657,755,2480,-10110976,1,1,14,1,287,0,0,0,1
443352278,770263,779213,1348519,1312093,281726,169015,745876,872864,172415,210934,209820,201085,223590,148110,201056,194129,134569,228146,234883,160981,-11351,130123,261395,-8388607,0,2666,2663,2665,750,2481,-10110976,1,1,14,1,287,0,0,0,1
443352279,769374,777451,1352253,1314955,281447,168439,746180,873219,172456,210979,209692,201121,223761,148008,200829,193907,134532,228052,234742,160922,-11277,130119,261328,-8388607,0,2665,2659,2665,755,2478,-10110976,1,1,14,1,287,0,0,0,1
443352280,768656,775567,1356153,1318106,281170,167888,746170,873745,172453,211114,209899,201006,223675,148146,200845,194324,134401,227995,234811,160884,-11167,130303,261317,-8388607,0,2661,2665,2664,760,2474,-10110976,1,1,14,1,287,0,0,0,1
443352281,767768,773718,1360125,1321131,280721,167508,745989,873888,172356,210958,209821,200833,223588,148328,201147,194234,134407,227863,234995,160694,-11358,130113,261318,-8388607,0,2655,2665,2664,753,2482,-10110976,1,1,14,1,287,0,0,0,1
443352282,766830,772034,1363407,1324105,280597,167024,745692,874053,172165,210767,209637,200741,223820,148462,201040,194087,134257,227812,234943,160738,-11482,129859,261422,-8388607,0,2663,2662,2666,753,2478,-10110976,1,1,14,1,287,0,0,0,1
443352283,765918,770424,1366402,1326575,280024,166228,745225,873910,172044,210485,209504,200745,223941,148509,200911,194287,134382,227854,234773,160805,-11726,129881,261475,-8388607,0,2663,2665,2663,758,2475,-10110976,1,1,14,1,287,0,0,0,1
443352284,765100,768977,1369230,1328846,279565,165769,744849,873748,171965,210590,209489,200588,224114,148668,201060,194298,134363,227897,234887,160973,-11576,130228,261473,-8388607,0,2664,2670,2663,754,2480,-10110976,1,1,14,1,287,0,0,0,1
443352285,764039,767430,1371329,1330829,278811,165029,744263,873403,171829,210388,209440,200535,224252,148438,200924,194048,134407,227967,234727,160842,-11337,130321,261474,-8388607,0,2664,2668,2668,749,2475,-10110976,1,1,14,1,287,0,0,0,1
443352286,762902,765675,1373519,1332555,277908,164274,743946,873281,171809,210654,209650,200233,224280,148630,201070,194123,134435,227922,234842,161093,-11247,130259,261411,-8388607,0,2664,2666,2662,758,2475,-10110976,1,1,14,1,287,0,0,0,1
443352287,761982,763943,1376003,1334027,276962,163270,743515,873080,171674,210372,209551,200363,224023,148656,201131,194411,134329,227993,234984,161165,-11681,129957,261489,-8388607,0,2660,2666,2664,754,2477,-10110976,1,1,14,1,287,0,0,0,1
443352288,760956,762150,1378695,1335693,276043,162445,742982,872674,171921,210660,209488,200305,224063,148477,201224,194425,134740,228218,234842,161094,-11476,130075,261337,-8388607,0,2665,2662,2662,753,2482,-10110976,1,1,14,1,287,0,0,0,1
443352289,760167,760128,1381331,1337524,275094,161466,742475,871900,171899,210773,209595,200599,223826,148210,201212,194249,134570,228157,235008,161156,-11492,129922,261405,-8388607,0,2668,2659,2662,756,2478,-10110976,1,1,14,1,287,0,0,0,1
443352290,759221,758176,1383647,1338994,274355,160677,741871,871403,172095,210723,209800,200504,223823,148237,200980,194347,134727,228329,235028,161068,-11483,129777,261414,-8388607,0,2663,2668,2659,757,2477,-10110976,1,1,14,1,287,0,0,0,1
443352291,758216,756863,1385656,1340378,273370,159992,741347,871169,172122,210852,210041,200626,223624,148448,200827,194290,134819,228313,235102,161026,-11500,129740,261523,-8388607,0,2666,2661,2664,752,2481,-10110976,1,1,14,1,287,0,0,0,1
443352292,757083,755902,1387868,1342077,272673,159139,741077,870862,172335,211013,210010,200951,223783,148536,200870,194180,134828,228346,235030,160932,-11673,129653,261499,-8388607,0,2661,2657,2664,756,2478,-10110976,1,1,14,1,287,0,0,0,1
443352293,756085,755292,1390069,1343773,272028,158451,740948,870983,172369,211075,209967,200873,223733,148368,200848,194059,134793,228251,234954,160998,-11653,129839,261442,-8388607,0,2667,2665,2664,760,2481,-10110976,1,1,14,1,287,0,0,0,1
443352294,755455,754905,1392538,1345970,271486,157848,740837,871391,172562,210779,209969,200885,223761,148357,200924,194173,134744,228231,235068,161083,-11521,129857,261466,-8388607,0,2661,2666,2664,755,2482,-10110976,1,1,14,1,287,0,0,0,1
443352295,754696,754595,1395696,1348592,270917,157350,741133,871728,172376,210688,209919,200837,223914,148385,200920,194120,134531,228279,235138,161171,-11559,129665,261512,-8388607,0,2665,2662,2668,749,2477,-10110976,1,1,14,1,287,0,0,0,1
443352296,754123,754983,1399170,1351164,270734,157098,741806,872441,172252,210775,209732,200714,224022,148447,201181,194535,134511,228138,235164,161098,-11648,129780,261658,-8388607,0,2665,2664,2662,758,2475,-10110976,1,1,14,1,287,0,0,0,1
443352297,753968,754995,1402918,1353731,270367,156490,742244,873208,172073,210699,209684,200699,223926,148435,201210,194359,134386,228016,234729,160964,-11801,129869,261516,-8388607,0,2662,2668,2663,755,2480,-10110976,1,1,14,1,287,0,0,0,1
443352298,754130,755432,1406830,1356315,270277,156265,743176,874010,172059,210590,209695,200660,224024,148501,201415,194598,134525,228060,234926,161055,-11590,130003,261621,-8388607,0,2665,2666,2661,749,2480,-10110976,1,1,14,1,287,0,0,0,1
443352299,754418,755446,1410363,1358297,270101,155725,744242,874704,172018,210513,209408,200617,223887,148530,201378,194648,134341,228044,234949,161051,-11222,130170,261666,-8388607,0,2670,2666,2663,756,2477,-10110976,1,1,14,1,287,0,0,0,1
443352300,754512,755387,1413885,1360477,269703,155023,745520,875641,171892,210464,209498,200520,224087,148711,201272,194642,134467,228200,234876,161009,-11258,130332,261620,-8388607,0,2658,2667,2661,754,2479,-10110976,1,1,14,1,287,0,0,0,1
443352301,754153,755436,1417703,1363044,269281,154577,747188,876539,171838,210591,209457,200541,223927,148543,201075,194442,134407,228013,234826,160817,-11219,130578,261640,-8388607,0,2661,2663,2669,754,2482,-10110976,1,1,14,1,287,0,0,0,1
443352302,753892,755334,1421404,1365939,268550,153857,748801,877280,171807,210636,209488,200430,223725,148525,201018,194451,134553,228046,234838,160968,-11192,130570,261548,-8388607,0,2665,2661,2666,756,2477,-10110976,1,1,14,1,287,0,0,0,1
443352303,753194,754649,1424821,1369124,267807,153115,750421,877860,171816,210415,209518,200194,224013,148465,200869,194210,134493,227897,234893,160980,-11423,130209,261520,-8388607,0,2660,2664,2660,759,2479,-10110976,1,1,14,1,287,0,0,0,1
443352304,752458,754009,1428022,1372197,267253,152461,751891,878683,171787,210698,209554,200552,223614,148214,200906,194009,134529,228000,235074,160978,-11571,130002,261518,-8388607,0,2661,2665,2664,755,2482,-10110976,1,1,14,1,287,0,0,0,1
443352305,751826,753508,1431137,1375173,266357,151893,753700,879345,172191,210652,209642,200593,223695,148250,200868,193988,134498,228263,235043,161214,-11583,130210,261525,-8388607,0,2667,2664,2669,755,2477,-10110976,1,1,14,1,287,0,0,0,1
443352306,751207,752468,1434274,1378241,265790,151226,755694,880214,172284,210714,209879,200555,223528,147893,200652,193981,134576,228204,234901,161124,-11560,130209,261562,-8388607,0,2662,2668,2666,758,2475,-10110976,1,1,14,1,287,0,0,0,1
443352307,750514,751490,1436889,1381148,265232,150680,757382,881152,172281,210925,209729,200901,223547,147923,200840,194020,134652,228185,234828,160926,-11410,130432,261689,-8388607,0,2661,2667,2664,755,2481,-10110976,1,1,14,1,287,0,0,0,1
443352308,750314,750419,1439796,1384160,264965,150208,759283,882166,172174,210945,209838,200831,223435,147934,200797,194192,134629,228066,234840,160842,-11530,130310,261721,-8388607,0,2661,2665,2666,754,2477,-10110976,1,1,14,1,287,0,0,0,1
443352309,749705,749447,1443062,1387559,264576,149816,761071,883249,172457,210816,209838,201136,223678,148045,201106,194241,134614,228144,234892,161135,-11452,130175,261713,-8388607,0,2664,2676,2662,757,2473,-10110976,1,1,14,1,287,0,0,0,1
443352310,748957,748556,1445806,1391204,264321,149328,762699,884490,172301,210739,209906,200914,223760,148304,200743,194249,134512,228107,234891,161007,-11532,130288,261659,-8388607,0,2664,2672,2657,753,2477,-10110976,1,1,14,1,287,0,0,0,1
443352311,748293,747456,1448227,1394422,264257,148823,764095,885739,172351,210758,209615,200848,223865,148363,200723,194266,134429,228101,235065,161014,-11652,130111,261655,-8388607,0,2666,2662,2661,747,2484,-10110976,1,1,14,1,287,0,0,0,1
443352312,747461,746335,1450031,1397426,263894,148318,765748,887087,172358,210761,209917,200792,224025,148656,200936,194291,134639,228031,235032,161045,-11356,130153,261575,-8388607,0,2664,2661,2664,754,2477,-10110976,1,1,14,1,287,0,0,0,1
443352313,746402,745174,1451660,1400113,263448,147872,767007,888541,172149,210753,209681,200646,224125,148651,201135,194380,134453,227932,235080,160935,-11388,130420,261786,-8388607,0,2662,2668,2661,756,2478,-10110976,1,1,14,1,287,0,0,0,1
443352314,745244,744031,1453546,1402597,262898,147307,767780,890015,172238,210665,209619,200649,224124,148801,201109,194645,134376,227999,234998,161200,-11380,130466,261704,-8388607,0,2663,2664,2664,753,2482,-10110976,1,1,14,1,287,0,0,0,1
443352315,743963,742267,1455975,1405081,262130,146579,768645,891366,171932,210867,209574,200410,224128,148738,201250,194804,134339,228010,235057,160926,-11358,130794,261747,-8388607,0,2663,2664,2664,755,2477,-10110976,1,1,14,1,287,0,0,0,1
443352316,742679,740218,1458504,1407576,261484,145947,769164,892349,171704,210691,209449,200418,224056,148686,201263,194568,134465,228115,234858,160895,-11382,130481,261732,-8388607,0,2663,2664,2660,760,2475,-10110976,1,1,14,1,287,0,0,0,1
443352317,741295,737931,1461462,1410001,260869,145243,769427,893490,171915,210635,209550,200257,224140,148618,201380,194553,134456,228156,234702,161030,-11443,130099,261750,-8388607,0,2657,2664,2664,754,2482,-10110976,1,1,14,1,287,0,0,0,1
443352318,739734,735785,1464320,1412285,260293,144461,769459,894205,172097,210749,209551,200382,223829,148436,201324,194326,134549,228021,234816,160949,-11455,130201,261772,-8388607,0,2661,2664,2666,753,2478,-10110976,1,1,14,1,287,0,0,0,1
443352319,738053,733911,1467421,1414194,259561,143863,769290,894773,172160,210870,209677,200703,223827,148247,201132,194305,134654,228116,234884,160983,-11551,129973,261748,-8388607,0,2661,2664,2663,757,2474,-10110976,1,1,14,1,287,0,0,0,1
443352320,736208,732268,1470410,1415758,258886,143328,768658,895222,172263,210662,209734,200575,223821,148345,200875,194077,134468,228047,234913,160933,-11781,129909,261793,-8388607,0,2661,2668,2666,755,2479,-10110976,1,1,14,1,287,0,0,0,1
443352321,734570,730705,1473693,1417256,258160,142732,768162,895581,172350,210947,209942,200809,223748,148167,200605,194106,134696,228059,234856,160912,-11656,129879,261737,-8388607,0,2663,2663,2663,751,2478,-10110976,1,1,14,1,287,0,0,0,1
443352322,733469,729449,1477512,1419080,257716,142258,767405,895847,172214,210921,209910,200803,223551,147989,200624,194110,134436,228061,234945,160989,-11704,129916,261767,-8388607,0,2663,2666,2662,756,2476,-10110976,1,1,14,1,287,0,0,0,1
443352323,732653,728265,1481628,1421141,257256,141778,767020,895864,172458,211026,209847,200982,223718,148173,200787,194055,134374,228148,235000,160997,-11586,129985,261921,-8388607,0,2661,2668,2662,758,2482,-10110976,1,1,14,1,287,0,0,0,1
443352324,731789,727051,1485831,1423015,256907,140894,766195,895632,172602,211040,209751,200806,223599,148017,200951,194027,134430,228179,234792,160833,-11632,130108,261885,-8388607,0,2659,2662,2662,754,2484,-10110976,1,1,14,1,287,0,0,0,1
443352325,731099,725928,1490036,1424796,256383,140555,765317,895404,172354,210923,209712,200880,223564,148199,201129,194263,134434,227984,234831,160931,-11431,130223,261848,-8388607,0,2663,2657,2660,757,2478,-10110976,1,1,14,1,287,0,0,0,1
443352326,730128,724812,1494080,1426727,256110,139822,764542,894704,172296,210959,209727,200804,224000,148198,201127,194348,134521,228020,234966,161171,-11247,130594,261837,-8388607,0,2663,2666,2661,765,2475,-10110976,1,1,14,1,287,0,0,0,1
443352327,728906,723478,1498102,1428662,255655,139174,763848,894055,172367,210842,209741,200740,224103,148387,201232,194404,134713,228020,235103,161099,-11294,130509,261997,-8388607,0,2661,2664,2665,758,2481,-10110976,1,1,14,1,287,0,0,0,1
443352328,727084,721997,1501635,1430819,255105,138387,762931,893030,172071,210768,209643,200885,223984,148632,201122,194419,134499,227905,234933,161118,-11243,130617,261937,-8388607,0,2663,2663,2670,756,2477,-10110976,1,1,14,1,287,0,0,0,1
443352329,725557,720812,1505317,1433610,254674,137844,762281,891931,171997,210680,209802,200828,224094,148817,201327,194490,134655,227985,235029,160985,-11263,130221,261788,-8388607,0,2658,2663,2664,758,2473,-10110976,1,1,14,1,287,0,0,0,1
443352330,723596,719584,1508351,1436520,253982,137137,761375,890914,171917,210578,209509,200533,224260,148661,201101,194429,134604,227902,235145,161062,-11725,129854,261790,-8388607,0,2661,2667,2664,754,2481,-10110976,1,1,14,1,287,0,0,0,1
443352331,721823,718796,1510602,1439365,253216,136195,760991,890116,171902,210598,209437,200332,224258,148764,201066,194513,134528,228156,235155,161106,-11666,129853,261948,-8388607,0,2665,2664,2667,750,2477,-10110976,1,1,14,1,287,0,0,0,1
443352332,720191,718215,1512282,1441534,252389,135387,760865,889576,171930,210746,209726,200303,224109,148681,201224,194350,134623,228062,234961,161038,-11937,129912,261791,-8388607,0,2668,2662,2662,757,2475,-10110976,1,1,14,1,287,0,0,0,1
443352333,718820,717663,1513200,1443633,251586,134632,761150,889372,171880,210544,209546,200473,223890,148706,201154,194439,134536,228122,234944,161006,-11983,130010,261974,-8388607,0,2660,2663,2662,754,2480,-10110976,1,1,14,1,287,0,0,0,1
443352334,717512,716982,1514233,1445750,250928,133899,761509,889722,171917,210778,209679,200581,223790,148582,201149,194288,134725,228203,235021,161045,-11608,130502,261913,-8388607,0,2660,2664,2664,751,2482,-10110976,1,1,14,1,287,0,0,0,1
443352335,716344,715951,1515604,1448003,250339,133245,762182,889597,171884,210931,209627,200790,223820,148395,201179,194350,134794,228007,234990,161193,-11306,130730,261910,-8388607,0,2663,2659,2664,756,2477,-10110976,1,1,14,1,287,0,0,0,1
443352336,715311,714949,1517507,1450854,249974,132772,762914,890157,172212,210803,209814,200771,223782,148144,201085,194261,134625,227954,234897,161036,-11204,130627,261905,-8388607,0,2663,2664,2658,758,2479,-10110976,1,1,14,1,287,0,0,0,1
443352337,713673,713399,1519412,1453500,249585,132533,763733,890831,172286,211066,209883,200795,223665,147898,200823,194126,134386,227943,234848,160850,-11691,130092,261897,-8388607,0,2663,2664,2665,752,2484,-10110976,1,1,14,1,287,0,0,0,1
443352338,712336,711675,1521529,1455809,249192,132078,764755,891612,172232,211086,209829,200723,223491,147977,200641,193981,134429,227909,234846,160776,-11979,129932,262002,-8388607,0,2663,2659,2666,756,2478,-10110976,1,1,14,1,287,0,0,0,1
443352339,711174,710081,1523518,1457948,249283,131823,765787,892244,172522,210956,209863,200928,223658,148213,200911,193837,134715,228025,234841,161053,-11800,129984,261999,-8388607,0,2661,2666,2662,758,2476,-10110976,1,1,14,1,287,0,0,0,1
443352340,710310,708286,1525452,1460112,249069,131450,767340,893072,172299,210938,209679,200582,223568,148120,200748,193709,134580,227965,234758,160895,-11587,130167,261901,-8388607,0,2659,2666,2662,755,2481,-10110976,1,1,14,1,287,0,0,0,1
443352341,709458,706705,1527046,1461959,248626,130793,768814,894471,172403,210786,209891,200917,223721,148311,200821,194114,134592,227956,234878,160907,-11754,130334,261935,-8388607,0,2663,2663,2665,751,2477,-10110976,1,1,14,1,287,0,0,0,1
443352342,708320,705068,1528888,1463886,248053,130124,770435,895525,172160,210872,209844,200747,223968,148379,200789,194384,134520,228101,234898,160965,-11670,130165,262070,-8388607,0,2665,2668,2664,758,2473,-10110976,1,1,14,1,287,0,0,0,1
443352343,707139,703640,1530772,1465982,247439,129444,771844,896508,172101,210843,209891,200606,223983,148488,201156,194467,134427,228005,235006,160933,-11663,130179,261975,-8388607,0,2663,2670,2666,754,2480,-10110976,1,1,14,1,287,0,0,0,1
443352344,705898,702087,1532606,1468052,246735,128680,773193,897687,172144,210881,209726,200788,224198,148461,201464,194570,134352,228059,235002,161137,-11606,130334,262003,-8388607,0,2661,2663,2666,751,2479,-10110976,1,1,14,1,287,0,0,0,1
443352345,704767,700538,1534196,1469425,246033,128032,774589,898587,172066,210790,209766,200608,224251,148664,201436,194893,134611,228040,234919,161142,-11738,130298,261941,-8388607,0,2663,2668,2663,759,2476,-10110976,1,1,14,1,287,0,0,0,1
443352346,703288,698961,1535513,1470628,245423,127466,775845,899439,172108,210658,209431,200509,224125,148475,201389,194499,134607,228360,235158,161350,-11728,130253,262066,-8388607,0,2661,2669,2659,756,2479,-10110976,1,1,14,1,287,0,0,0,1
443352347,701916,697226,1536675,1471137,244873,126902,777063,900579,171871,210681,209584,200381,224160,148719,201392,194671,134809,228167,234947,161154,-11704,130354,262028,-8388607,0,2666,2663,2663,752,2484,-10110976,1,1,14,1,287,0,0,0,1
443352348,700599,695149,1538015,1471337,244257,126440,778186,901672,171684,210494,209460,200408,224206,148788,200980,194473,134765,228182,235104,160993,-11447,130697,262077,-8388607,0,2664,2661,2666,756,2477,-10110976,1,1,14,1,287,0,0,0,1
443352349,699086,693208,1539399,1471597,243898,126013,779500,902601,171836,210615,209561,200411,224108,148692,201193,194306,134662,228131,235199,161044,-11153,130680,262085,-8388607,0,2659,2665,2666,756,2477,-10110976,1,1,14,1,287,0,0,0,1
443352350,697237,691102,1540591,1471848,243457,125234,780604,903540,171928,210416,209597,200480,223850,148486,200785,194159,134595,228038,235030,160997,-11553,130268,262014,-8388607,0,2657,2665,2666,756,2481,-10110976,1,1,14,1,287,0,0,0,1
443352351,695346,689319,1542072,1472528,243031,124849,781556,904440,172241,210631,209702,200640,223920,148270,200888,193934,134630,228037,234909,161097,-11653,130148,262063,-8388607,0,2663,2662,2664,755,2478,-10110976,1,1,14,1,287,0,0,0,1
443352352,693015,687332,1543078,1473242,242338,124474,782411,905152,172088,210635,209743,200769,223655,148074,200919,194004,134626,228221,235031,161026,-11656,130244,262036,-8388607,0,2663,2664,2662,759,2475,-10110976,1,1,14,1,287,0,0,0,1
443352353,690769,685986,1543839,1473992,242212,124070,783094,905852,172251,210801,209900,200991,223546,148214,200926,194137,134441,228194,235208,161116,-11678,130127,262247,-8388607,0,2661,2666,2662,754,2481,-10110976,1,1,14,1,287,0,0,0,1
443352354,688296,684485,1544343,1474714,241708,123792,783520,906513,172370,210965,209656,200690,223416,147927,200864,194100,134517,228108,234945,160920,-11643,130181,262075,-8388607,0,2664,2661,2668,749,2477,-10110976,1,1,14,1,287,0,0,0,1
443352355,686108,683095,1545276,1475465,241161,122979,783614,906664,172419,210762,209664,200808,223631,148095,200761,194094,134392,228060,234701,160968,-11978,130066,261922,-8388607,0,2663,2659,2662,757,2475,-10110976,1,1,14,1,287,0,0,0,1
443352356,684248,681845,1546798,1476264,240758,122776,783446,906639,172395,210997,209858,201000,223605,148354,200778,193995,134418,228012,234640,161036,-11949,130010,262031,-8388607,0,2661,2666,2666,754,2479,-10110976,1,1,14,1,287,0,0,0,1
443352357,682729,680595,1548435,1477033,240028,121857,783298,906745,172402,210996,209676,200708,223560,148273,200942,194110,134366,228114,234786,161035,-11636,130254,262169,-8388607,0,2663,2662,2664,751,2479,-10110976,1,1,14,1,287,0,0,0,1
443352358,681266,679072,1550119,1477902,239554,121085,783007,906511,172169,210896,209789,200710,223706,148506,200749,194187,134627,228162,234712,161077,-11760,130132,262141,-8388607,0,2666,2655,2663,754,2477,-10110976,1,1,14,1,287,0,0,0,1
443352359,679975,677821,1551807,1478958,238863,120413,782751,906381,172171,210620,209561,200524,223886,148583,200895,194445,134453,227754,234863,160960,-11328,130393,262158,-8388607,0,2661,2666,2659,758,2480,-10110976,1,1,14,1,287,0,0,0,1
443352360,678260,676785,1553390,1480157,238280,119396,782429,906536,171995,210643,209579,200531,224074,148847,201183,194480,134272,227804,234874,160810,-11348,130475,262112,-8388607,0,2657,2664,2664,753,2484,-10110976,1,1,14,1,287,0,0,0,1
443352361,676137,675618,1554658,1481532,237646,119010,781749,906458,172065,210613,209589,200449,224225,148765,201076,194490,134491,227995,234857,161075,-11282,130523,262149,-8388607,0,2662,2661,2664,754,2477,-10110976,1,1,14,1,287,0,0,0,1
443352362,673776,674459,1555714,1483549,237024,118282,780335,906257,172572,210409,209323,200371,223949,148479,201162,194489,134492,228095,234853,160947,-11350,130540,262149,-8388607,0,2663,2665,2661,758,2471,-10110976,1,1,14,1,287,0,0,0,1
443352363,671266,673194,1556413,1485346,236781,117888,777740,905944,174280,210455,209249,200650,223926,148659,201100,194557,134412,228118,234827,160869,-11643,130353,262204,-8388607,0,2659,2663,2665,753,2482,-10110976,1,1,14,1,287,0,0,0,1
443352364,668939,671713,1557267,1487259,236563,117604,774121,905027,177097,210265,208338,200255,223836,148343,201082,194372,134491,228139,234702,160919,-11588,130261,262164,-8388607,0,2666,2664,2664,755,2478,-10110976,1,1,14,1,287,0,0,0,1
443352365,666973,669949,1558254,1488794,236683,117545,769331,903702,181561,211163,207701,199547,223985,148509,200973,194156,134474,228110,234637,160945,-11542,130509,262291,-8388607,0,2661,2666,2663,759,2473,-10110976,1,1,14,1,287,0,0,0,1
443352366,664974,667611,1559026,1489717,236771,117506,763737,902189,187264,212348,207067,198087,223776,148383,200970,194063,134619,228101,234815,160763,-11685,130489,262152,-8388607,0,2659,2671,2664,753,2481,-10110976,1,1,14,1,287,0,0,0,1
443352367,662953,664924,1559996,1490564,236349,117359,757206,899504,194692,214439,207018,196929,223741,148336,200742,194138,134654,228122,234912,160947,-11557,130397,262286,-8388607,0,2662,2664,2664,753,2477,-10110976,1,1,14,1,287,0,0,0,1
443352368,661058,662101,1560878,1491281,236195,117254,750360,896313,203437,217831,207190,196161,223790,148200,200624,194029,134567,228050,234941,161014,-11496,130330,262346,-8388607,0,2668,2663,2663,753,2476,-10110976,1,1,14,1,287,0,0,0,1
443352369,659182,659131,1561770,1492299,235655,116770,742996,891621,213013,223064,207923,195630,223703,148277,200823,193996,134705,228000,234957,161135,-11302,130461,262361,-8388607,0,2663,2667,2661,748,2476,-10110976,1,1,14,1,287,0,0,0,1
443352370,656935,656361,1562525,1493089,235069,116113,734894,886421,223019,229780,208525,195261,223695,148358,200910,194110,134366,227973,234946,161110,-11416,130344,262286,-8388607,0,2662,2669,2667,751,2481,-10110976,1,1,14,1,287,0,0,0,1
443352371,654424,653636,1562632,1493395,234564,115320,725948,879908,233326,238109,209143,195374,223574,148227,200969,194197,134487,228008,234915,161006,-11759,129817,262420,-8388607,0,2663,2659,2664,755,2478,-10110976,1,1,14,1,287,0,0,0,1
443352372,652162,651298,1562106,1493495,234038,114419,716616,872338,243909,247653,209466,195873,223625,148125,200966,194201,134393,228127,234849,161017,-11877,129895,262340,-8388607,0,2663,2663,2659,759,2477,-10110976,1,1,14,1,287,0,0,0,1
443352373,649901,648980,1561336,1492978,233661,113797,707010,864058,254697,258403,209565,196872,223887,148362,201022,194459,134512,228273,234995,161025,-11648,130157,262322,-8388607,0,2662,2665,2665,754,2482,-10110976,1,1,14,1,287,0,0,0,1
443352374,647823,646896,1560124,1492317,233058,113375,696761,855640,265705,269480,209483,197445,223838,148252,201149,194483,134527,228199,234855,160897,-11663,130357,262345,-8388607,0,2665,2659,2664,754,2478,-10110976,1,1,14,1,287,0,0,0,1
443352375,645815,644328,1559181,1491395,232484,112937,686595,846818,277032,280946,209464,197490,223968,148291,201116,194444,134609,228153,235034,161026,-11621,130408,262396,-8388607,0,2661,2665,2664,760,2471,-10110976,1,1,14,1,287,0,0,0,1
443352376,643877,641525,1558466,1490579,232129,112349,676088,837521,288232,292319,209374,197151,223785,148502,200826,194326,134696,228016,234885,160870,-11633,130285,262491,-8388607,0,2661,2668,2666,754,2481,-10110976,1,1,14,1,287,0,0,0,1
443352377,641987,638988,1558213,1490148,231771,112008,665348,828010,299778,303341,209392,196722,224030,148618,200899,194274,134584,228094,234880,161033,-11599,130137,262313,-8388607,0,2661,2662,2666,750,2478,-10110976,1,1,14,1,287,0,0,0,1
443352378,639976,636504,1558062,1489963,231576,111534,654606,818213,311317,313988,209251,195975,223903,148656,200703,194136,134607,228027,234965,160963,-11677,130030,262439,-8388607,0,2668,2666,2662,756,2475,-10110976,1,1,14,1,287,0,0,0,1
443352379,637749,634421,1557737,1489617,231350,111320,643652,807881,322283,324676,208907,195490,223878,148473,200834,194183,134711,227964,234986,161075,-11728,129978,262527,-8388607,0,2663,2666,2662,754,2479,-10110976,1,1,14,1,287,0,0,0,1
443352380,635471,632674,1557331,1489445,231503,111034,632548,797418,333307,335843,208517,194455,223767,148342,201040,194095,134576,228146,234809,160934,-11797,129891,262518,-8388607,0,2662,2662,2664,751,2479,-10110976,1,1,14,1,287,0,0,0,1
443352381,633224,631277,1556504,1489200,231620,111040,621257,786456,343749,346861,207921,193723,223494,148361,200989,194087,134489,228118,234765,160800,-11892,129831,262506,-8388607,0,2664,2663,2663,753,2476,-10110976,1,1,14,1,287,0,0,0,1
443352382,631328,630475,1555470,1489328,231734,111229,609565,775109,354513,358495,207139,193694,224064,148187,201212,194378,134550,228142,234837,160923,-11981,129855,262531,-8388607,0,2661,2667,2659,757,2478,-10110976,1,1,14,1,287,0,0,0,1
443352383,629440,629947,1554762,1489365,232060,111031,598073,763867,365683,370465,206457,193352,223960,148277,201320,194377,134504,228168,234946,160981,-11828,129885,262488,-8388607,0,2659,2663,2661,754,2482,-10110976,1,1,14,1,287,0,0,0,1
443352384,627384,629525,1554292,1489119,232005,111033,586153,751965,376782,382402,206013,193106,223981,148428,201275,194533,134504,228117,234910,161056,-11673,130229,262648,-8388607,0,2668,2662,2665,755,2478,-10110976,1,1,14,1,287,0,0,0,1
443352385,625605,629030,1554084,1489053,231749,110928,574125,739909,388093,394470,205856,192846,224098,148646,201178,194265,134553,228274,234954,161057,-11737,130251,262695,-8388607,0,2666,2666,2659,759,2474,-10110976,1,1,14,1,287,0,0,0,1
443352386,623874,627950,1554340,1489053,231543,110674,562348,727607,399896,406551,206157,192445,224038,148699,201055,194136,134727,228037,235060,161165,-11422,130422,262552,-8388607,0,2664,2667,2664,754,2482,-10110976,1,1,14,1,287,0,0,0,1
443352387,621744,626554,1554782,1489268,231434,110347,550627,715401,412033,418457,206386,192484,224094,148739,201118,194403,134643,228120,235029,161043,-11365,130402,262647,-8388607,0,2664,2664,2670,754,2475,-10110976,1,1,14,1,287,0,0,0,1
443352388,619840,625094,1555394,1489665,230978,110164,538884,703168,424330,430185,206603,192473,224199,148788,200971,194249,134642,228088,235045,161104,-11701,130067,262590,-8388607,0,2661,2665,2662,760,2473,-10110976,1,1,14,1,287,0,0,0,1
443352389,617857,623609,1555806,1490051,230937,109914,527156,690310,436441,442246,207256,192478,223824,148542,200915,194336,134782,228280,235227,161108,-11628,130185,262625,-8388607,0,2661,2666,2662,754,2480,-10110976,1,1,14,1,287,0,0,0,1
443352390,616005,622281,1555772,1490589,230922,109725,515410,677636,448273,454261,207450,192307,223646,148360,200998,194302,134730,228146,235142,161191,-11667,130219,262598,-8388607,0,2665,2663,2666,755,2477,-10110976,1,1,14,1,287,0,0,0,1
443352391,614277,620930,1555190,1490550,231213,109677,503524,664947,459734,466550,207474,192198,223442,147961,200796,194055,134672,228265,235018,161143,-11614,130114,262758,-8388607,0,2665,2666,2661,753,2477,-10110976,1,1,14,1,287,0,0,0,1
443352392,612379,619581,1554284,1490284,231327,109655,492108,651957,471518,478447,207265,192374,223536,147945,201040,193977,134559,228324,234946,161152,-11546,130367,262824,-8388607,0,2660,2668,2659,755,2477,-10110976,1,1,14,1,287,0,0,0,1
443352393,610413,617792,1553301,1489867,231436,109494,480339,639222,482764,490109,206763,192273,223393,147757,200821,193823,134588,228056,234915,161149,-11518,130367,262745,-8388607,0,2662,2666,2665,751,2483,-10110976,1,1,14,1,287,0,0,0,1
443352394,608320,615858,1552274,1489804,231324,109523,468869,626512,494127,502115,206439,192082,223321,147804,200657,193825,134553,228105,234907,160922,-11503,130501,262695,-8388607,0,2665,2662,2666,757,2477,-10110976,1,1,14,1,287,0,0,0,1
443352395,606404,613481,1551297,1490295,231419,109388,457398,614088,505256,513337,206248,191669,223397,147896,200555,193704,134404,227997,234675,160668,-11410,130384,262791,-8388607,0,2663,2667,2666,758,2477,-10110976,1,1,14,1,287,0,0,0,1
443352396,604391,611077,1550486,1490953,231479,109322,446082,601952,517180,524894,206032,191025,223701,148139,200744,193789,134174,227740,234691,160711,-11867,130040,262825,-8388607,0,2659,2665,2664,749,2481,-10110976,1,1,14,1,287,0,0,0,1
443352397,602300,608716,1550100,1491459,231486,109547,434570,589353,529112,536337,205999,190600,223670,148301,200946,194066,134289,227640,234621,160656,-11921,129807,262951,-8388607,0,2661,2662,2664,755,2474,-10110976,1,1,14,1,287,0,0,0,1
443352398,600481,606627,1549600,1491688,231677,109604,423065,576688,541139,548392,205929,190404,223987,148477,201057,194310,134169,227669,234726,160645,-11899,129678,262727,-8388607,0,2661,2664,2660,759,2475,-10110976,1,1,14,1,287,0,0,0,1
443352399,598897,604563,1548284,1491655,231932,109964,411330,564207,553448,560750,206028,190147,224147,148923,201146,194468,134139,227636,234587,160668,-11740,129742,262846,-8388607,0,2661,2666,2662,755,2479,-10110976,1,1,14,1,287,0,0,0,1
443352400,597333,602592,1546347,1491629,232260,110117,399803,551533,565440,573543,206542,190280,224101,148847,201276,194775,134101,227912,234665,160927,-11562,130404,262779,-8388607,0,2665,2662,2666,754,2478,-10110976,1,1,14,1,287,0,0,0,1
443352401,595577,600517,1544353,1491163,232595,110384,388167,539052,577552,586308,206550,190739,224187,148822,201432,194686,134193,227837,234680,160874,-11440,130220,262914,-8388607,0,2665,2666,2661,755,2473,-10110976,1,1,14,1,287,0,0,0,1
443352402,593535,598588,1543082,1491133,232683,110300,376675,526871,589740,598903,206841,191376,224087,148704,201385,194614,134426,227992,234900,161017,-11389,130299,262807,-8388607,0,2658,2668,2660,753,2481,-10110976,1,1,14,1,287,0,0,0,1
443352403,591462,596624,1542434,1491034,232952,110538,365572,514817,601718,612000,207363,191924,224165,148569,201272,194422,134610,228296,235038,161086,-11387,130594,262795,-8388607,0,2660,2663,2666,751,2479,-10110976,1,1,14,1,287,0,0,0,1
443352404,589281,594213,1541997,1491263,233065,110483,353893,502802,613329,624802,207897,192256,224003,148604,201208,194149,134856,228352,235188,161262,-11490,130269,262853,-8388607,0,2666,2663,2662,756,2471,-10110976,1,1,14,1,287,0,0,0,1
443352405,586806,591810,1541855,1491690,233150,110722,342200,490743,625115,637540,208421,192548,223968,148398,200809,194056,134851,228437,235420,161248,-11534,130170,262873,-8388607,0,2661,2672,2658,758,2479,-10110976,1,1,14,1,287,0,0,0,1
443352406,584573,589388,1541746,1491996,233252,110856,330491,478542,636509,649831,208281,192452,223627,148084,200675,193754,134951,228464,235101,161153,-11450,130167,262856,-8388607,0,2662,2663,2666,754,2481,-10110976,1,1,14,1,287,0,0,0,1
443352407,581860,587141,1542134,1491964,233485,111139,318983,466499,647574,661937,208025,191995,223439,148076,200517,193589,135073,228411,235158,160949,-11681,130138,262920,-8388607,0,2663,2657,2665,758,2477,-10110976,1,1,14,1,287,0,0,0,1
443352408,579265,584929,1542343,1491954,233892,111399,307476,454490,658115,674020,207982,191845,223204,147914,200424,193797,135001,228256,235110,161077,-11605,130134,262986,-8388607,0,2662,2666,2661,760,2476,-10110976,1,1,14,1,287,0,0,0,1
443352409,576966,583193,1542818,1491981,234204,111413,296340,442445,668286,686043,207761,191677,223246,147873,200598,194100,134841,228182,234915,160954,-11694,130041,262935,-8388607,0,2656,2667,2665,754,2481,-10110976,1,1,14,1,287,0,0,0,1
443352410,574384,581243,1543856,1492208,234583,111579,285323,430601,678126,697749,207667,191705,223425,147845,200734,193936,134504,228034,234723,160931,-11945,129831,262939,-8388607,0,2668,2661,2666,758,2477,-10110976,1,1,14,1,287,0,0,0,1
443352411,572240,579477,1545343,1492334,234949,111564,274724,418772,687981,709344,207570,192014,223538,148241,200975,194335,134288,227947,234618,161003,-11607,130106,262942,-8388607,0,2661,2664,2660,755,2475,-10110976,1,1,14,1,287,0,0,0,1
443352412,570069,577674,1546778,1492648,235232,111805,264322,406936,697731,720771,207602,192132,223916,148392,201026,194217,134101,227821,234580,160994,-11634,130144,263003,-8388607,0,2661,2665,2664,755,2481,-10110976,1,1,14,1,287,0,0,0,1
443352413,567880,575769,1547939,1493146,235530,112279,254132,395335,707259,732819,208294,192557,224304,148684,201168,194396,134122,227792,234480,160771,-11560,130217,263052,-8388607,0,2664,2663,2663,748,2481,-10110976,1,1,14,1,287,0,0,0,1
443352414,565653,573777,1549160,1493525,235574,112523,243906,383368,716703,744410,208868,192847,224306,148823,201185,194396,133972,227517,234382,160738,-11661,130086,262935,-8388607,0,2661,2666,2662,757,2475,-10110976,1,1,14,1,287,0,0,0,1
443352415,563515,572122,1550709,1494694,235995,113018,234074,371897,726103,756177,209286,193488,224570,149071,201286,194421,133987,227690,234592,160806,-11709,129890,263092,-8388607,0,2663,2666,2658,754,2480,-10110976,1,1,14,1,287,0,0,0,1
443352416,561347,570466,1552233,1496201,236314,113461,224687,360213,735040,767332,209947,194186,224568,149019,201374,194376,134288,227711,234600,160765,-11772,130089,262967,-8388607,0,2660,2663,2665,751,2477,-10110976,1,1,14,1,287,0,0,0,1
443352417,559309,568930,1553259,1497866,236569,113680,216151,348833,742834,778393,210606,194767,224377,149187,201097,194476,134270,227872,234755,160731,-11706,129744,263017,-8388607,0,2666,2662,2664,756,2476,-10110976,1,1,14,1,287,0,0,0,1
443352418,557268,568138,1553692,1499597,236838,113795,208193,337443,749975,789346,211170,195317,224228,148834,201132,194683,134570,228116,234907,161015,-11927,129493,263049,-8388607,0,2661,2666,2659,756,2478,-10110976,1,1,14,1,287,0,0,0,1
443352419,555401,567435,1553565,1500791,237086,113940,201038,326196,756310,799387,211582,196005,223946,148524,201171,194524,134720,228285,234981,161056,-12016,129716,262942,-8388607,0,2655,2666,2665,753,2484,-10110976,1,1,14,1,287,0,0,0,1
443352420,553698,566629,1552908,1501887,237091,113833,194946,315520,761517,809181,211977,196726,223698,148336,201041,194241,134837,228591,235140,161143,-11888,130070,263047,-8388607,0,2665,2659,2664,756,2478,-10110976,1,1,14,1,287,0,0,0,1
443352421,552297,565682,1552089,1502652,237080,113535,189493,305138,765859,818107,211827,196853,223653,148195,201023,194164,135087,228568,235229,161289,-11751,130211,263055,-8388607,0,2664,2665,2662,757,2473,-10110976,1,1,14,1,287,0,0,0,1
443352422,551099,564457,1551499,1503475,237087,113518,185420,295248,769781,826702,211556,197051,223426,147998,200790,194110,134953,228556,235077,161197,-11557,130413,262987,-8388607,0,2659,2665,2663,754,2482,-10110976,1,1,14,1,287,0,0,0,1
443352423,549779,563020,1551241,1504757,237034,113324,182147,285765,772602,834859,211506,197348,223587,147969,200777,193762,134949,228469,235147,161272,-11493,130280,263008,-8388607,0,2659,2664,2668,751,2478,-10110976,1,1,14,1,287,0,0,0,1
443352424,548625,561649,1551505,1506051,237276,113547,179934,276918,774929,842474,211331,197270,223650,147950,200739,193989,134838,228488,235038,161286,-11750,129992,263090,-8388607,0,2661,2666,2662,757,2474,-10110976,1,1,14,1,287,0,0,0,1
443352425,547388,560106,1551713,1507238,237472,113985,178428,268388,776662,849561,211465,197413,223657,148153,200856,193852,134734,228256,234930,161041,-11700,129913,263172,-8388607,0,2664,2670,2662,754,2477,-10110976,1,1,14,1,287,0,0,0,1
443352426,546151,558688,1551153,1508058,237707,113977,177055,260609,778119,856031,211843,198102,224007,148301,200977,194215,134537,227893,235041,160956,-11858,129765,262971,-8388607,0,2662,2662,2666,752,2481,-10110976,1,1,14,1,287,0,0,0,1
443352427,545201,557256,1549954,1508503,238133,114434,176512,253382,779492,862266,212260,198866,223915,148545,201214,194488,134306,227884,234904,161138,-11753,130018,263043,-8388607,0,2670,2666,2664,757,2476,-10110976,1,1,14,1,287,0,0,0,1
443352428,544089,556087,1548430,1508296,238536,115238,175696,246960,780850,868215,212507,199593,224129,148735,201194,194650,134206,227862,234753,160994,-11641,130246,263093,-8388607,0,2661,2668,2659,758,2477,-10110976,1,1,14,1,287,0,0,0,1
443352429,543029,554907,1547613,1506367,238805,117741,174961,241001,782050,873448,213013,200614,224020,148728,201428,194897,134011,227878,234836,160925,-11500,130114,263108,-8388607,0,2656,2669,2663,753,2477,-10110976,1,1,14,1,287,0,0,0,1
443352430,541995,554063,1546484,1502431,239412,123381,173898,235515,783626,878257,213423,201517,224145,148964,201344,194930,134326,227823,234841,161036,-11743,129917,263094,-8388607,0,2664,2659,2666,757,2477,-10110976,1,1,14,1,287,0,0,0,1
443352431,541143,553112,1544864,1496323,240505,131379,171983,229935,784995,881829,214152,202239,224090,148766,201298,194632,134036,227945,234778,161050,-12310,129478,263010,-8388607,0,2661,2669,2659,757,2479,-10110976,1,1,14,1,287,0,0,0,1
443352432,540556,552413,1542705,1488169,242475,141950,169011,225730,785788,884193,214778,203068,224379,148666,201128,194365,134386,228009,234798,161138,-11933,129825,263167,-8388607,0,2660,2665,2666,756,2481,-10110976,1,1,14,1,287,0,0,0,1
443352433,540172,551375,1539958,1478666,245767,154494,166150,223905,786130,885182,215667,203781,224105,148500,201049,194057,134468,228105,234913,161056,-11130,130645,263143,-8388607,0,2661,2661,2666,758,2477,-10110976,1,1,14,1,287,0,0,0,1
443352434,539709,550057,1536867,1467910,249844,168339,164811,223780,785715,884906,216546,204637,224203,148287,200942,193873,134593,228298,234949,160981,-11106,130890,263241,-8388607,0,2672,2668,2666,759,2477,-10110976,1,1,14,1,287,0,0,0,1
443352435,538466,548279,1534516,1456737,253971,182967,165314,225290,784722,884098,217317,205181,223774,148185,200761,193861,134779,228315,235151,160957,-10817,130979,263182,-8388607,0,2657,2666,2662,755,2481,-10110976,1,1,14,1,287,0,0,0,1
443352436,536776,546571,1533084,1445863,258465,197727,167532,227667,783288,882888,217913,205573,223524,147831,200763,193647,134773,228224,235035,160888,-10916,130670,263217,-8388607,0,2661,2668,2666,752,2481,-10110976,1,1,14,1,287,0,0,0,1
443352437,534751,544613,1532058,1435390,263669,212318,170177,230524,781702,881893,217697,205279,223166,147974,200610,193910,134844,228253,234958,161169,-11447,130098,263226,-8388607,0,2665,2662,2662,756,2475,-10110976,1,1,14,1,287,0,0,0,1
443352438,532651,542723,1530558,1424209,269614,226856,172397,232668,780354,881170,216987,204957,223114,147838,200581,194012,134737,228110,234965,161056,-11668,129841,263203,-8388607,0,2661,2668,2661,752,2482,-10110976,1,1,14,1,287,0,0,0,1
443352439,530739,541188,1527946,1412148,275739,241934,173333,233470,779458,880724,216295,204774,223403,147922,200840,194084,134664,228364,234808,161070,-12200,129067,263186,-8388607,0,2656,2665,2666,749,2481,-10110976,1,1,14,1,287,0,0,0,1
443352440,529227,540341,1524178,1399535,281658,257302,172650,232591,778824,880338,216292,204531,223801,148364,201095,194454,134636,228205,234928,161077,-12337,128863,263304,-8388607,0,2663,2659,2659,756,2476,-10110976,1,1,14,1,287,0,0,0,1
443352441,527962,539950,1519558,1386030,287163,272760,170711,231027,778143,879841,216656,204734,223860,148350,201133,194505,134362,227966,234824,161075,-11708,129634,263122,-8388607,0,2661,2666,2658,756,2479,-10110976,1,1,14,1,287,0,0,0,1
443352442,527098,540072,1513699,1372419,292943,287743,168404,229508,777485,879043,217805,205812,224042,148553,201215,194346,134294,227879,234604,160992,-11500,130083,263135,-8388607,0,2659,2665,2664,753,2482,-10110976,1,1,14,1,287,0,0,0,1
443352443,526407,539973,1506064,1358633,299902,302076,165509,228825,776959,878388,219579,207398,224316,148954,201476,194574,134375,228021,234815,161049,-11583,129706,263247,-8388607,0,2663,2663,2664,756,2478,-10110976,1,1,14,1,287,0,0,0,1
443352444,525678,540012,1496350,1344296,308573,315760,162597,227782,776739,878117,221252,208939,224537,148877,201399,194440,134280,228026,234978,160846,-11779,129440,263366,-8388607,0,2661,2665,2662,758,2479,-10110976,1,1,14,1,287,0,0,0,1
443352445,525334,540072,1483877,1329649,321194,329913,159685,225726,776408,878053,222271,210129,224192,148837,201153,194366,134276,227901,235013,160869,-11913,129496,263228,-8388607,0,2657,2669,2664,753,2477,-10110976,1,1,14,1,287,0,0,0,1
443352446,524947,540347,1468668,1314003,338348,345709,157335,222890,776256,878231,222902,211106,224094,148772,201309,194618,134417,228017,235096,161049,-11219,129980,263357,-8388607,0,2663,2665,2670,752,2479,-10110976,1,1,14,1,287,0,0,0,1
443352447,524416,540418,1450985,1297013,360690,363769,155204,219689,775900,877917,222876,211587,223881,148579,200799,194480,134548,228053,234818,161084,-10769,130567,263236,-8388607,0,2671,2665,2660,758,2475,-10110976,1,1,14,1,287,0,0,0,1
443352448,523592,540521,1431653,1279711,387266,384432,154870,217313,775210,877206,223208,211937,223798,148295,200763,194242,134635,228219,234941,161126,-10708,130638,263169,-8388607,0,2666,2667,2666,755,2480,-10110976,1,1,14,1,287,0,0,0,1
443352449,522172,540600,1412350,1262998,416203,407724,156539,217045,774025,876010,223530,212127,223441,148089,200585,193799,134543,228137,235030,161110,-10441,130909,263379,-8388607,0,2669,2668,2666,753,2477,-10110976,1,1,14,1,287,0,0,0,1
443352450,520358,539817,1392606,1246882,445575,432947,159940,219363,772350,874075,223968,212465,223485,148102,200627,193948,134646,228199,234959,161086,-10180,130933,263397,-8388607,0,2663,2659,2662,755,2477,-10110976,1,1,14,1,287,0,0,0,1
443352451,518260,538346,1372140,1230712,473818,458265,164037,223512,770600,871899,224546,212637,223460,147962,200598,193765,134534,228067,234946,161033,-11089,130022,263387,-8388607,0,2661,2666,2658,754,2480,-10110976,1,1,14,1,287,0,0,0,1
443352452,516187,536525,1351051,1214489,500336,482783,167331,228283,768875,870082,224833,212936,223533,147932,200801,193789,134444,228104,234869,160827,-11672,128995,263324,-8388607,0,2663,2667,2666,756,2481,-10110976,1,1,14,1,287,0,0,0,1
443352453,514382,534891,1329365,1197884,524860,506180,169382,232157,767527,868895,224741,212711,223688,148004,200923,193953,134570,228018,234870,160845,-12074,128650,263326,-8388607,0,2667,2661,2661,753,2478,-10110976,1,1,14,1,287,0,0,0,1
443352454,513335,533514,1306910,1180435,547945,528037,170070,233670,766946,868598,224564,212996,223776,147969,201003,194229,134615,227998,234750,160855,-12122,128788,263433,-8388607,0,2656,2665,2662,757,2480,-10110976,1,1,14,1,287,0,0,0,1
443352455,512971,532595,1283570,1162319,570495,548572,169071,232922,766852,868164,224634,213371,224110,148391,201196,194554,134607,228044,234785,160981,-11799,129008,263286,-8388607,0,2662,2668,2665,754,2484,-10110976,1,1,14,1,287,0,0,0,1
443352456,513232,531822,1259435,1143773,592574,567679,166413,229642,767218,867881,225414,214046,224058,148695,201413,194690,134367,227890,234857,160992,-11697,129007,263296,-8388607,0,2659,2659,2666,754,2476,-10110976,1,1,14,1,287,0,0,0,1
443352457,513967,531594,1235300,1125216,614228,586004,162943,224800,767313,867452,226437,215284,224162,148908,201361,194725,134402,227972,234809,160940,-11482,129121,263342,-8388607,0,2665,2664,2660,759,2478,-10110976,1,1,14,1,287,0,0,0,1
443352458,514821,531471,1211259,1106774,634733,603904,159118,219616,767373,867011,228603,216650,224149,149041,201410,194783,134318,228016,234944,161015,-10804,129794,263428,-8388607,0,2661,2666,2662,754,2481,-10110976,1,1,14,1,287,0,0,0,1
443352459,515431,531065,1187266,1087970,654249,621892,156046,215403,767621,866454,229849,218546,224078,148868,201179,194861,134479,228031,234968,161209,-10599,129864,263358,-8388607,0,2661,2663,2666,753,2478,-10110976,1,1,14,1,287,0,0,0,1
443352460,515962,530483,1163196,1069298,672923,640492,153726,213304,767884,866118,231371,219242,223930,148546,201045,194523,134446,228061,235344,161164,-10899,129560,263286,-8388607,0,2661,2664,2662,756,2475,-10110976,1,1,14,1,287,0,0,0,1
443352461,516050,529554,1139488,1050763,692249,660218,152329,213145,768100,866417,231999,219942,223907,148304,200715,194052,134575,227887,235188,161108,-11053,129270,263424,-8388607,0,2660,2666,2658,755,2479,-10110976,1,1,14,1,287,0,0,0,1
443352462,516391,528626,1116661,1032791,713425,681848,152433,214499,768312,866873,231884,220553,223485,147860,200482,193576,134772,228418,235199,161178,-10959,129452,263301,-8388607,0,2663,2666,2666,749,2479,-10110976,1,1,14,1,287,0,0,0,1
443352463,516836,527782,1094283,1014953,737045,705335,154629,216862,768413,867170,231710,220630,223320,147799,200489,193468,134778,228257,235061,160905,-10536,129670,263339,-8388607,0,2666,2662,2662,756,2476,-10110976,1,1,14,1,287,0,0,0,1
443352464,517304,527275,1071565,996624,763662,730004,157975,219380,768462,867320,231707,220837,223481,147911,200495,193530,134814,228266,234992,160775,-10715,129163,263428,-8388607,0,2661,2667,2659,757,2477,-10110976,1,1,14,1,287,0,0,0,1
443352465,517553,526822,1048941,978013,791613,754895,161310,222008,768159,867219,231918,221311,223402,147796,200436,193664,134555,228119,234763,160654,-10881,128786,263391,-8388607,0,2661,2661,2665,751,2482,-10110976,1,1,14,1,287,0,0,0,1
443352466,517439,526598,1026436,959151,818799,778155,164259,223022,767508,866516,232345,221737,223430,147656,200792,193956,134356,227800,234544,160596,-10818,129103,263307,-8388607,0,2666,2666,2666,755,2478,-10110976,1,1,14,1,287,0,0,0,1
443352467,517290,526421,1004245,940690,844078,799708,165915,223352,766993,866065,232871,222449,223552,148089,201234,194143,134279,227796,234392,160511,-10350,129437,263358,-8388607,0,2666,2666,2666,765,2477,-10110976,1,1,14,1,287,0,0,0,1
443352468,516695,526125,982377,922792,866595,818531,166219,223472,766279,865858,233265,223179,223918,148336,201450,194651,134106,227765,234432,160584,-10165,129499,263406,-8388607,0,2659,2667,2663,755,2481,-10110976,1,1,14,1,287,0,0,0,1
443352469,515780,525928,961607,905499,886905,835755,165258,223109,766148,865857,233774,223570,224166,148883,201809,194975,133959,227733,234285,160411,-10678,128923,263338,-8388607,0,2665,2662,2664,753,2477,-10110976,1,1,14,1,287,0,0,0,1
443352470,514850,526026,941611,889100,906211,852056,163278,222367,765938,866128,234137,223913,224618,149261,201676,195083,134011,227960,234427,160779,-11442,128128,263345,-8388607,0,2663,2665,2661,756,2472,-10110976,1,1,14,1,287,0,0,0,1
443352471,514515,526780,922896,872594,926337,868207,160596,220971,765864,866177,234648,224521,224737,149491,201615,195059,134152,228118,234879,160774,-11402,128184,263320,-8388607,0,2659,2672,2666,757,2480,-10110976,1,1,14,1,287,0,0,0,1
443352472,514546,527546,903859,856004,947826,885160,157758,218717,765648,866156,235424,225368,224652,149564,201602,194957,134209,228127,235092,161181,-11236,128192,263372,-8388607,0,2661,2666,2666,752,2477,-10110976,1,1,14,1,287,0,0,0,1
443352473,515079,528489,885065,839365,970121,902438,155431,216102,765024,865947,236691,226441,224509,149418,201392,194714,134604,228159,235404,161293,-10911,128442,263478,-8388607,0,2668,2659,2662,756,2476,-10110976,1,1,14,1,287,0,0,0,1
443352474,515770,529626,867072,823100,992079,919115,153904,214019,764053,865217,237685,227732,224243,148894,200791,194291,135023,228371,235595,161404,-10209,129161,263511,-8388607,0,2661,2666,2658,756,2479,-10110976,1,1,14,1,287,0,0,0,1
443352475,515948,531116,850007,807849,1013344,935088,153944,213605,763490,864134,238903,228748,223583,148187,200441,193740,135036,228434,235835,161520,-9710,129695,263437,-8388607,0,2664,2666,2667,751,2482,-10110976,1,1,14,1,287,0,0,0,1
443352476,515381,532163,834199,794241,1032582,950348,155911,215856,762392,862985,239439,229408,223026,147389,200078,193462,135244,228839,235560,161527,-9537,129907,263557,-8388607,0,2664,2666,2661,755,2477,-10110976,1,1,14,1,287,0,0,0,1
443352477,514024,532385,819679,782418,1050576,965370,159276,219867,761715,861960,239880,229774,222627,146762,199929,192967,135049,228754,235351,161185,-10027,129584,263484,-8388607,0,2660,2664,2659,758,2479,-10110976,1,1,14,1,287,0,0,0,1
443352478,512402,532399,806511,772852,1067460,979583,163130,224314,761178,861282,239931,229985,222294,146611,199767,192994,135118,228612,235074,161216,-10191,129249,263538,-8388607,0,2659,2663,2663,755,2481,-10110976,1,1,14,1,287,0,0,0,1
443352479,510788,532050,794779,765491,1083395,992400,166103,228417,760504,860278,239906,229914,222592,146572,200215,193135,134890,228421,234677,160833,-10200,129273,263626,-8388607,0,2667,2659,2666,754,2478,-10110976,1,1,14,1,287,0,0,0,1
443352480,508913,531118,785401,759782,1097219,1002912,167805,230728,759409,859139,239903,229905,223018,146989,200405,193456,134379,227917,234320,160576,-10021,129211,263660,-8388607,0,2663,2665,2662,758,2475,-10110976,1,1,14,1,287,0,0,0,1
443352481,507136,529756,777501,756139,1107558,1009598,168325,230370,758506,857507,239924,229838,223475,147932,200716,194118,134050,227422,234111,160288,-10361,128872,263593,-8388607,0,2661,2666,2664,754,2482,-10110976,1,1,14,1,287,0,0,0,1
443352482,505426,528039,772701,755119,1113786,1011792,167513,228839,757489,856419,240373,230135,224282,148655,201334,194498,133559,227259,233784,160202,-10737,128510,263551,-8388607,0,2661,2661,2666,750,2477,-10110976,1,1,14,1,287,0,0,0,1
443352483,504035,526416,771717,755371,1115290,1010737,165873,227206,756465,855088,241021,230760,225049,149585,201966,195035,133482,227184,233992,160280,-10504,128654,263527,-8388607,0,2663,2666,2661,759,2475,-10110976,1,1,14,1,287,0,0,0,1
443352484,502639,525019,773334,756789,1112965,1008617,165015,225632,755763,853986,241531,231388,225490,150138,202326,195657,133332,227123,234033,160399,-10584,128455,263644,-8388607,0,2661,2668,2662,753,2479,-10110976,1,1,14,1,287,0,0,0,1
443352485,501675,523796,775697,759067,1108967,1006553,164362,224851,755403,853550,242393,232509,225798,150476,202679,196022,133481,227331,234212,160606,-11466,127581,263596,-8388607,0,2664,2663,2666,751,2479,-10110976,1,1,14,1,287,0,0,0,1
443352486,501391,522979,778311,761103,1106179,1005927,163116,225312,755453,853371,243206,233402,225902,150543,202467,195921,133869,227718,234750,160984,-11870,127144,263706,-8388607,0,2664,2663,2663,755,2478,-10110976,1,1,14,1,287,0,0,0,1
443352487,502239,522936,780700,762547,1104949,1007323,161291,225229,755811,853244,244340,234474,225407,150136,201998,195479,134435,228156,235234,161291,-11485,127348,263581,-8388607,0,2659,2667,2657,756,2479,-10110976,1,1,14,1,287,0,0,0,1
443352488,503785,522998,782315,763021,1104536,1010177,159992,224228,756249,853269,245495,235543,224559,149273,201228,194883,134915,228551,235909,161813,-10605,128626,263681,-8388607,0,2666,2665,2664,753,2484,-10110976,1,1,14,1,287,0,0,0,1
443352489,505679,523343,783702,762928,1104171,1013421,159991,223397,756394,853119,246671,236755,224022,148514,200604,194029,135384,228893,236007,161984,-9571,129948,263691,-8388607,0,2667,2663,2665,757,2477,-10110976,1,1,14,1,287,0,0,0,1
443352490,506950,523466,784964,762412,1104121,1016145,161540,224679,756264,852798,247887,237672,222867,147573,199849,193254,135924,229296,236139,161938,-9446,129907,263753,-8388607,0,2664,2665,2662,759,2477,-10110976,1,1,14,1,287,0,0,0,1
443352491,507655,522757,786926,762345,1103667,1017723,164935,227560,755915,852799,248345,238380,221751,146452,199249,192445,136281,229241,235963,161836,-9495,129890,263786,-8388607,0,2657,2661,2663,755,2481,-10110976,1,1,14,1,287,0,0,0,1
443352492,507178,521242,789318,763068,1102319,1019599,169764,231326,755063,852619,248772,239166,221426,145747,199213,192513,136130,229413,235726,161398,-9233,130050,263831,-8388607,0,2659,2663,2666,754,2477,-10110976,1,1,14,1,287,0,0,0,1
443352493,505897,519332,791940,764273,1100932,1021802,173862,234877,754245,852587,248356,239416,221433,145431,199351,192513,135696,228945,235194,161119,-9585,129616,263781,-8388607,0,2664,2666,2661,756,2474,-10110976,1,1,14,1,287,0,0,0,1
443352494,504031,516693,794127,765162,1099732,1023936,175844,237056,753464,852337,248132,239569,222087,146052,199918,192843,135156,228326,234663,160611,-10441,128671,263679,-8388607,0,2661,2666,2662,753,2479,-10110976,1,1,14,1,287,0,0,0,1
443352495,502163,514408,796467,765977,1098428,1025261,175107,237380,752774,852066,248085,239496,222897,146987,200849,193583,134412,227912,234218,160529,-11228,127850,263768,-8388607,0,2665,2662,2670,750,2479,-10110976,1,1,14,1,287,0,0,0,1
443352496,501124,512292,798975,766792,1095542,1025901,173249,235280,751798,851457,248193,239564,223963,148182,201311,194221,133457,227238,233896,160363,-11578,127548,263863,-8388607,0,2666,2668,2664,757,2473,-10110976,1,1,14,1,287,0,0,0,1
443352497,501091,511336,801127,767737,1092191,1024086,171158,232989,750812,850595,248709,239653,225124,149398,202013,195108,132960,226778,233758,160047,-11152,127844,263835,-8388607,0,2661,2668,2663,755,2481,-10110976,1,1,14,1,287,0,0,0,1
443352498,501756,511025,803162,768814,1088618,1020509,169725,231714,749887,850143,249420,240442,225892,150599,202503,195830,132756,226571,233649,160242,-10861,127979,263884,-8388607,0,2658,2668,2664,749,2480,-10110976,1,1,14,1,287,0,0,0,1
443352499,502539,511713,804589,769875,1085958,1016932,170256,231660,749126,849564,250580,241639,226262,151557,202610,196378,132595,226470,233788,160313,-10685,127916,263981,-8388607,0,2663,2659,2662,755,2478,-10110976,1,1,14,1,287,0,0,0,1
443352500,503157,513193,806117,771415,1084432,1014108,172290,232866,748488,849670,251498,242515,226448,151802,202632,196422,132736,226677,234127,160507,-10545,128394,263822,-8388607,0,2663,2664,2658,758,2479,-10110976,1,1,14,1,287,0,0,0,1
443352501,503448,514823,807783,774141,1085489,1013120,174148,234701,748156,850245,252479,243685,225957,151115,202037,196114,133366,227505,234679,160828,-10263,129133,263815,-8388607,0,2661,2664,2663,753,2482,-10110976,1,1,14,1,287,0,0,0,1
443352502,503671,516186,809672,777322,1088440,1013175,175015,236454,747823,850593,253074,245088,225135,150230,201726,195370,134300,228172,235150,161340,-9958,129529,263855,-8388607,0,2664,2661,2665,754,2478,-10110976,1,1,14,1,287,0,0,0,1
443352503,503558,516888,811635,781240,1091559,1014040,175598,237978,747708,850573,253918,246135,224071,148569,200926,194543,135082,228545,235618,161420,-10061,129419,263855,-8388607,0,2658,2665,2664,759,2478,-10110976,1,1,14,1,287,0,0,0,1
443352504,503344,517701,813993,785264,1094608,1014459,176814,239600,746909,850228,254752,246860,222755,147107,200129,193277,135998,229192,236150,161751,-10315,129043,263773,-8388607,0,2661,2665,2659,754,2482,-10110976,1,1,14,1,287,0,0,0,1
443352505,502902,518431,816146,788666,1097437,1013513,178621,241686,746085,849509,255605,247508,221722,145761,199536,192366,136463,229524,236421,161776,-10474,128960,263930,-8388607,0,2665,2663,2664,757,2477,-10110976,1,1,14,1,287,0,0,0,1
443352506,502336,518878,817232,790886,1099509,1011142,181012,244414,744622,847868,256183,248019,221236,145010,199224,191915,136537,229529,236230,161695,-10082,129205,263890,-8388607,0,2665,2666,2662,758,2475,-10110976,1,1,14,1,287,0,0,0,1
443352507,501409,518997,816044,792488,1101411,1008776,183895,246604,742856,846374,256080,248267,221045,144930,199021,191786,136389,229439,235768,161549,-9976,129333,263912,-8388607,0,2661,2668,2664,757,2480,-10110976,1,1,14,1,287,0,0,0,1
443352508,500301,518545,814592,793247,1102838,1006376,185567,247457,741294,844938,255908,248227,221355,145530,199369,192222,135938,229230,235321,161169,-9764,129499,263897,-8388607,0,2659,2666,2668,751,2477,-10110976,1,1,14,1,287,0,0,0,1
443352509,498282,517856,813324,794061,1103360,1003430,184779,246719,739589,843929,255252,247915,222277,146325,199834,193025,135143,228570,234640,160819,-9416,129780,263704,-8388607,0,2662,2666,2666,757,2481,-10110976,1,1,14,1,287,0,0,0,1
443352510,496073,516929,813002,795800,1103727,1000229,182559,244930,738484,842949,254895,247895,223288,147668,200699,194198,134318,227898,234228,160555,-9898,129352,263850,-8388607,0,2663,2668,2661,753,2479,-10110976,1,1,14,1,287,0,0,0,1
443352511,493551,515650,813347,797556,1102212,997180,180345,243010,738088,842354,254910,248377,224618,149379,201500,195219,133432,227067,233877,160217,-10848,128617,263808,-8388607,0,2662,2667,2666,755,2481,-10110976,1,1,14,1,287,0,0,0,1
443352512,491626,514216,814142,799199,1099898,994165,179406,242127,737834,841711,255522,249054,225641,150718,202391,196198,132716,226598,233858,160208,-11411,127805,263985,-8388607,0,2664,2661,2664,757,2477,-10110976,1,1,14,1,287,0,0,0,1
443352513,490236,513028,814772,800912,1097750,991208,180348,243287,738037,841167,257124,249770,226673,151578,202962,196638,132429,226515,233905,160331,-11465,127595,263878,-8388607,0,2661,2666,2660,758,2477,-10110976,1,1,14,1,287,0,0,0,1
443352514,489577,511669,814691,801404,1096145,989055,182525,245515,738721,840724,258673,251160,226852,151937,203198,196687,132502,226432,234124,160506,-11021,128028,263921,-8388607,0,2656,2668,2664,756,2481,-10110976,1,1,14,1,287,0,0,0,1
443352515,489274,510912,814261,800727,1095345,988727,185759,247926,739462,840418,260597,252687,226878,151578,202794,196513,132958,227130,234242,160794,-10450,128651,263917,-8388607,0,2665,2664,2666,756,2478,-10110976,1,1,14,1,287,0,0,0,1
443352516,488997,510118,813310,799489,1094955,989426,187919,249574,739974,840423,261610,254070,226040,150709,201995,195739,133572,227742,234627,160736,-10422,128914,263911,-8388607,0,2665,2664,2662,757,2474,-10110976,1,1,14,1,287,0,0,0,1
443352517,488817,509326,813498,798526,1094512,990943,188963,250766,740362,840636,262537,255232,224729,149279,201258,194808,134827,228364,235236,161052,-10111,129342,263982,-8388607,0,2663,2669,2666,752,2477,-10110976,1,1,14,1,287,0,0,0,1
443352518,488465,508046,814363,797702,1093553,992526,188842,251328,740391,840437,263104,255874,223478,147780,200570,193786,135499,229200,235500,161390,-9713,129604,263910,-8388607,0,2664,2664,2666,752,2479,-10110976,1,1,14,1,287,0,0,0,1
443352519,487773,505954,815541,796979,1091353,993818,189163,251942,739916,839295,263026,256259,222203,146406,199813,192906,136147,229362,235860,161441,-9837,129537,263818,-8388607,0,2663,2668,2663,754,2473,-10110976,1,1,14,1,287,0,0,0,1
443352520,486801,503626,816739,796144,1088437,994453,190124,253278,738773,837185,263153,256355,221215,145407,199190,192295,136487,229471,236004,161484,-10064,129148,263949,-8388607,0,2662,2665,2662,753,2480,-10110976,1,1,14,1,287,0,0,0,1
443352521,485390,500841,818235,794719,1085480,994355,191572,254912,737274,834702,263139,255937,220835,144899,199103,191969,136349,229420,236039,161527,-10285,128858,263924,-8388607,0,2665,2662,2664,751,2482,-10110976,1,1,14,1,287,0,0,0,1
443352522,483921,498194,819481,793252,1082818,994086,192871,256134,735770,832084,262965,255621,220931,144929,199176,192036,135964,228885,235703,161422,-10507,129037,264018,-8388607,0,2666,2663,2663,755,2476,-10110976,1,1,14,1,287,0,0,0,1
443352523,482884,495414,821009,791643,1080319,994412,193418,256037,734422,829784,263080,255297,221591,145788,199510,192476,135303,228572,235302,161381,-10477,129048,264079,-8388607,0,2661,2665,2661,758,2479,-10110976,1,1,14,1,287,0,0,0,1
443352524,481713,492862,822330,790016,1078364,995214,192362,254925,733524,828288,263324,255397,222752,146941,200067,193303,134630,227963,234637,161114,-10770,128441,263990,-8388607,0,2660,2666,2664,753,2481,-10110976,1,1,14,1,287,0,0,0,1
443352525,480952,490582,823432,788792,1076692,995767,190696,253973,733187,827866,263510,256005,224173,148508,200939,194430,133684,227572,234327,160624,-10836,128125,263985,-8388607,0,2667,2663,2668,754,2477,-10110976,1,1,14,1,287,0,0,0,1
443352526,480163,488949,824573,788319,1075220,996759,189808,253700,733122,827961,264084,256810,225207,149824,201684,195189,132956,227000,233725,160414,-10800,128022,263955,-8388607,0,2661,2665,2662,760,2475,-10110976,1,1,14,1,287,0,0,0,1
443352527,479499,488091,825737,788467,1073601,997943,190827,255353,733203,828739,265102,258333,226183,151144,202456,195987,132829,226838,233972,160323,-10443,128298,264102,-8388607,0,2664,2665,2663,753,2482,-10110976,1,1,14,1,287,0,0,0,1
443352528,478699,487688,826697,788812,1072730,998581,193137,258245,733507,829235,266438,259999,226800,151604,202828,196493,132852,226769,234071,160273,-10331,128462,264004,-8388607,0,2661,2661,2670,750,2478,-10110976,1,1,14,1,287,0,0,0,1
443352529,477581,487777,827542,789726,1072466,998498,196142,261301,733636,829523,267908,261608,226575,151636,202828,196376,132963,226886,234334,160560,-10726,128294,264022,-8388607,0,2664,2666,2662,757,2471,-10110976,1,1,14,1,287,0,0,0,1
443352530,477118,487930,828570,791329,1072472,997998,198864,263621,733334,829756,269301,262898,226200,150927,202550,196231,133572,227432,234893,160835,-10741,128547,264094,-8388607,0,2659,2669,2666,751,2480,-10110976,1,1,14,1,287,0,0,0,1
443352531,476691,488106,829781,793515,1072600,997347,200041,264363,733007,830053,270296,264045,225111,149746,201863,195432,134288,228185,235316,161080,-10534,128872,264149,-8388607,0,2665,2664,2663,747,2481,-10110976,1,1,14,1,287,0,0,0,1
443352532,476453,488277,830580,795808,1073319,996115,199939,264041,732205,830062,270593,264242,223857,148461,201249,194532,135092,228651,235641,161115,-10210,129062,264053,-8388607,0,2669,2666,2662,757,2473,-10110976,1,1,14,1,287,0,0,0,1
443352533,475833,488520,830558,797797,1073786,993985,199107,263321,731057,829540,270495,264399,222923,147257,200425,193622,135565,229196,235594,161353,-10221,129228,264138,-8388607,0,2663,2665,2659,755,2479,-10110976,1,1,14,1,287,0,0,0,1
443352534,474924,488639,830202,799726,1073948,991571,198989,263255,729514,829045,269984,264065,221934,146122,199934,192879,136054,229571,235669,161483,-10104,129214,264231,-8388607,0,2663,2665,2664,752,2481,-10110976,1,1,14,1,287,0,0,0,1
443352535,473372,488670,829386,801817,1073776,987940,199742,263725,727822,828103,269384,263877,221620,145563,199507,192256,136115,229553,235616,161630,-9942,129280,264173,-8388607,0,2661,2659,2662,756,2478,-10110976,1,1,14,1,287,0,0,0,1
443352536,471673,488668,828761,803718,1073631,983768,201296,265035,726338,827272,269444,263895,221434,145469,199255,191919,135750,229150,235388,161546,-10034,129292,264142,-8388607,0,2664,2667,2661,759,2479,-10110976,1,1,14,1,287,0,0,0,1
443352537,469553,488152,827738,805703,1073399,979199,202831,266133,724871,826318,269761,264125,221799,146019,199335,192304,135386,228747,235295,161372,-10200,129048,264227,-8388607,0,2663,2664,2662,755,2480,-10110976,1,1,14,1,287,0,0,0,1
443352538,467557,487447,826930,807745,1073004,974843,203745,266325,723901,826033,270796,264945,222430,146704,199705,192856,134630,227978,235084,161275,-10625,128661,264298,-8388607,0,2665,2664,2666,753,2479,-10110976,1,1,14,1,287,0,0,0,1
443352539,465653,486520,826773,809575,1072741,971041,204116,266079,723647,826226,271755,266339,223330,147814,200308,193684,134117,227505,234764,160919,-10742,128473,264226,-8388607,0,2664,2665,2662,755,2478,-10110976,1,1,14,1,287,0,0,0,1
443352540,464353,485700,826822,810727,1072471,968203,204098,266055,723583,826886,273036,267984,224291,148910,201185,194679,133574,227007,234391,160801,-11052,128547,264231,-8388607,0,2657,2666,2662,754,2479,-10110976,1,1,14,1,287,0,0,0,1
443352541,463478,484516,826708,811580,1071832,965720,205024,267141,723859,827676,274167,269152,225191,150034,201869,195538,133282,227033,234090,160533,-11075,128291,264362,-8388607,0,2661,2662,2666,750,2482,-10110976,1,1,14,1,287,0,0,0,1
443352542,463174,483526,826771,811511,1070079,963340,206807,269178,723756,827894,275406,270392,225882,150668,202350,196004,133256,227172,233911,160389,-11138,128232,264332,-8388607,0,2668,2664,2662,756,2475,-10110976,1,1,14,1,287,0,0,0,1
443352543,463077,482273,827111,811398,1067892,960456,208989,271690,723452,827278,276150,271537,226205,150849,202586,196004,133350,227540,234152,160509,-10439,128728,264242,-8388607,0,2662,2667,2659,753,2481,-10110976,1,1,14,1,287,0,0,0,1
443352544,463010,481105,827533,811370,1064679,957317,210714,273713,722785,826113,276965,272239,225917,150837,202774,196096,133571,227710,234392,160724,-10100,129106,264236,-8388607,0,2661,2663,2662,754,2479,-10110976,1,1,14,1,287,0,0,0,1
443352545,462652,480102,828549,810960,1060638,954096,211480,274254,721682,824522,277449,272472,225648,150318,202294,195865,134217,228116,234864,160888,-9943,129219,264301,-8388607,0,2663,2664,2664,756,2477,-10110976,1,1,14,1,287,0,0,0,1
443352546,461952,478752,829606,810483,1056214,951402,211246,273204,720018,822749,277533,272436,224959,149633,201801,195134,134761,228503,235451,161092,-10188,128904,264371,-8388607,0,2661,2667,2659,758,2477,-10110976,1,1,14,1,287,0,0,0,1
443352547,461546,477302,830826,809990,1051941,949007,210146,272341,718498,821152,277232,272458,224115,148426,201313,194360,135143,228617,235677,161434,-10517,128634,264284,-8388607,0,2663,2661,2664,756,2484,-10110976,1,1,14,1,287,0,0,0,1
443352548,460889,475644,832157,809617,1047341,947101,209501,271732,717169,819574,276888,271965,223385,147558,200646,193676,135535,228866,235816,161511,-10249,128932,264286,-8388607,0,2667,2662,2665,756,2478,-10110976,1,1,14,1,287,0,0,0,1
443352549,460432,473768,833342,808828,1042635,945523,209609,272140,715768,818811,276458,271690,222686,146847,199975,193043,135541,228796,235700,161465,-10166,128853,264353,-8388607,0,2663,2666,2659,760,2477,-10110976,1,1,14,1,287,0,0,0,1
443352550,459814,472007,834578,808102,1037787,944275,210603,273521,714606,818273,276437,272285,222261,146351,199731,192537,135541,228824,235375,161374,-10437,128628,264333,-8388607,0,2657,2665,2664,754,2482,-10110976,1,1,14,1,287,0,0,0,1
443352551,459243,470359,835686,807073,1033572,943241,211722,275281,714217,818063,277022,273391,222150,146259,199744,192827,135255,228641,235166,161246,-10434,128456,264330,-8388607,0,2655,2663,2670,756,2477,-10110976,1,1,14,1,287,0,0,0,1
443352552,458299,468825,837160,806288,1029931,942836,212409,276284,714174,818334,278139,274886,222144,146393,199693,192889,134848,228228,234943,161200,-10457,128451,264547,-8388607,0,2665,2666,2661,758,2476,-10110976,1,1,14,1,287,0,0,0,1
443352553,457614,467260,838072,805748,1027311,942962,213023,276386,714590,818663,279847,276535,222693,146988,200057,193288,134421,227880,234753,160995,-10315,128606,264417,-8388607,0,2664,2668,2664,753,2480,-10110976,1,1,14,1,287,0,0,0,1
443352554,456851,466123,838964,805758,1026144,943476,213635,276298,715117,819102,281584,278212,223179,147717,200600,193976,134112,227437,234656,160825,-10284,128733,264407,-8388607,0,2665,2665,2665,748,2479,-10110976,1,1,14,1,287,0,0,0,1
443352555,455964,465052,839774,805900,1025487,944231,214298,276887,715520,818813,282995,279395,223976,148711,201004,194574,133816,227391,234505,160779,-10459,128478,264464,-8388607,0,2663,2666,2659,755,2475,-10110976,1,1,14,1,287,0,0,0,1
443352556,454771,464247,840590,806771,1025197,945126,215549,278182,715556,818203,283580,279982,224615,149418,201453,195013,133728,227485,234391,160784,-10511,128514,264344,-8388607,0,2658,2667,2664,755,2477,-10110976,1,1,14,1,287,0,0,0,1
443352557,453783,464094,841454,807826,1024893,945938,217280,280086,714332,817211,283846,280453,225041,149644,201840,195236,133615,227592,234443,160760,-10359,128723,264458,-8388607,0,2662,2663,2666,751,2481,-10110976,1,1,14,1,287,0,0,0,1
443352558,452591,463783,841575,808486,1024634,945894,218973,282136,712835,815464,283692,280521,225533,149936,202087,195666,133866,227860,234519,160705,-10614,128631,264457,-8388607,0,2667,2663,2666,756,2477,-10110976,1,1,14,1,287,0,0,0,1
443352559,451534,463675,841139,809162,1024730,945057,219867,283405,710436,813048,283354,280574,225443,149960,202267,195650,134122,227903,234736,160741,-10583,128815,264509,-8388607,0,2664,2666,2662,757,2479,-10110976,1,1,14,1,287,0,0,0,1
443352560,450417,463334,840114,809393,1024827,944041,219904,283661,708119,810350,282802,280410,225296,149727,202046,195233,134538,228233,235138,160901,-10357,129179,264502,-8388607,0,2659,2665,2661,751,2483,-10110976,1,1,14,1,287,0,0,0,1
443352561,449120,462986,838730,809488,1025451,942986,219776,283047,706033,807426,282813,280156,224771,149355,201695,194953,134778,228277,235093,160912,-10046,129445,264523,-8388607,0,2663,2661,2666,754,2471,-10110976,1,1,14,1,287,0,0,0,1
443352562,447508,462112,837524,809431,1026597,941629,220000,282660,703964,804997,282849,279965,224191,148648,201116,194697,134954,228369,235355,161286,-9841,129594,264446,-8388607,0,2661,2664,2662,759,2475,-10110976,1,1,14,1,287,0,0,0,1
443352563,445614,461076,836371,809761,1027969,940125,220756,283221,702984,803398,283272,280188,223617,148359,200783,194317,134753,228295,235449,161289,-9989,129344,264493,-8388607,0,2662,2668,2665,755,2479,-10110976,1,1,14,1,287,0,0,0,1
443352564,443430,459821,835265,809893,1029142,938350,222165,284461,702925,801747,283979,280485,223161,147418,200438,193758,134882,228130,235239,161258,-10438,129012,264529,-8388607,0,2663,2663,2666,752,2477,-10110976,1,1,14,1,287,0,0,0,1
443352565,441366,458284,834279,810255,1029726,936679,223996,286143,703093,801555,284910,281414,222940,147039,200279,193533,134766,228230,235035,161344,-10572,128795,264534,-8388607,0,2664,2664,2666,756,2475,-10110976,1,1,14,1,287,0,0,0,1
443352566,439337,456901,832948,810518,1029554,934418,225102,287159,703581,801413,286318,282457,222658,146987,200184,193376,134540,228134,234667,161022,-10528,128655,264518,-8388607,0,2658,2668,2659,752,2480,-10110976,1,1,14,1,287,0,0,0,1
443352567,437286,455458,831030,810319,1029284,932099,225732,288178,703917,801736,288034,284045,222773,146820,200076,193535,134423,228001,234454,161000,-10614,128400,264334,-8388607,0,2662,2666,2666,753,2482,-10110976,1,1,14,1,287,0,0,0,1
443352568,435428,454052,829521,809882,1028947,929830,226635,288621,704465,801977,289275,285776,222852,147244,200334,193579,134207,228005,234362,161018,-10809,128443,264532,-8388607,0,2661,2663,2663,756,2478,-10110976,1,1,14,1,287,0,0,0,1
443352569,433858,453036,828295,809408,1028710,927827,227490,289116,704260,801729,290303,286761,223238,147703,200640,193729,134296,227807,234546,160797,-10801,128567,264518,-8388607,0,2663,2666,2661,757,2479,-10110976,1,1,14,1,287,0,0,0,1
443352570,432603,451721,827512,809173,1028080,925830,228278,289679,703884,801141,290734,287286,223595,148228,201049,194016,134243,227837,234647,160850,-10763,128480,264562,-8388607,0,2663,2664,2664,752,2482,-10110976,1,1,14,1,287,0,0,0,1
443352571,431532,450462,827010,809234,1026953,923573,229520,290754,703282,800441,290754,287160,224155,148873,201518,194683,134592,228044,234800,160921,-10767,128431,264562,-8388607,0,2663,2659,2664,756,2478,-10110976,1,1,14,1,287,0,0,0,1
443352572,430811,449230,826831,809521,1024451,920999,230523,291545,702253,799273,290467,286745,224761,149448,201601,195027,134550,228147,235087,161037,-10773,128198,264556,-8388607,0,2659,2665,2664,758,2477,-10110976,1,1,14,1,287,0,0,0,1
443352573,430250,448168,827405,809663,1021117,918244,231207,292428,701164,798371,290056,286304,225008,149518,201867,195284,134681,228365,235324,161255,-10798,128332,264716,-8388607,0,2659,2666,2661,749,2482,-10110976,1,1,14,1,287,0,0,0,1
443352574,429837,447102,827936,809760,1017091,915071,231234,293114,699840,797583,289926,286527,225078,149659,201968,195439,134735,228568,235435,161273,-10466,128575,264696,-8388607,0,2663,2664,2668,754,2476,-10110976,1,1,14,1,287,0,0,0,1
443352575,429343,446044,828555,809907,1013067,911800,230833,293054,698891,796864,290288,286820,224849,149362,201936,195111,134890,228685,235435,161349,-10523,128612,264701,-8388607,0,2665,2664,2662,757,2475,-10110976,1,1,14,1,287,0,0,0,1
443352576,429073,445008,829593,809833,1009479,909020,230244,292713,698213,797051,290475,287659,224667,149284,201550,194715,134708,228572,235325,161539,-10580,128612,264666,-8388607,0,2661,2668,2666,754,2480,-10110976,1,1,14,1,287,0,0,0,1
443352577,429193,444052,830746,810243,1006700,906911,230414,292418,698102,797843,291406,289105,224351,148712,201367,194446,134472,228424,235174,161354,-10408,128807,264684,-8388607,0,2661,2662,2663,750,2478,-10110976,1,1,14,1,287,0,0,0,1
443352578,429004,443337,832026,810689,1004347,905101,230863,292869,698786,799104,292603,290359,223962,148429,201030,194238,134388,228115,234969,161119,-10217,128929,264724,-8388607,0,2668,2664,2659,757,2476,-10110976,1,1,14,1,287,0,0,0,1
443352579,428741,442715,833603,811177,1001830,903546,231616,293447,699590,800696,293990,291970,223526,147815,200723,194000,134404,227946,234874,161022,-10209,128793,264736,-8388607,0,2664,2666,2656,755,2482,-10110976,1,1,14,1,287,0,0,0,1
443352580,428490,441755,834998,811330,998598,902139,232367,294343,700604,802358,295458,293642,223157,147500,200495,193793,134257,227669,234703,160822,-10202,128823,264828,-8388607,0,2665,2664,2665,754,2482,-10110976,1,1,14,1,287,0,0,0,1
443352581,427740,440750,836431,811813,995047,900712,233329,295776,701367,803614,297272,295477,222928,147292,200481,193637,134292,227581,234675,160614,-10311,128618,264806,-8388607,0,2666,2662,2669,755,2477,-10110976,1,1,14,1,287,0,0,0,1
443352582,427146,439512,838010,812164,991662,899456,233781,296967,701450,803919,298312,296707,222968,147359,200333,193712,134215,227611,234482,160564,-10338,128891,264678,-8388607,0,2658,2663,2663,756,2479,-10110976,1,1,14,1,287,0,0,0,1
443352583,426642,438543,839866,812990,989140,898762,234312,297985,700481,803651,299157,297708,222998,147549,200425,193635,134260,227831,234456,160859,-10225,128875,264763,-8388607,0,2662,2667,2664,753,2482,-10110976,1,1,14,1,287,0,0,0,1
443352584,426147,437650,841949,813963,987328,898631,235441,298908,699016,802688,299193,297702,223216,147756,200650,193866,134304,228183,234486,160604,-10329,128631,264811,-8388607,0,2663,2661,2666,755,2478,-10110976,1,1,14,1,287,0,0,0,1
443352585,425512,436984,844128,814819,986233,898865,236248,299343,696808,800736,298655,297266,223624,148198,200744,194212,134567,228386,234873,160963,-10519,128477,264890,-8388607,0,2665,2665,2668,759,2474,-10110976,1,1,14,1,287,0,0,0,1
443352586,425196,436422,846190,815757,985007,898500,237383,300618,694709,798892,297824,296600,224152,148628,201079,194366,134615,228364,234941,161194,-10631,128348,264659,-8388607,0,2661,2664,2663,755,2482,-10110976,1,1,14,1,287,0,0,0,1
443352587,424755,435952,847583,816282,982995,897563,238100,301262,692856,796926,297240,296376,224521,149027,201330,194575,134933,228558,235355,161262,-10576,128416,264763,-8388607,0,2661,2664,2668,752,2477,-10110976,1,1,14,1,287,0,0,0,1
443352588,424457,435800,848368,816869,980491,896217,238647,302026,691251,795255,296943,295987,224614,149251,201566,194936,135001,228611,235455,161252,-10408,128825,264932,-8388607,0,2664,2666,2662,757,2477,-10110976,1,1,14,1,287,0,0,0,1
443352589,423962,435424,848790,817322,978119,894956,238853,302576,689851,793780,296987,296238,224625,149341,201471,195027,135049,228671,235568,161310,-10271,129041,264867,-8388607,0,2661,2668,2657,755,2479,-10110976,1,1,14,1,287,0,0,0,1
443352590,423115,435375,849271,818042,976863,893890,238760,302832,689016,792858,298009,297039,224478,149220,201479,195022,135063,228283,235622,161402,-10096,129133,264946,-8388607,0,2665,2666,2666,752,2477,-10110976,1,1,14,1,287,0,0,0,1
443352591,422068,434985,849748,818947,976217,893185,239313,303041,688538,792187,299003,298438,224412,149157,201483,194732,135039,228494,235372,161280,-10136,129263,264841,-8388607,0,2668,2662,2662,755,2476,-10110976,1,1,14,1,287,0,0,0,1
443352592,421055,434566,850189,820453,976342,892807,239981,303479,688282,792161,300561,299948,224140,148638,201220,194473,134856,228201,234995,161027,-10189,129022,264892,-8388607,0,2659,2672,2659,757,2477,-10110976,1,1,14,1,287,0,0,0,1
443352593,419517,433894,850282,821628,976346,891727,240829,304111,687867,792366,301804,301407,224010,148357,201134,194487,134488,227784,234637,160798,-10443,128761,264947,-8388607,0,2661,2666,2664,755,2484,-10110976,1,1,14,1,287,0,0,0,1
443352594,418131,433396,849991,822686,976426,890312,242008,305326,687907,792272,302810,302798,223796,148042,200942,194226,134189,227681,234328,160583,-10510,128650,265015,-8388607,0,2661,2658,2665,756,2477,-10110976,1,1,14,1,287,0,0,0,1
443352595,416583,432420,849062,823082,976055,888250,243102,306512,687145,791904,303357,303911,223368,147816,200715,193900,133903,227582,234161,160596,-10601,128811,264983,-8388607,0,2663,2668,2664,759,2477,-10110976,1,1,14,1,287,0,0,0,1
443352596,415124,431527,847533,822982,975624,885923,244187,307285,685757,790606,303729,304444,223465,147653,200593,193638,133614,227434,234116,160703,-10449,129015,264956,-8388607,0,2661,2664,2662,754,2482,-10110976,1,1,14,1,287,0,0,0,1
443352597,413610,430374,845790,822453,975514,883926,245093,308102,684127,789126,304010,304452,223242,147830,200402,193676,133760,227500,234364,160725,-10289,129087,265053,-8388607,0,2665,2663,2668,752,2478,-10110976,1,1,14,1,287,0,0,0,1
443352598,412001,429039,844226,821940,976324,881888,246023,308850,682101,786690,303638,304262,223285,147852,200418,193543,133851,227477,234426,160685,-10335,129021,264899,-8388607,0,2661,2666,2662,759,2474,-10110976,1,1,14,1,287,0,0,0,1
443352599,410455,427487,842868,821678,976753,880165,247177,309355,680020,784119,303038,303847,223332,147869,200376,193842,134125,227661,234543,160667,-10412,129044,265016,-8388607,0,2661,2666,2663,754,2481,-10110976,1,1,14,1,287,0,0,0,1
443352600,408790,425901,841952,821534,977023,878228,248469,310371,678081,781852,302798,303484,223691,148288,200837,194198,134451,228090,234803,160761,-10501,128891,265167,-8388607,0,2665,2662,2666,750,2479,-10110976,1,1,14,1,287,0,0,0,1
443352601,407121,424153,841107,821305,976885,875796,249043,310905,676457,779843,302642,303191,224025,148371,200968,194309,134739,228356,235162,160811,-10664,128456,265158,-8388607,0,2668,2661,2663,754,2473,-10110976,1,1,14,1,287,0,0,0,1
443352602,405605,422280,840158,820879,976055,873046,249718,311432,675593,778574,302792,303565,224178,148623,201225,194708,135107,228635,235309,161346,-10959,128250,265168,-8388607,0,2662,2668,2662,755,2479,-10110976,1,1,14,1,287,0,0,0,1
443352603,404209,420593,839235,820303,974661,870554,250061,311614,675343,777913,303183,304042,224373,148838,201406,194698,135258,228770,235540,161500,-10643,128383,265037,-8388607,0,2658,2663,2665,753,2482,-10110976,1,1,14,1,287,0,0,0,1
443352604,403103,419085,838591,819521,973516,868830,250667,311619,675365,777768,304471,305181,224234,148991,201425,194853,135288,228969,235748,161669,-10690,128457,265155,-8388607,0,2661,2666,2665,756,2476,-10110976,1,1,14,1,287,0,0,0,1
443352605,402156,417848,838028,818445,972303,867466,251216,311987,675708,777911,305688,306324,224278,148879,201541,194828,135218,228821,235759,161592,-10759,128314,265038,-8388607,0,2662,2665,2662,758,2477,-10110976,1,1,14,1,287,0,0,0,1
443352606,401497,416547,837850,817624,971357,866760,251686,312632,676341,777804,306978,307777,224227,148757,201341,194755,134998,228605,235520,161412,-10562,128386,265297,-8388607,0,2661,2665,2666,754,2482,-10110976,1,1,14,1,287,0,0,0,1
443352607,401174,415573,838238,816992,970116,866368,252411,313767,677057,777933,308682,309333,223987,148474,201275,194626,134697,228050,235069,161244,-10612,128604,265233,-8388607,0,2669,2662,2666,756,2478,-10110976,1,1,14,1,287,0,0,0,1
443352608,400669,414389,838706,816109,967721,866003,253282,314770,677089,777593,309621,310300,223932,148327,201065,194310,134505,227946,234760,161030,-10376,128707,265230,-8388607,0,2661,2665,2661,759,2475,-10110976,1,1,14,1,287,0,0,0,1
443352609,400283,413341,839290,815682,965227,865331,253801,315799,677117,777250,310674,311218,223843,148232,200997,194304,134205,227800,234465,160694,-10207,128890,265249,-8388607,0,2655,2668,2663,754,2481,-10110976,1,1,14,1,287,0,0,0,1
443352610,399818,412320,840197,815295,962774,864496,254318,316768,676825,776519,310868,311630,223915,148210,200935,194243,134103,227579,234352,160503,-10240,128868,265367,-8388607,0,2664,2664,2668,751,2478,-10110976,1,1,14,1,287,0,0,0,1
443352611,399204,411075,841360,815288,960340,864085,254830,317366,675998,775651,310908,311631,223620,148030,200772,193924,133752,227384,234099,160368,-10240,128972,265293,-8388607,0,2668,2664,2662,756,2475,-10110976,1,1,14,1,287,0,0,0,1
443352612,398266,410008,843202,816200,958365,864129,255515,317837,675018,774590,310595,311458,223558,148020,200765,194048,133705,227353,234244,160387,-10137,128889,265304,-8388607,0,2663,2668,2666,754,2480,-10110976,1,1,14,1,287,0,0,0,1
443352613,397754,409430,845547,817292,956782,864560,256263,318882,674058,773529,310091,311308,223578,148222,200764,194140,133861,227565,234219,160448,-10300,128742,265342,-8388607,0,2663,2665,2663,748,2484,-10110976,1,1,14,1,287,0,0,0,1
443352614,396790,408625,847860,818769,955105,864991,256888,319935,673214,772798,310322,311662,223855,148305,200823,194263,134016,227805,234431,160480,-10643,128225,265292,-8388607,0,2664,2661,2662,754,2476,-10110976,1,1,14,1,287,0,0,0,1
443352615,396289,408316,849815,819885,952954,864963,257487,321185,672518,772025,310674,311942,223922,148510,200836,194281,134282,228008,234825,160786,-10824,128174,265338,-8388607,0,2661,2666,2659,757,2481,-10110976,1,1,14,1,287,0,0,0,1
443352616,396022,408265,851546,821254,951020,864682,258011,322438,672407,772022,311796,313172,224243,148690,201232,194431,134681,228606,235074,161173,-10616,128455,265399,-8388607,0,2662,2665,2664,753,2481,-10110976,1,1,14,1,287,0,0,0,1
443352617,395728,408072,852791,822295,948838,863865,258464,323408,672581,772460,312800,314106,224128,148790,201148,194458,135083,228604,235274,161481,-10334,128841,265370,-8388607,0,2668,2659,2664,755,2476,-10110976,1,1,14,1,287,0,0,0,1
443352618,395425,407988,854318,823532,946731,862497,258909,324132,673102,773507,313909,315839,224384,148707,201313,194489,135182,228698,235581,161491,-10254,128988,265349,-8388607,0,2661,2666,2660,758,2475,-10110976,1,1,14,1,287,0,0,0,1
443352619,395042,407905,856143,825349,945169,861158,259794,324847,673740,774433,315093,317265,224262,148779,201331,194523,135529,228825,235865,161706,-10146,128927,265424,-8388607,0,2657,2664,2664,754,2482,-10110976,1,1,14,1,287,0,0,0,1
443352620,394556,407852,858346,827775,944251,859840,260526,325506,673879,775753,316182,318611,224204,148693,201160,194539,135489,228623,235704,161349,-10444,128883,265483,-8388607,0,2663,2662,2666,756,2478,-10110976,1,1,14,1,287,0,0,0,1
443352621,394068,407549,860721,830800,943879,858183,261068,326006,674075,776330,316841,319553,223880,148587,201049,194503,135166,228371,235345,161240,-10535,128576,265442,-8388607,0,2663,2665,2663,758,2473,-10110976,1,1,14,1,287,0,0,0,1
443352622,393356,407279,862358,833449,943509,856229,261162,326402,673682,776104,317538,320493,223825,148199,201043,194291,134939,228028,235079,161037,-10459,128485,265468,-8388607,0,2662,2668,2665,752,2481,-10110976,1,1,14,1,287,0,0,0,1
443352623,392674,407353,863555,835956,943420,853827,261438,326154,672696,775570,318292,320979,223560,147976,200967,194173,134667,227965,234935,161125,-10455,128681,265419,-8388607,0,2664,2664,2667,752,2477,-10110976,1,1,14,1,287,0,0,0,1
443352624,391793,407369,864004,837359,943440,851615,261892,326261,671862,774745,318708,321375,223540,147926,200887,194210,134066,227690,234701,160810,-10352,128962,265412,-8388607,0,2665,2664,2662,755,2477,-10110976,1,1,14,1,287,0,0,0,1
443352625,390964,407376,864388,838430,943542,848866,262843,326686,670780,773838,318880,321685,223543,148138,200819,194149,133944,227619,234584,160687,-10387,129128,265468,-8388607,0,2660,2668,2663,753,2479,-10110976,1,1,14,1,287,0,0,0,1
443352626,390245,406974,864409,839522,943899,846287,264278,327427,669354,772880,318637,321715,223422,147923,200550,193708,133862,227582,234607,160539,-10349,129223,265522,-8388607,0,2661,2666,2669,753,2482,-10110976,1,1,14,1,287,0,0,0,1
443352627,389482,405763,864863,840319,944535,844328,266178,328678,667912,772048,318518,321902,223724,148062,200574,193816,133881,227693,234429,160437,-10255,129266,265424,-8388607,0,2668,2662,2664,757,2478,-10110976,1,1,14,1,287,0,0,0,1
443352628,388663,404473,865268,841036,945300,842756,267947,329731,666580,771210,318359,322245,223766,148242,200726,193793,134041,227580,234258,160256,-10262,129142,265475,-8388607,0,2671,2665,2664,761,2479,-10110976,1,1,14,1,287,0,0,0,1
443352629,387631,402972,865782,841741,945728,841256,269494,330896,665432,770194,318614,322857,224122,148416,200716,193940,134103,227697,234402,160357,-10329,129052,265580,-8388607,0,2657,2665,2664,754,2482,-10110976,1,1,14,1,287,0,0,0,1
443352630,386458,401411,866144,841941,945580,839899,270147,331601,664626,769284,319662,323827,224001,148330,201011,194326,134333,227940,234656,160549,-10385,128863,265574,-8388607,0,2663,2664,2666,754,2477,-10110976,1,1,14,1,287,0,0,0,1
443352631,385097,399747,866066,841759,944535,838563,270690,332152,664427,768535,320976,324800,224235,148374,201272,194675,134822,228223,234932,160826,-10455,128699,265553,-8388607,0,2666,2665,2661,758,2474,-10110976,1,1,14,1,287,0,0,0,1
443352632,383907,398004,865694,841642,943147,836936,271131,332512,663956,767499,322048,325817,224221,148691,201162,194870,134808,228440,235043,161151,-10527,128753,265501,-8388607,0,2662,2668,2663,756,2481,-10110976,1,1,14,1,287,0,0,0,1
443352633,382647,396600,865479,841763,941526,835130,271431,333089,663519,766795,323073,326771,224263,148631,201213,194586,134881,228513,235204,161470,-10665,128725,265549,-8388607,0,2665,2664,2666,750,2478,-10110976,1,1,14,1,287,0,0,0,1
443352634,381643,395439,865567,841427,939736,833902,272168,333831,662891,766329,323401,327220,224200,148744,201198,194769,134908,228441,235407,161542,-10888,128367,265532,-8388607,0,2665,2668,2664,759,2473,-10110976,1,1,14,1,287,0,0,0,1
443352635,380903,394424,865466,840969,938328,833008,272733,334092,661806,765692,323703,327793,224093,148627,200905,194477,135113,228513,235456,161509,-10936,128217,265666,-8388607,0,2660,2664,2666,754,2477,-10110976,1,1,14,1,287,0,0,0,1
443352636,380187,393347,865128,840377,936882,832533,273113,334356,660536,764736,323769,328552,224064,148704,200787,194396,134975,228234,235205,161364,-10832,128303,265635,-8388607,0,2661,2662,2664,751,2479,-10110976,1,1,14,1,287,0,0,0,1
443352637,379785,392368,864989,839896,935417,832390,273071,334813,659267,763765,323579,328918,223766,148177,200914,194133,134841,228041,235039,161178,-10407,128704,265618,-8388607,0,2664,2666,2662,755,2477,-10110976,1,1,14,1,287,0,0,0,1
443352638,379274,391435,865523,839655,933943,832538,273254,335384,658070,762737,324091,329919,223752,148137,200590,193919,134495,228068,234958,161092,-10078,128956,265614,-8388607,0,2661,2667,2659,757,2477,-10110976,1,1,14,1,287,0,0,0,1
443352639,378618,390183,866293,839661,932288,832685,273570,336482,656573,761362,324558,330309,223631,147988,200563,193891,134375,227910,234693,160815,-10232,128865,265650,-8388607,0,2662,2662,2664,752,2482,-10110976,1,1,14,1,287,0,0,0,1
443352640,377885,389363,867546,840309,930987,833107,274748,338024,655682,760141,325063,330665,223545,147824,200637,193937,134103,227830,234523,160538,-10434,128724,265531,-8388607,0,2663,2662,2662,756,2478,-10110976,1,1,14,1,287,0,0,0,1
443352641,377260,388319,869231,841351,930162,833918,276256,339839,654628,758896,325411,331073,223515,147829,200743,193982,134150,227863,234285,160599,-10577,128522,265690,-8388607,0,2661,2664,2659,759,2479,-10110976,1,1,14,1,287,0,0,0,1
443352642,376658,387717,870954,842562,929828,834773,277477,341249,653817,757700,325583,331418,223600,147913,200912,194245,133963,227760,234217,160488,-10401,128605,265685,-8388607,0,2661,2664,2664,755,2482,-10110976,1,1,14,1,287,0,0,0,1
443352643,376124,387320,872087,843702,929708,835855,278403,342279,652843,757081,325918,331871,223739,148371,200926,194400,134035,227851,234334,160622,-10514,128589,265656,-8388607,0,2665,2663,2667,754,2477,-10110976,1,1,14,1,287,0,0,0,1
443352644,375393,387104,873030,844563,929525,836545,278887,342902,651964,756175,326335,332696,224009,148549,201228,194598,134050,228003,234631,160779,-10514,128579,265700,-8388607,0,2665,2665,2662,759,2477,-10110976,1,1,14,1,287,0,0,0,1
443352645,374700,387048,874028,845439,928874,836869,279104,343416,651118,755234,327285,333689,224319,148886,201113,194842,134069,227891,234867,160939,-10511,128831,265715,-8388607,0,2661,2666,2662,754,2481,-10110976,1,1,14,1,287,0,0,0,1
443352646,374056,387034,874939,846427,928079,836656,279390,343962,650224,754102,327529,334346,224352,148889,201381,194654,134441,228187,234927,161166,-10604,128898,265761,-8388607,0,2661,2665,2666,750,2478,-10110976,1,1,14,1,287,0,0,0,1
443352647,373411,386759,876256,847616,927789,836605,280116,344713,648958,753212,328348,335011,224532,149122,201432,194661,134617,228321,235315,161316,-10265,129054,265949,-8388607,0,2666,2666,2660,755,2475,-10110976,1,1,14,1,287,0,0,0,1
443352648,372873,386543,877722,849079,927638,835954,281015,345776,648062,751846,329045,335699,224636,149157,201390,194548,134871,228383,235145,161430,-10253,129146,265902,-8388607,0,2661,2667,2659,755,2479,-10110976,1,1,14,1,287,0,0,0,1
443352649,372098,386030,879236,850279,928007,835786,282389,346773,647341,750493,329240,335745,224405,149015,201279,194522,135016,228600,235358,161347,-10486,128713,265803,-8388607,0,2665,2664,2666,751,2481,-10110976,1,1,14,1,287,0,0,0,1
443352650,371330,385604,881028,851503,929043,836006,283784,347492,646666,749219,329531,335865,224201,148617,201281,194441,135007,228493,235320,161307,-10603,128853,265827,-8388607,0,2668,2662,2666,755,2476,-10110976,1,1,14,1,287,0,0,0,1
443352651,370546,384895,882218,852563,930314,835724,284583,348190,646101,748130,329798,336064,223970,148243,201164,194343,135001,228290,235370,161292,-10617,128768,265761,-8388607,0,2661,2667,2659,755,2481,-10110976,1,1,14,1,287,0,0,0,1
443352652,369628,384246,883127,853348,931693,835649,285198,348900,645360,747341,330398,336462,223497,147882,200753,194167,134951,228291,235138,161236,-10615,128796,265903,-8388607,0,2661,2664,2662,754,2482,-10110976,1,1,14,1,287,0,0,0,1
443352653,369052,383724,883676,853782,932592,835298,286471,349967,644878,746721,330948,336910,223375,147620,200941,194026,134657,228107,234936,161173,-10327,129136,266020,-8388607,0,2665,2663,2668,755,2478,-10110976,1,1,14,1,287,0,0,0,1
443352654,368288,383042,884033,854430,933885,834809,288052,351301,644278,745799,331356,337629,223288,147628,200744,194065,134470,228028,234865,160976,-10457,129000,265946,-8388607,0,2663,2664,2662,758,2478,-10110976,1,1,14,1,287,0,0,0,1
443352655,367310,382626,884645,855049,934964,833972,289873,352418,644266,745258,331838,338079,223447,147858,200699,194076,134311,228136,234801,160879,-10495,129062,265979,-8388607,0,2660,2667,2666,754,2481,-10110976,1,1,14,1,287,0,0,0,1
443352656,366421,381797,885354,855662,935725,833057,291711,353906,644056,744749,332432,338662,223656,147982,200774,194050,134323,228095,234658,160756,-10385,129087,266053,-8388607,0,2661,2662,2664,756,2478,-10110976,1,1,14,1,287,0,0,0,1
443352657,365533,380752,885803,856321,935906,831908,292814,354698,644457,744526,333130,339295,223702,148200,200750,193999,134337,227957,234532,160680,-10646,128890,266062,-8388607,0,2665,2661,2664,757,2473,-10110976,1,1,14,1,287,0,0,0,1
443352658,364534,379818,886447,857191,935586,830235,293227,355194,644991,744137,333786,339905,223996,148515,201101,194407,134285,227837,234724,160768,-10691,128706,265991,-8388607,0,2661,2666,2662,755,2479,-10110976,1,1,14,1,287,0,0,0,1
443352659,363662,378709,887182,857983,934748,828290,293049,355105,645667,744561,334994,340736,224472,148839,201644,194680,134413,228008,234864,160853,-10732,128677,266014,-8388607,0,2665,2662,2662,751,2480,-10110976,1,1,14,1,287,0,0,0,1
443352660,362864,377578,887761,859042,933211,826046,292530,354797,646175,744362,335785,341640,224675,149036,201659,194872,134313,228061,235021,160995,-10790,128696,266173,-8388607,0,2668,2664,2664,755,2476,-10110976,1,1,14,1,287,0,0,0,1
443352661,362367,376392,888338,859752,931371,824055,292580,354904,646773,744726,337057,342720,224695,149100,201662,195088,134665,228065,235249,161148,-10740,128531,266102,-8388607,0,2659,2669,2658,757,2480,-10110976,1,1,14,1,287,0,0,0,1
443352662,361756,375563,888842,860623,929619,821969,293170,355142,646898,745081,337484,343662,224563,148994,201471,194833,134610,228072,235309,161273,-10686,128581,266088,-8388607,0,2661,2664,2664,754,2482,-10110976,1,1,14,1,287,0,0,0,1
443352663,361369,374776,889176,861467,927962,820004,293817,355795,647156,745444,338194,344808,224417,148852,201299,194598,134721,228291,235176,161387,-10517,128785,265999,-8388607,0,2665,2659,2664,755,2478,-10110976,1,1,14,1,287,0,0,0,1
443352664,360930,374113,889520,862650,926242,818425,294473,356723,647510,745998,339021,345800,224081,148643,201012,194423,134946,228417,235204,161380,-10300,128909,266094,-8388607,0,2663,2667,2664,760,2477,-10110976,1,1,14,1,287,0,0,0,1
443352665,360351,373507,890025,863854,924590,817113,295195,357520,647931,746971,339750,346726,223786,148306,200713,193940,134912,228562,235227,161344,-10217,129005,266222,-8388607,0,2661,2665,2666,753,2480,-10110976,1,1,14,1,287,0,0,0,1
443352666,359567,372732,890964,865514,922915,816403,295511,357963,648377,747721,340816,347886,223593,147901,200763,193989,134865,228478,235101,161269,-10335,129002,266262,-8388607,0,2663,2662,2664,756,2478,-10110976,1,1,14,1,287,0,0,0,1
443352667,358811,372073,892308,867361,921923,815769,295793,358407,648576,748027,341746,348586,223198,147612,200622,193742,134602,228183,235053,161046,-10508,128828,266295,-8388607,0,2661,2665,2663,758,2475,-10110976,1,1,14,1,287,0,0,0,1
443352668,358121,371272,894193,869213,921258,815766,296703,359149,648773,748397,342523,349624,223157,147440,200435,193673,134620,228173,234882,160814,-10450,128780,266239,-8388607,0,2664,2668,2663,754,2481,-10110976,1,1,14,1,287,0,0,0,1
443352669,357318,370555,896268,871021,920672,815939,297915,360176,648039,748193,343240,350650,223226,147294,200605,193797,134361,227916,234579,160658,-10770,128562,266250,-8388607,0,2663,2663,2666,751,2478,-10110976,1,1,14,1,287,0,0,0,1
443352670,356928,369851,898453,872640,920101,816207,299347,361401,647436,747753,343961,351121,223154,147502,200659,193785,134212,227704,234627,160381,-10911,128384,266318,-8388607,0,2666,2665,2662,757,2471,-10110976,1,1,14,1,287,0,0,0,1
443352671,356710,369289,900996,874025,919247,816487,300311,362867,646472,747158,344213,351616,223423,147743,200893,194004,134014,227807,234475,160423,-10826,128493,266319,-8388607,0,2658,2667,2662,754,2477,-10110976,1,1,14,1,287,0,0,0,1
443352672,356751,368795,903527,874971,918227,816790,300886,363895,645223,746607,344486,352334,223755,148232,201036,194206,134001,227780,234370,160613,-10654,128684,266360,-8388607,0,2659,2663,2666,751,2477,-10110976,1,1,14,1,287,0,0,0,1
443352673,356606,368234,905599,875653,917338,817005,301154,364259,643983,745801,344611,352528,224193,148782,201004,194605,133933,227913,234458,160709,-10425,128917,266268,-8388607,0,2666,2663,2661,754,2477,-10110976,1,1,14,1,287,0,0,0,1
443352674,356510,367904,907844,876162,917063,817394,301568,364705,642794,745103,344828,353025,224619,149110,201126,194860,134086,227868,234736,161016,-10283,129105,266398,-8388607,0,2663,2667,2659,759,2480,-10110976,1,1,14,1,287,0,0,0,1
443352675,355981,367531,910160,876806,917215,817648,302063,365395,641467,744180,344805,353228,224875,149363,201510,195134,134311,228000,234920,161241,-10159,129048,266281,-8388607,0,2661,2664,2664,751,2482,-10110976,1,1,14,1,287,0,0,0,1
443352676,355547,366952,912614,877867,917222,818159,303032,366231,640105,742790,344804,353508,224650,149494,201365,195017,134412,228062,235033,161283,-10417,129126,266363,-8388607,0,2663,2663,2661,754,2478,-10110976,1,1,14,1,287,0,0,0,1
443352677,354930,366430,915116,879101,917210,818706,304137,367592,638663,741628,345175,353946,224626,149220,201256,194779,134815,227994,235271,161361,-10467,129013,266344,-8388607,0,2661,2666,2660,758,2478,-10110976,1,1,14,1,287,0,0,0,1
443352678,354129,365862,917408,880764,917698,819068,305283,369037,637085,740226,345681,354736,224366,148754,201273,194596,135181,228356,235360,161434,-10391,128918,266366,-8388607,0,2657,2664,2664,755,2483,-10110976,1,1,14,1,287,0,0,0,1
443352679,353517,365227,919620,882419,917955,819117,306388,370405,635880,739029,346022,355407,224101,148349,201065,194444,135255,228352,235260,161209,-10603,128692,266456,-8388607,0,2667,2664,2666,754,2486,-10110976,1,1,14,1,287,0,0,0,1
443352680,352877,364894,921181,883825,918098,819274,307222,371394,634564,738027,346629,356154,223706,148115,201038,194250,135191,228349,235067,161131,-10683,128709,266623,-8388607,0,2665,2664,2662,758,2476,-10110976,1,1,14,1,287,0,0,0,1
443352681,352020,364717,922336,884800,918191,819004,308284,372138,633127,736991,346936,356750,223502,147400,200733,193919,135044,228544,235027,161180,-10724,128776,266540,-8388607,0,2662,2668,2659,752,2481,-10110976,1,1,14,1,287,0,0,0,1
443352682,351402,364417,923028,885474,918092,818603,309176,373091,631829,735895,347299,357017,223240,147622,200723,193777,134840,228393,234895,160928,-10729,128909,266592,-8388607,0,2661,2665,2668,749,2477,-10110976,1,1,14,1,287,0,0,0,1
443352683,350936,363937,923081,886232,918005,817723,310570,374286,630373,734488,347322,357029,223069,147316,200481,193668,134587,228157,234680,160775,-10570,129094,266524,-8388607,0,2661,2666,2659,755,2476,-10110976,1,1,14,1,287,0,0,0,1
443352684,350336,363447,922953,886863,917768,816813,311902,375136,628873,732791,347106,357075,223007,147547,200197,193700,134221,227919,234402,160610,-10335,129131,266557,-8388607,0,2662,2663,2661,753,2481,-10110976,1,1,14,1,287,0,0,0,1
443352685,349576,362687,922984,887655,917448,815461,312828,375822,627295,731062,347341,357179,223250,147913,200341,193928,134033,227608,234492,160617,-10091,129272,266578,-8388607,0,2663,2663,2663,752,2488,-10110976,1,1,14,1,287,0,0,0,1
443352686,348423,361726,923116,888692,916871,813768,313712,375861,625907,729341,347735,357725,223820,148247,200575,193992,133801,227601,234448,160543,-10318,129278,266742,-8388607,0,2665,2661,2663,756,2478,-10110976,1,1,14,1,287,0,0,0,1
443352687,347299,360748,923253,889621,916521,811960,314256,375820,624710,727887,348168,357997,224105,148625,201006,194367,133723,227613,234567,160655,-10403,129272,266725,-8388607,0,2661,2665,2659,759,2480,-10110976,1,1,14,1,287,0,0,0,1
443352688,346244,359599,923007,890783,916053,810039,314937,375659,623877,726476,348722,358479,224400,148785,201427,194755,133997,227612,234494,160865,-10601,129004,266651,-8388607,0,2658,2664,2661,753,2481,-10110976,1,1,14,1,287,0,0,0,1
443352689,345153,358485,922772,891634,915730,808457,315713,376059,623686,725685,348880,358825,224496,149080,201523,194814,134230,227614,234586,160849,-10782,128770,266638,-8388607,0,2665,2664,2659,754,2477,-10110976,1,1,14,1,287,0,0,0,1
443352690,343994,357248,922442,892040,916146,807275,316894,376874,623573,724941,349648,359282,224692,149162,201603,195013,134319,228131,234921,160974,-10608,128934,266772,-8388607,0,2663,2665,2664,760,2479,-10110976,1,1,14,1,287,0,0,0,1
443352691,343013,356049,921696,892248,916446,806206,318332,377922,623617,724498,349983,359594,224693,149066,201426,194919,134474,228211,234930,161132,-10596,128885,266768,-8388607,0,2659,2668,2669,754,2483,-10110976,1,1,14,1,287,0,0,0,1
443352692,342151,355116,920907,891995,916554,805314,319548,378744,623635,724016,350816,360273,224396,149059,201352,194660,134789,228229,235194,161332,-10536,128983,266766,-8388607,0,2665,2664,2668,752,2478,-10110976,1,1,14,1,287,0,0,0,1
443352693,341393,353855,920664,891800,916567,804592,320452,379644,623720,723234,351865,361220,224227,148656,201192,194533,135153,228303,235275,161358,-10578,129110,266781,-8388607,0,2668,2667,2662,756,2471,-10110976,1,1,14,1,287,0,0,0,1
443352694,340504,352451,920841,891774,916131,803535,320979,380579,623926,722742,352810,361976,223643,148330,200751,194250,134892,228428,235426,161285,-10458,129186,266834,-8388607,0,2662,2668,2660,755,2480,-10110976,1,1,14,1,287,0,0,0,1
443352695,339749,351171,921685,892197,915346,802849,321554,381485,624223,722264,353897,362960,223538,148021,200806,194175,134926,228691,235275,161314,-10457,129100,266779,-8388607,0,2663,2662,2664,751,2479,-10110976,1,1,14,1,287,0,0,0,1
443352696,338885,349845,922859,892702,914209,802112,322012,382457,624212,721817,354859,363549,223633,147752,200573,194023,134924,228508,235266,161372,-10612,128691,266828,-8388607,0,2667,2662,2664,755,2477,-10110976,1,1,14,1,287,0,0,0,1
443352697,338055,348644,924486,893328,913028,801374,322689,383314,624540,721606,355178,364155,223202,147698,200687,193988,134827,228562,235025,161014,-10825,128524,266891,-8388607,0,2661,2666,2659,755,2479,-10110976,1,1,14,1,287,0,0,0,1
443352698,337404,347627,926395,894209,912236,800379,323316,383792,624542,721316,355381,364432,223316,147796,200741,194083,134543,228234,234733,160875,-10659,128511,266815,-8388607,0,2662,2664,2666,754,2481,-10110976,1,1,14,1,287,0,0,0,1
443352699,336862,346777,928424,895081,911184,799811,323791,384192,624702,720995,355980,364646,223515,147683,200854,193992,134162,228087,234583,160814,-10733,128479,266836,-8388607,0,2663,2662,2663,756,2478,-10110976,1,1,14,1,287,0,0,0,1
443352700,336387,346221,930294,896145,909752,799129,324157,384419,624801,720795,356581,365209,223797,147926,200978,194055,134166,227758,234504,160693,-10742,128574,266900,-8388607,0,2663,2664,2659,758,2478,-10110976,1,1,14,1,287,0,0,0,1
443352701,336165,345968,932178,897496,907798,798407,324455,384907,624798,720746,357907,366510,224086,148250,201036,194348,134023,227594,234645,160871,-10715,128748,266968,-8388607,0,2661,2666,2664,753,2482,-10110976,1,1,14,1,287,0,0,0,1
443352702,336040,345701,934268,898688,905448,797641,324935,385664,625311,720678,359020,367301,224233,148808,201082,194308,134120,227653,234806,160943,-10510,128896,266854,-8388607,0,2664,2661,2670,754,2478,-10110976,1,1,14,1,287,0,0,0,1
443352703,335704,345478,936260,899895,903387,797188,325610,386841,625866,720843,360262,368570,224376,148766,201317,194352,134165,227727,234750,160895,-10392,129026,266957,-8388607,0,2661,2664,2662,758,2475,-10110976,1,1,14,1,287,0,0,0,1
443352704,335297,345260,938038,901135,901660,797003,326888,388511,626656,721666,361338,369268,224604,149116,201352,194780,134470,227914,234930,161097,-10391,129075,266941,-8388607,0,2658,2668,2662,753,2481,-10110976,1,1,14,1,287,0,0,0,1
443352705,334719,344737,939696,902255,900584,796961,328092,389865,627739,722421,362103,370179,224633,148974,201313,194768,134583,228214,234889,161240,-10110,129224,267059,-8388607,0,2661,2663,2665,752,2479,-10110976,1,1,14,1,287,0,0,0,1
443352706,334062,344262,941334,903373,899885,796684,329158,390682,628482,723279,363170,371032,224450,148741,201358,194788,134732,228348,235112,161219,-10205,129367,266983,-8388607,0,2668,2666,2662,757,2475,-10110976,1,1,14,1,287,0,0,0,1
443352707,333198,343671,943152,904847,899266,796202,329633,391122,629252,724344,364391,372555,225124,149845,201631,194925,134670,228199,235185,161319,-9998,129632,267073,-8388607,0,2661,2667,2659,756,2479,-10110976,1,1,14,1,287,0,0,0,1
443352708,332411,342705,944634,906523,898393,795320,330066,391355,628706,724552,364989,373541,223895,148419,201182,194306,134969,228415,235077,161277,-10482,129235,266965,-8388607,0,2661,2662,2664,753,2479,-10110976,1,1,14,1,287,0,0,0,1
443352709,331251,341975,945933,908118,898113,793908,330747,391948,628268,724517,365887,375029,224014,148435,201022,194262,135140,228389,235302,161080,-10679,128798,267036,-8388607,0,2663,2662,2663,756,2478,-10110976,1,1,14,1,287,0,0,0,1
443352710,330046,341244,946678,909462,897527,792016,331661,392689,627431,724207,366509,375837,223675,148148,200710,194147,135014,228292,235082,160964,-10628,128782,267067,-8388607,0,2661,2667,2659,759,2480,-10110976,1,1,14,1,287,0,0,0,1
443352711,328896,340840,947004,910013,897284,790403,333070,393595,626628,724060,367022,376343,223495,147894,200528,193984,134793,228154,235104,161008,-10681,128873,267142,-8388607,0,2659,2665,2666,755,2480,-10110976,1,1,14,1,287,0,0,0,1
443352712,327727,340164,946909,910274,897352,788796,334234,394276,626119,723692,367085,376597,223411,147812,200606,193765,134510,228015,234874,160816,-10815,128865,267047,-8388607,0,2667,2661,2665,751,2475,-10110976,1,1,14,1,287,0,0,0,1
443352713,326885,339477,946816,910217,897444,787481,335135,394904,625213,723275,367098,376709,223567,148054,200484,193646,134216,227993,234711,160779,-10734,128957,267026,-8388607,0,2661,2659,2664,759,2471,-10110976,1,1,14,1,287,0,0,0,1
443352714,326178,338743,946884,910499,897583,785928,335607,395064,624310,722745,367293,377105,223440,148121,200585,193934,134077,227961,234616,160841,-10660,129023,267133,-8388607,0,2661,2668,2661,752,2484,-10110976,1,1,14,1,287,0,0,0,1
443352715,325408,337555,947252,910695,897378,784363,336199,395169,623571,722228,367625,377682,223507,148094,200767,194152,134059,227930,234600,160951,-10726,128981,267109,-8388607,0,2661,2664,2666,754,2479,-10110976,1,1,14,1,287,0,0,0,1
443352716,324822,336442,947648,910919,896701,782643,337074,395490,622252,721157,368117,378499,223554,148326,200639,194292,133953,227766,234494,160857,-10555,129000,267059,-8388607,0,2668,2666,2663,757,2475,-10110976,1,1,14,1,287,0,0,0,1
443352717,324101,335234,947883,910459,895489,780972,338164,396398,620897,719835,368866,379457,223859,148599,201246,194456,134191,227881,234651,160777,-10749,128736,267096,-8388607,0,2664,2668,2663,754,2480,-10110976,1,1,14,1,287,0,0,0,1
443352718,323334,334041,947587,909507,893944,779550,339286,397399,619610,718507,369588,380144,224033,148734,201295,194645,134273,227830,234668,160916,-10770,128726,267214,-8388607,0,2663,2663,2663,748,2484,-10110976,1,1,14,1,287,0,0,0,1
443352719,322556,332890,946998,908572,892399,777954,340502,398388,618438,717013,370030,380307,224212,148818,201419,194579,134455,227945,234836,161016,-10403,128895,267191,-8388607,0,2663,2664,2662,755,2475,-10110976,1,1,14,1,287,0,0,0,1
443352720,321763,331749,946232,907468,890868,776911,341259,399175,617351,715979,370383,380786,224446,148903,201568,194650,134544,227924,235206,161154,-10405,129106,267130,-8388607,0,2661,2667,2657,753,2477,-10110976,1,1,14,1,287,0,0,0,1
443352721,320941,330737,945613,906655,889180,775843,341334,399287,616536,714693,370248,380973,224451,148791,201393,194505,134888,228113,235176,161057,-10256,129212,267176,-8388607,0,2662,2666,2665,751,2482,-10110976,1,1,14,1,287,0,0,0,1
443352722,319897,329626,945040,906031,887315,774578,341055,399236,615153,713572,370547,381177,224373,148764,201255,194411,134905,228485,235248,161236,-10395,128980,267305,-8388607,0,2667,2661,2668,754,2477,-10110976,1,1,14,1,287,0,0,0,1
443352723,318890,328607,944869,905748,885144,773087,340818,399092,613928,712028,370903,381431,224198,148685,201078,194156,134999,228329,235190,161334,-10677,128892,267233,-8388607,0,2664,2666,2663,759,2478,-10110976,1,1,14,1,287,0,0,0,1
443352724,317744,327266,944642,905662,883036,771612,341179,399602,612526,710506,370979,381990,223960,148324,200824,194270,134898,228452,235285,161343,-10649,128772,267296,-8388607,0,2658,2661,2665,754,2481,-10110976,1,1,14,1,287,0,0,0,1
443352725,316711,326249,944407,905553,881194,770110,342408,400558,611129,709065,371353,382724,223966,148284,200815,194225,134830,228322,235172,161346,-10601,128701,267250,-8388607,0,2662,2663,2665,752,2476,-10110976,1,1,14,1,287,0,0,0,1
443352726,315738,325172,943890,905375,879825,768680,343335,401495,610110,707590,371792,383215,223427,148029,200813,194355,134665,228432,235141,161130,-10694,128698,267375,-8388607,0,2661,2665,2663,760,2475,-10110976,1,1,14,1,287,0,0,0,1
443352727,314852,324272,943959,905522,878799,767865,344062,402352,609149,706191,372221,383746,223521,147932,200797,194115,134592,228177,234939,160987,-10639,128761,267317,-8388607,0,2664,2668,2662,754,2479,-10110976,1,1,14,1,287,0,0,0,1
443352728,314064,323354,944206,906056,878181,767433,344587,402741,608756,705403,372596,384126,223301,147819,200815,193889,134454,227918,234549,160868,-10601,128626,267245,-8388607,0,2663,2664,2662,750,2479,-10110976,1,1,14,1,287,0,0,0,1
443352729,313121,322645,944511,906796,877874,767189,344718,403234,608635,705124,373271,384753,223483,147981,200901,193919,134356,227894,234636,160969,-10510,128687,267324,-8388607,0,2663,2664,2659,757,2477,-10110976,1,1,14,1,287,0,0,0,1
443352730,312232,322369,945205,907831,877738,766987,344862,403708,608615,704194,373960,384946,223499,147961,200814,194000,134183,227903,234478,160616,-10646,128630,267372,-8388607,0,2659,2669,2661,755,2479,-10110976,1,1,14,1,287,0,0,0,1
443352731,311584,321712,945762,908608,877514,766606,345740,404556,608232,703252,374576,385566,223599,147910,200878,194012,134264,227791,234342,160655,-10809,128621,267354,-8388607,0,2663,2666,2662,750,2484,-10110976,1,1,14,1,287,0,0,0,1
443352732,310772,321460,946031,909379,877126,765898,347319,405761,607738,702249,375386,386378,224011,148345,200799,194101,134333,227844,234687,161019,-10425,128873,267452,-8388607,0,2665,2662,2664,756,2476,-10110976,1,1,14,1,287,0,0,0,1
443352733,310225,321215,946818,910044,876426,764740,348789,407253,607127,701081,375957,386938,223819,148354,201064,194319,134350,227895,234869,160835,-10508,128999,267347,-8388607,0,2662,2667,2664,758,2477,-10110976,1,1,14,1,287,0,0,0,1
443352734,309376,320785,947463,910779,875698,763767,349719,408453,606458,700151,376776,387611,224131,148624,201164,194534,134359,227869,234910,161057,-10569,129049,267395,-8388607,0,2662,2665,2661,749,2484,-10110976,1,1,14,1,287,0,0,0,1
443352735,308496,320381,948434,911458,874943,762361,350149,408881,605936,699024,377092,387933,224026,148606,201242,194493,134539,227830,235019,161013,-10688,128936,267384,-8388607,0,2663,2663,2666,757,2477,-10110976,1,1,14,1,287,0,0,0,1
443352736,307909,319895,949662,911943,873729,761100,350154,408802,605569,698252,377830,388069,224180,148837,201205,194549,134585,228120,235002,161058,-10658,128971,267414,-8388607,0,2665,2665,2664,761,2471,-10110976,1,1,14,1,287,0,0,0,1
443352737,307384,319266,950369,912543,872921,759792,350106,408515,605743,697928,378222,388626,224082,148712,201091,194646,134603,228266,234955,161104,-10572,128922,267463,-8388607,0,2661,2664,2664,755,2481,-10110976,1,1,14,1,287,0,0,0,1
443352738,306504,318504,951039,912893,871744,758235,350487,408503,605753,697341,378984,388977,224091,148666,201282,194490,134671,228531,235123,161157,-10457,129026,267573,-8388607,0,2673,2668,2666,753,2477,-10110976,1,1,14,1,287,0,0,0,1
443352739,305510,317771,951159,912688,870291,756568,351439,408842,605535,696623,379677,389240,224056,148685,201120,194173,134713,228295,235044,160955,-10542,129032,267538,-8388607,0,2668,2662,2662,757,2475,-10110976,1,1,14,1,287,0,0,0,1
443352740,304732,316935,951255,912623,868831,754735,352493,409727,605280,696387,380596,389918,223938,148446,201078,194031,134734,228326,234840,161109,-10510,129125,267509,-8388607,0,2660,2668,2662,757,2479,-10110976,1,1,14,1,287,0,0,0,1
443352741,303748,315964,951233,912823,867105,753252,353632,410680,604955,695678,381518,390798,223715,148356,200867,193923,134638,228211,234857,160924,-10495,128976,267500,-8388607,0,2661,2662,2664,751,2479,-10110976,1,1,14,1,287,0,0,0,1
443352742,302678,314951,951383,913303,865583,751598,354211,411492,605107,695557,382417,391496,223673,148074,200833,194171,134543,228154,234771,160822,-10493,128964,267370,-8388607,0,2668,2664,2662,757,2477,-10110976,1,1,14,1,287,0,0,0,1
443352743,301456,314034,951629,913779,864231,750257,354438,411682,605312,695550,383142,392349,223513,148069,200614,193723,134258,228188,234617,160804,-10879,128505,267489,-8388607,0,2663,2664,2658,757,2479,-10110976,1,1,14,1,287,0,0,0,1
443352744,300627,313156,951890,914089,863316,749051,354831,411905,606328,695994,384227,393469,223481,148262,200960,194067,134316,228181,234750,160865,-10927,128542,267528,-8388607,0,2662,2663,2664,754,2482,-10110976,1,1,14,1,287,0,0,0,1
443352745,299730,312238,951744,914332,862606,747576,355548,412305,606879,696235,385265,394240,223519,148151,201135,194145,134457,227966,234639,161080,-11060,128688,267586,-8388607,0,2663,2663,2665,754,2478,-10110976,1,1,14,1,287,0,0,0,1
443352746,299191,311360,951553,913931,861591,746168,356569,413054,607352,696428,385972,394972,223719,148210,201014,194318,134561,228219,234773,161083,-10910,128750,267548,-8388607,0,2658,2665,2662,758,2478,-10110976,1,1,14,1,287,0,0,0,1
443352747,298538,310372,951215,913306,860253,744475,357386,414109,607882,696362,386945,395791,223877,148109,201044,194378,134545,228086,234751,160958,-10664,128948,267559,-8388607,0,2658,2661,2666,753,2482,-10110976,1,1,14,1,287,0,0,0,1
443352748,298052,309471,950954,912542,858385,742988,358150,414979,608047,695994,388075,396915,223958,148607,201169,194431,134625,228057,234979,161070,-10658,128936,267583,-8388607,0,2666,2664,2664,756,2478,-10110976,1,1,14,1,287,0,0,0,1
443352749,297739,308526,951087,912227,856494,741029,358344,415602,607838,696252,389086,397945,224023,148766,201398,194539,134718,228201,235283,161345,-10683,128881,267626,-8388607,0,2665,2667,2660,758,2475,-10110976,1,1,14,1,287,0,0,0,1
443352750,297256,307291,951047,911764,854803,739080,358243,415280,607865,696375,390053,399073,224469,148817,201193,194316,134645,228229,235249,161291,-10461,129029,267620,-8388607,0,2660,2670,2659,754,2480,-10110976,1,1,14,1,287,0,0,0,1
443352751,296638,306103,950872,912023,853535,737529,358159,415370,608060,697171,390786,400486,224251,148540,201085,194411,134818,228431,235280,161346,-10215,128876,267491,-8388607,0,2661,2660,2662,751,2477,-10110976,1,1,14,1,287,0,0,0,1
443352752,295673,305172,950911,911934,852512,735910,358303,415266,608585,698102,391454,401498,224192,148538,200958,194373,134680,228303,235284,161300,-10354,128769,267693,-8388607,0,2663,2664,2659,756,2475,-10110976,1,1,14,1,287,0,0,0,1
443352753,294699,304238,951079,912018,851442,734758,358793,415482,608757,698830,392249,402576,224294,148473,201074,194396,134732,228394,235138,161188,-10576,128837,267730,-8388607,0,2663,2669,2659,753,2477,-10110976,1,1,14,1,287,0,0,0,1
443352754,293766,303458,951208,912288,850567,733652,359511,416303,608993,699158,392935,403384,223862,148280,201107,194297,134755,228224,235105,161018,-10630,128698,267714,-8388607,0,2666,2664,2667,751,2484,-10110976,1,1,14,1,287,0,0,0,1
443352755,292893,302506,951266,912492,849421,732410,360293,416864,609142,698986,394136,404284,223726,148109,200988,194112,134474,228036,234695,160854,-10550,128644,267688,-8388607,0,2666,2663,2664,756,2476,-10110976,1,1,14,1,287,0,0,0,1
443352756,291963,301706,951285,912946,848386,731508,361088,417648,608704,698753,395474,405515,223582,148012,200792,194342,134532,227989,234610,160817,-10677,128639,267709,-8388607,0,2660,2665,2664,759,2479,-10110976,1,1,14,1,287,0,0,0,1
443352757,291190,300942,951340,913252,847610,731184,361641,418220,607900,698256,396353,406389,223373,147945,200762,194078,134373,227788,234370,160691,-10657,128553,267683,-8388607,0,2655,2664,2664,753,2482,-10110976,1,1,14,1,287,0,0,0,1
443352758,290480,300265,951920,913310,846939,731098,362290,419176,606920,697637,397064,407231,223531,147894,200695,193977,134033,227733,234390,160612,-10569,128663,267774,-8388607,0,2657,2657,2666,756,2476,-10110976,1,1,14,1,287,0,0,0,1
443352759,289958,299732,952374,913339,846396,731559,363350,420231,605878,697276,397134,407802,223777,148085,200649,194104,134264,227669,234481,160716,-10594,128895,267742,-8388607,0,2665,2664,2660,758,2475,-10110976,1,1,14,1,287,0,0,0,1
443352760,289328,299147,953040,913347,845987,731708,364373,421397,604554,696626,396962,408073,223784,148450,200828,194047,134347,227732,234689,160671,-10589,128888,267720,-8388607,0,2661,2664,2664,754,2481,-10110976,1,1,14,1,287,0,0,0,1
443352761,288822,298471,953962,913731,845318,731813,365427,422653,603123,695731,396319,408164,223957,148570,200905,194117,134432,227836,234687,161083,-10394,129062,267799,-8388607,0,2664,2661,2666,751,2477,-10110976,1,1,14,1,287,0,0,0,1
443352762,288159,297853,955111,914306,844350,731321,366231,423791,601577,694288,396290,408284,224121,148695,201006,194518,134272,227921,234885,161148,-10506,128872,267815,-8388607,0,2661,2664,2662,758,2475,-10110976,1,1,14,1,287,0,0,0,1
443352763,287485,297208,956071,914829,843353,730865,366970,424607,600079,692660,396422,408435,224163,148742,201006,194535,134468,228140,235012,161230,-10503,128961,267861,-8388607,0,2660,2668,2662,756,2479,-10110976,1,1,14,1,287,0,0,0,1
443352764,286718,296651,956711,915331,842281,730100,367586,425064,598276,690785,396630,408915,224244,148775,201128,194490,134555,228188,235103,161210,-10597,128828,267805,-8388607,0,2659,2661,2663,750,2477,-10110976,1,1,14,1,287,0,0,0,1
443352765,286008,296137,957269,915996,841308,729377,367997,425778,597086,689168,397227,409474,224396,148707,201434,194653,134665,228297,235216,161368,-10693,128968,267973,-8388607,0,2666,2663,2662,755,2477,-10110976,1,1,14,1,287,0,0,0,1
443352766,285162,295898,957895,916726,840511,728835,368609,426611,595981,687750,397644,409761,224115,148634,201387,194673,134798,228423,235159,161522,-10453,129051,267957,-8388607,0,2662,2663,2657,755,2477,-10110976,1,1,14,1,287,0,0,0,1
443352767,284649,295361,958406,917544,839665,727989,369460,427548,594914,686820,398090,410446,224129,148637,201194,194379,134813,228472,235168,161365,-10298,129234,267887,-8388607,0,2655,2665,2664,752,2484,-10110976,1,1,14,1,287,0,0,0,1
443352768,283832,294749,958619,918483,838661,727079,370152,428347,594233,685740,398096,410762,224001,148456,200950,194431,134816,228566,235153,161157,-10255,129027,267899,-8388607,0,2663,2662,2661,756,2478,-10110976,1,1,14,1,287,0,0,0,1
443352769,283108,294005,959127,919366,837576,725865,370771,429078,593133,684564,397996,411080,223993,148467,200924,194151,134806,228526,235079,161046,-10364,129019,267954,-8388607,0,2666,2666,2662,760,2476,-10110976,1,1,14,1,287,0,0,0,1
443352770,282182,293132,959620,920261,836328,724431,371364,429638,592124,683282,398506,411283,223849,148221,200808,194019,134640,228157,234926,160893,-10544,129018,267916,-8388607,0,2661,2672,2669,754,2482,-10110976,1,1,14,1,287,0,0,0,1
443352771,281329,292171,959819,921033,835495,722936,372040,429755,591125,681731,399179,411491,223626,148270,200809,194041,134396,228051,234767,160869,-10644,128888,267881,-8388607,0,2661,2664,2666,752,2477,-10110976,1,1,14,1,287,0,0,0,1
443352772,280585,291328,960106,921623,834146,721353,372866,430188,589903,679799,399815,411639,223751,148104,200917,194033,134518,228119,234770,160774,-10519,128832,267902,-8388607,0,2659,2661,2662,758,2473,-10110976,1,1,14,1,287,0,0,0,1
443352773,279811,290482,960053,922278,833011,719694,373584,430797,588868,677914,400556,411833,223939,148170,201057,193997,134308,227998,234708,160807,-10473,128863,267801,-8388607,0,2661,2666,2662,754,2479,-10110976,1,1,14,1,287,0,0,0,1
443352774,278852,289416,960092,922734,831778,717919,374027,431400,587952,676074,400790,411818,223818,148205,200970,194131,134127,227790,234625,160773,-10534,128879,267880,-8388607,0,2665,2662,2662,751,2477,-10110976,1,1,14,1,287,0,0,0,1
443352775,278003,288664,960504,923459,830738,716243,374708,431602,587410,674760,400757,411750,224029,148389,201171,194253,134401,227810,234651,160796,-10536,128862,267820,-8388607,0,2666,2663,2661,756,2476,-10110976,1,1,14,1,287,0,0,0,1
443352776,277353,287800,960601,924088,829779,714321,375175,431951,586669,673580,401023,411715,224103,148440,201092,194345,134345,227942,234862,161018,-10578,128887,267967,-8388607,0,2663,2667,2657,759,2480,-10110976,1,1,14,1,287,0,0,0,1
443352777,276333,286760,960847,924843,828642,712443,375648,431881,586436,672565,401308,411707,224229,148505,201141,194483,134417,228033,234645,160997,-10659,128714,267873,-8388607,0,2659,2659,2667,756,2481,-10110976,1,1,14,1,287,0,0,0,1
443352778,275432,285713,960989,925593,828032,710290,376423,431795,586466,671940,401990,412516,224171,148869,201202,194593,134487,228099,235013,161190,-10674,128885,267948,-8388607,0,2663,2662,2662,756,2476,-10110976,1,1,14,1,287,0,0,0,1
443352779,274542,284776,961180,926109,826989,708377,377167,432210,586190,671158,403100,413045,224154,148614,201127,194637,134668,228297,235145,161182,-10541,128788,267969,-8388607,0,2662,2668,2659,757,2477,-10110976,1,1,14,1,287,0,0,0,1
443352780,273680,283798,961606,926547,826294,707030,378124,432839,586201,670101,404217,414005,223950,148510,201111,194269,134710,228214,235163,161302,-10587,128934,267936,-8388607,0,2662,2665,2666,756,2481,-10110976,1,1,14,1,287,0,0,0,1
443352781,272883,283091,962308,927257,825656,705976,379151,433710,586687,669930,405678,415018,223996,148608,201121,194170,134896,228324,235327,161347,-10689,128856,268028,-8388607,0,2665,2659,2666,752,2477,-10110976,1,1,14,1,287,0,0,0,1
443352782,272242,282330,962743,927937,825124,705231,379698,434685,587211,669695,406624,415848,223847,148342,201011,194246,134828,228189,235188,161245,-10583,128839,268015,-8388607,0,2661,2665,2662,758,2474,-10110976,1,1,14,1,287,0,0,0,1
443352783,271602,281521,963172,928235,824767,704779,380707,435497,587975,669666,407761,416558,223824,148284,201036,194363,134729,228387,235125,161194,-10621,128805,267973,-8388607,0,2657,2666,2662,754,2482,-10110976,1,1,14,1,287,0,0,0,1
443352784,270852,280981,963516,928655,824360,704389,381449,436026,588160,669937,408604,417232,223830,148099,200887,194291,134605,228355,234978,160819,-10432,128951,267970,-8388607,0,2664,2668,2666,751,2476,-10110976,1,1,14,1,287,0,0,0,1
443352785,270208,280140,963661,928727,824097,703697,382165,436679,588684,670267,409230,418183,223643,148078,200969,194155,134585,228109,234747,160893,-10435,128927,267993,-8388607,0,2668,2664,2662,757,2475,-10110976,1,1,14,1,287,0,0,0,1
443352786,269349,279604,964152,929262,823705,702893,383016,437429,588619,670606,410118,419304,223766,148194,200729,194084,134514,227981,234564,160727,-10296,129227,268024,-8388607,0,2662,2668,2659,753,2479,-10110976,1,1,14,1,287,0,0,0,1
443352787,268494,278962,965420,930159,823034,702313,384001,438436,588368,670635,411153,420637,223830,148463,200903,194247,134487,227893,234651,160679,-10298,129211,268052,-8388607,0,2661,2663,2663,751,2482,-10110976,1,1,14,1,287,0,0,0,1
443352788,267508,278342,966963,931151,822178,701887,384941,439265,588304,670856,412150,421774,224025,148477,200810,194274,134439,227943,234612,160740,-10600,129078,268127,-8388607,0,2663,2662,2662,755,2476,-10110976,1,1,14,1,287,0,0,0,1
443352789,266746,277765,968637,932678,821004,701490,385432,440356,587665,670754,412684,422493,223960,148278,200826,194367,134215,227751,234573,160836,-10792,128948,268116,-8388607,0,2661,2674,2657,760,2479,-10110976,1,1,14,1,287,0,0,0,1
443352790,265867,277110,970210,933903,819969,701131,385789,441076,587944,670960,413358,423455,223916,148664,201056,194380,134419,227809,234663,160949,-11166,128592,268131,-8388607,0,2664,2666,2664,754,2481,-10110976,1,1,14,1,287,0,0,0,1
443352791,265233,276374,971494,934962,818779,700910,385985,441820,588109,671395,413926,424262,224096,148591,201220,194372,134326,227857,234753,161012,-10886,128762,268043,-8388607,0,2672,2663,2663,756,2477,-10110976,1,1,14,1,287,0,0,0,1
443352792,264735,275952,972219,935748,817471,700810,385856,442831,588254,671647,414944,425027,224255,148822,201317,194513,134353,228047,234773,161085,-10656,128864,268149,-8388607,0,2661,2665,2664,760,2480,-10110976,1,1,14,1,287,0,0,0,1
443352793,264074,275533,972842,936311,816079,700655,386281,443714,588202,672044,415696,426219,224307,148572,201304,194504,134467,228095,234990,161194,-10590,129078,268177,-8388607,0,2658,2667,2665,755,2481,-10110976,1,1,14,1,287,0,0,0,1
443352794,263447,275017,973586,937203,814990,700257,386802,444666,587932,672025,416422,427172,224171,148571,201081,194484,134437,228255,235069,161080,-10334,129130,268183,-8388607,0,2659,2659,2666,756,2477,-10110976,1,1,14,1,287,0,0,0,1
443352795,262813,274530,974505,938811,813854,699526,387671,445646,587226,672124,417084,428560,223831,148401,201107,194233,134675,228327,235091,161058,-10445,129151,268200,-8388607,0,2665,2667,2661,757,2474,-10110976,1,1,14,1,287,0,0,0,1
443352796,261956,273871,975619,940779,813074,699206,388555,446870,586803,672414,417686,429739,223783,148385,201069,194175,134634,228461,234985,161097,-10490,129168,268151,-8388607,0,2669,2665,2664,756,2477,-10110976,1,1,14,1,287,0,0,0,1
443352797,261185,273247,976790,942956,812720,698718,389721,447721,586601,672123,418590,430617,223842,148347,200965,194158,134869,228383,235321,161139,-10585,129020,268198,-8388607,0,2668,2663,2668,752,2477,-10110976,1,1,14,1,287,0,0,0,1
443352798,260048,272636,977773,944561,812698,698270,390860,448470,586256,672102,419374,431480,223955,148406,201027,194307,135021,228381,235307,161124,-10752,128724,268239,-8388607,0,2666,2663,2663,755,2475,-10110976,1,1,14,1,287,0,0,0,1
443352799,259246,271916,978236,945658,812613,697852,391524,449234,585759,671359,420047,431984,223886,147918,200835,194093,134865,228275,235056,161032,-10992,128720,268260,-8388607,0,2660,2668,2659,755,2480,-10110976,1,1,14,1,287,0,0,0,1
443352800,258417,271397,978804,946471,813013,697447,392749,450038,585403,670971,420326,432516,223814,148013,200710,193907,134841,228161,235059,160919,-10966,128958,268256,-8388607,0,2664,2666,2666,752,2484,-10110976,1,1,14,1,287,0,0,0,1
443352801,257739,270583,979312,947109,813836,697061,394249,450703,584524,670248,420887,432858,223737,148204,200718,194049,134635,228069,234790,160886,-10632,129057,268291,-8388607,0,2668,2662,2664,757,2476,-10110976,1,1,14,1,287,0,0,0,1
443352802,257257,269731,979880,947361,814659,696485,395487,451403,583323,669310,421147,433505,223779,148337,200853,193967,134484,227900,234697,161055,-10473,129071,268105,-8388607,0,2661,2664,2660,758,2479,-10110976,1,1,14,1,287,0,0,0,1
443352803,256823,268675,980783,947928,814873,695706,397080,452088,581980,668032,421232,434011,223702,148244,200739,194063,134413,227794,234643,160989,-10484,129045,268190,-8388607,0,2657,2665,2664,754,2482,-10110976,1,1,14,1,287,0,0,0,1
443352804,256171,267774,981524,948380,814953,695120,398524,452769,580542,666643,421558,434297,223866,148322,200846,194255,134308,227934,234665,160870,-10412,128956,268288,-8388607,0,2661,2659,2664,751,2478,-10110976,1,1,14,1,287,0,0,0,1
443352805,255533,266696,982467,948620,814598,694701,399384,453927,579229,665052,421801,434438,223938,148650,201109,194539,134268,227920,234683,160873,-10346,129068,268347,-8388607,0,2658,2661,2662,757,2475,-10110976,1,1,14,1,287,0,0,0,1
443352806,254794,265613,983109,948807,814186,693969,400165,454971,577942,663118,421788,434428,224105,148489,201149,194468,134319,227839,234730,160832,-10734,129124,268391,-8388607,0,2661,2666,2666,755,2479,-10110976,1,1,14,1,287,0,0,0,1
443352807,253880,264603,983542,949045,813869,693316,400828,455789,576740,661512,421958,434324,224063,148711,201128,194454,134423,228000,234772,161042,-10781,128952,268218,-8388607,0,2668,2663,2666,756,2478,-10110976,1,1,14,1,287,0,0,0,1
443352808,253066,263675,984138,949206,813492,692411,401804,456336,575334,659627,422043,434383,223927,148521,201075,194543,134401,227893,234915,160806,-10644,128868,268196,-8388607,0,2664,2663,2663,755,2476,-10110976,1,1,14,1,287,0,0,0,1
443352809,252248,263121,984779,949711,812867,691633,402255,456693,573890,657992,421994,434417,223967,148634,200677,194170,134313,227835,234854,160988,-10608,128867,268265,-8388607,0,2661,2668,2662,756,2479,-10110976,1,1,14,1,287,0,0,0,1
443352810,251542,262373,985503,950463,812098,690477,402719,457248,572764,656753,422204,434793,223860,148393,200772,194327,134405,227935,235021,161025,-10670,128908,268176,-8388607,0,2662,2666,2659,751,2479,-10110976,1,1,14,1,287,0,0,0,1
443352811,250961,261802,986272,950800,811009,689215,403234,457464,571468,655222,422647,435541,223759,148556,200913,194187,134530,228021,234934,161096,-10657,129031,268317,-8388607,0,2666,2659,2660,756,2476,-10110976,1,1,14,1,287,0,0,0,1
443352812,250224,261208,986691,951282,809527,688339,403493,458433,570810,654170,423310,436112,223630,148435,200948,194210,134379,228035,234856,161104,-10628,129005,268341,-8388607,0,2660,2668,2658,757,2477,-10110976,1,1,14,1,287,0,0,0,1
443352813,249639,260342,987084,951979,808192,687657,404012,459343,570050,652869,424126,436859,223606,148035,200923,194303,134448,228147,234732,161024,-10513,129076,268266,-8388607,0,2659,2664,2665,756,2480,-10110976,1,1,14,1,287,0,0,0,1
443352814,248917,259443,988036,953168,807431,687178,404928,459976,569650,651589,424734,437314,223646,148050,200740,194243,134607,228163,234648,160941,-10285,129298,268405,-8388607,0,2659,2661,2666,756,2477,-10110976,1,1,14,1,287,0,0,0,1
443352815,248216,258598,989408,954731,806916,687063,405827,460530,569425,650650,425263,437368,223535,148023,200890,194188,134611,228093,234651,160880,-10311,129314,268159,-8388607,0,2658,2665,2664,760,2477,-10110976,1,1,14,1,287,0,0,0,1
443352816,247444,257964,991160,956951,806710,687041,406438,461456,568877,649628,425748,437690,223674,148149,201039,194240,134639,228186,234598,160883,-10513,129088,268249,-8388607,0,2661,2664,2662,755,2482,-10110976,1,1,14,1,287,0,0,0,1
443352817,246441,257452,992843,959403,806318,687105,407215,462318,568248,648536,426275,437813,223930,148387,201106,194234,134701,227887,234818,160969,-10669,128850,268351,-8388607,0,2667,2664,2668,755,2478,-10110976,1,1,14,1,287,0,0,0,1
443352818,245509,257038,994469,961836,805732,686798,408192,463147,567349,647239,426748,438007,224016,148460,201167,194425,134565,227955,234722,160835,-10815,128581,268211,-8388607,0,2664,2667,2664,759,2473,-10110976,1,1,14,1,287,0,0,0,1
443352819,244866,256782,995550,964042,805123,686165,408845,464144,566131,645788,427040,438412,224187,148691,201026,194578,134632,228029,235000,161180,-10753,128814,268245,-8388607,0,2664,2668,2662,754,2480,-10110976,1,1,14,1,287,0,0,0,1
443352820,243955,256365,996068,965486,804344,685612,409634,465016,565108,644434,427490,438569,224092,148741,200961,194556,134576,228166,234983,161176,-10446,129059,268272,-8388607,0,2661,2662,2666,751,2479,-10110976,1,1,14,1,287,0,0,0,1
443352821,243460,256151,996958,967053,803704,684937,410598,465965,564353,643334,427865,438781,224421,148872,201382,194544,134576,228352,235090,161228,-10546,129090,268422,-8388607,0,2665,2664,2662,756,2475,-10110976,1,1,14,1,287,0,0,0,1
443352822,242790,255799,998027,968461,803585,684413,411408,466623,563574,642068,428172,439047,224145,148849,201401,194582,134588,228352,235073,161394,-10531,129411,268355,-8388607,0,2663,2666,2659,755,2479,-10110976,1,1,14,1,287,0,0,0,1
443352823,242156,255275,999799,970264,803323,683896,412088,467359,563335,641131,428683,439095,223771,148761,201344,194511,134629,228355,235149,161255,-10512,129338,268351,-8388607,0,2663,2661,2663,751,2481,-10110976,1,1,14,1,287,0,0,0,1
443352824,241472,254413,1001721,972157,802839,683457,412509,467740,562922,640361,429100,439233,223919,148369,201258,194544,134592,228382,235174,161145,-10545,129126,268427,-8388607,0,2664,2661,2664,756,2477,-10110976,1,1,14,1,287,0,0,0,1
443352825,241031,253337,1003564,973800,802409,682758,412982,468216,562793,640248,429726,439824,224131,148396,201163,194603,134810,228121,235174,161160,-10596,128909,268371,-8388607,0,2661,2666,2659,758,2479,-10110976,1,1,14,1,287,0,0,0,1
443352826,240109,252466,1005247,975268,802037,681715,413780,469100,562554,640234,430372,440778,223852,148336,201170,194192,134773,228071,235104,160831,-10668,128892,268406,-8388607,0,2658,2665,2664,753,2481,-10110976,1,1,14,1,287,0,0,0,1
443352827,239452,251687,1006771,976580,801722,680788,414993,470090,562387,640476,431667,442238,223669,148114,201141,194282,134657,228057,235070,160982,-10625,128926,268610,-8388607,0,2663,2663,2668,754,2477,-10110976,1,1,14,1,287,0,0,0,1
443352828,238607,250908,1007811,977273,801474,680018,416311,470812,562424,640746,432592,443398,223668,148064,200878,194228,134688,227933,234942,161109,-10572,129012,268563,-8388607,0,2665,2663,2662,760,2477,-10110976,1,1,14,1,287,0,0,0,1
443352829,238014,250149,1009045,978154,801602,679764,417697,471746,562225,641192,433564,444628,223681,148064,200873,194001,134517,228016,235034,161021,-10723,129129,268545,-8388607,0,2657,2667,2663,755,2479,-10110976,1,1,14,1,287,0,0,0,1
443352830,237195,249620,1010410,979079,801499,679648,418735,472736,562321,641716,434311,445965,223983,148717,201021,194076,134594,228086,235072,161159,-10679,129066,268494,-8388607,0,2661,2665,2666,753,2478,-10110976,1,1,14,1,287,0,0,0,1
443352831,236647,248883,1011702,980236,801330,678986,419466,473518,562592,641902,435226,446633,223728,147991,200747,194269,134477,228091,234594,160983,-10646,128899,268434,-8388607,0,2661,2666,2661,758,2471,-10110976,1,1,14,1,287,0,0,0,1
443352832,236164,248180,1012936,981384,800771,678470,420055,474095,562628,642204,435933,447604,223795,148125,201014,194377,134357,228155,234846,160979,-10718,128842,268470,-8388607,0,2666,2669,2662,755,2479,-10110976,1,1,14,1,287,0,0,0,1
443352833,235717,247394,1013993,982365,799934,677489,420897,474843,562609,641933,436706,448626,223790,148374,201012,194244,134412,227941,234752,160925,-10559,128936,268485,-8388607,0,2662,2663,2666,751,2477,-10110976,1,1,14,1,287,0,0,0,1
443352834,234951,246395,1014732,982936,799222,676746,421820,475744,562415,642074,437749,449513,223811,148417,201046,194275,134426,227966,234812,161052,-10644,129023,268637,-8388607,0,2668,2663,2663,757,2477,-10110976,1,1,14,1,287,0,0,0,1
443352835,234190,245467,1015335,983558,798312,676160,422832,476399,562141,642023,438615,450690,224067,148272,201099,194657,134291,227987,234914,160987,-10718,129126,268504,-8388607,0,2661,2669,2659,756,2480,-10110976,1,1,14,1,287,0,0,0,1
443352836,233714,244492,1016299,984627,797559,675477,423833,477585,561663,642039,439100,452024,224109,148579,201143,194501,134468,228118,235096,160995,-10587,129318,268548,-8388607,0,2659,2662,2664,753,2482,-10110976,1,1,14,1,287,0,0,0,1
443352837,233144,243596,1017014,985691,796674,675073,424435,478485,561218,642181,439709,453120,224258,148496,201431,194417,134515,228209,235022,161051,-10458,129212,268446,-8388607,0,2659,2663,2664,756,2477,-10110976,1,1,14,1,287,0,0,0,1
443352838,232403,242790,1017480,986978,796068,674520,424838,479127,560790,642404,440443,454311,223860,148317,201143,194087,134545,228259,235066,161078,-10668,129044,268653,-8388607,0,2664,2665,2661,755,2479,-10110976,1,1,14,1,287,0,0,0,1
443352839,231703,241903,1017525,987780,795822,674118,425457,479268,560638,642561,441322,455428,223891,148495,201013,194463,134482,228116,234984,160936,-10585,128859,268484,-8388607,0,2662,2665,2661,751,2486,-10110976,1,1,14,1,287,0,0,0,1
443352840,230828,241224,1017508,988591,795727,673552,426294,480006,560714,642315,442148,456356,223742,148419,200980,194125,134572,228157,234899,160994,-10590,128819,268639,-8388607,0,2663,2663,2668,755,2477,-10110976,1,1,14,1,287,0,0,0,1
443352841,229994,240337,1017364,989378,795720,673002,427574,480856,560789,641813,443078,457205,223834,148540,200873,194315,134343,228051,234839,160938,-10404,129191,268585,-8388607,0,2661,2666,2659,758,2478,-10110976,1,1,14,1,287,0,0,0,1
443352842,229012,239487,1017400,990250,795556,672512,428993,481663,560405,641210,444261,457626,223631,148151,200754,194158,134280,227903,234856,160951,-10462,129205,268533,-8388607,0,2661,2666,2658,754,2482,-10110976,1,1,14,1,287,0,0,0,1
443352843,227969,238336,1017955,991700,795529,672386,429996,482967,559703,640043,444834,457988,223655,148127,200846,194015,134372,228151,234677,160994,-10580,128857,268516,-8388607,0,2665,2664,2664,750,2479,-10110976,1,1,14,1,287,0,0,0,1
443352844,227181,237498,1019181,993266,795421,672506,430859,484316,558910,639226,445233,458469,223638,148111,200939,194123,134401,228224,234677,160796,-10873,128715,268562,-8388607,0,2668,2662,2662,755,2475,-10110976,1,1,14,1,287,0,0,0,1
443352845,226339,236757,1020670,994876,795022,672806,431784,485388,557631,637704,445121,458408,223523,147978,200843,194114,134344,228090,234628,160957,-10932,128509,268659,-8388607,0,2662,2663,2659,753,2479,-10110976,1,1,14,1,287,0,0,0,1
443352846,225722,236051,1021967,996184,794733,673208,432215,486299,556050,635995,444997,458629,223899,148257,200693,194216,134715,228018,234751,160680,-10881,128637,268493,-8388607,0,2659,2663,2666,752,2484,-10110976,1,1,14,1,287,0,0,0,1
443352847,225166,235486,1023083,996956,794363,673523,432931,487222,554342,634140,444557,458231,223939,148402,200950,194207,134383,227963,234759,160815,-10923,128739,268574,-8388607,0,2664,2661,2663,754,2477,-10110976,1,1,14,1,287,0,0,0,1
443352848,224661,235069,1024010,997309,794076,673540,434154,488463,552456,632219,444287,457962,224162,148783,201141,194348,134589,228038,234937,161027,-10821,128882,268689,-8388607,0,2662,2663,2662,759,2479,-10110976,1,1,14,1,287,0,0,0,1
443352849,224544,234653,1025312,998072,793592,673277,435083,489397,550764,630357,444187,457898,224304,148607,201272,194333,134642,228056,235150,161143,-10481,129205,268675,-8388607,0,2663,2664,2663,754,2482,-10110976,1,1,14,1,287,0,0,0,1
443352850,223966,234351,1026765,998931,792839,673227,435996,490726,549234,628506,443830,457704,224383,148712,201280,194504,134506,228173,235244,161167,-10228,129436,268689,-8388607,0,2663,2662,2665,756,2478,-10110976,1,1,14,1,287,0,0,0,1
443352851,223480,233628,1028496,999790,791885,673049,436895,491736,547686,626806,443872,457768,224284,148707,201093,194685,134583,228379,235352,161295,-10453,129225,268727,-8388607,0,2661,2665,2664,759,2478,-10110976,1,1,14,1,287,0,0,0,1
443352852,222807,233233,1030294,1000606,791116,672605,437736,492537,546601,625226,444276,457744,224201,148756,201324,194671,134664,228470,235315,161376,-10492,129054,268723,-8388607,0,2657,2664,2663,755,2481,-10110976,1,1,14,1,287,0,0,0,1
443352853,222071,232499,1031648,1001659,790103,672177,438069,493077,545998,624061,444474,457996,224184,148704,201443,194818,134696,228513,235008,161318,-10756,128944,268746,-8388607,0,2663,2665,2666,755,2477,-10110976,1,1,14,1,287,0,0,0,1
443352854,221367,231857,1032786,1002233,789565,671539,438879,493812,544841,622666,444732,458383,224002,148382,201208,194596,134565,228422,235148,161193,-10567,129182,268602,-8388607,0,2663,2663,2664,756,2471,-10110976,1,1,14,1,287,0,0,0,1
443352855,220308,231067,1033724,1002889,788765,671115,439677,494748,543895,621651,445186,458479,223997,148491,201055,194472,134617,228369,235132,161168,-10464,129310,268736,-8388607,0,2662,2668,2666,754,2477,-10110976,1,1,14,1,287,0,0,0,1
443352856,219620,230505,1034358,1003566,787921,670708,440619,495882,542759,620584,445578,458649,223802,148178,201006,194384,134597,228233,234891,161021,-10666,129058,268773,-8388607,0,2662,2665,2666,752,2477,-10110976,1,1,14,1,287,0,0,0,1
443352857,218780,229892,1034979,1004252,786805,669702,441450,497053,541655,619400,445792,459371,223741,148136,201022,194113,134701,227977,234707,160957,-10633,128943,268638,-8388607,0,2661,2659,2662,755,2476,-10110976,1,1,14,1,287,0,0,0,1
443352858,217866,228997,1035548,1005210,785658,668393,442254,497601,540578,617969,446211,459479,223699,148102,200912,193845,134576,227854,234888,161057,-10648,128943,268851,-8388607,0,2661,2666,2658,757,2479,-10110976,1,1,14,1,287,0,0,0,1
443352859,217209,228227,1036249,1006360,784425,666836,442987,497686,539831,616629,446679,459564,223564,147915,200900,193938,134685,227918,234978,160926,-10673,128936,268764,-8388607,0,2666,2664,2664,752,2484,-10110976,1,1,14,1,287,0,0,0,1
443352860,216419,227499,1036429,1007314,783449,665175,443606,498153,539103,615425,446718,459681,223836,148190,201057,194188,134370,228018,234855,161029,-10688,128929,268812,-8388607,0,2668,2662,2665,755,2477,-10110976,1,1,14,1,287,0,0,0,1
443352861,215534,226727,1036580,1008062,782191,663269,443941,498252,538280,614175,446868,459915,223664,148094,200994,194099,134549,228011,234683,160955,-10626,128948,268772,-8388607,0,2663,2667,2659,759,2475,-10110976,1,1,14,1,287,0,0,0,1
443352862,214765,226004,1036926,1009177,780965,661482,444541,498216,537566,613308,447338,459892,223789,148251,200886,194356,134297,227962,234605,160898,-10811,128988,268804,-8388607,0,2659,2672,2665,755,2477,-10110976,1,1,14,1,287,0,0,0,1
443352863,214042,225380,1037459,1010498,780165,659745,445195,498560,537072,612885,447894,460611,223789,148508,201106,194395,134436,228280,234843,161231,-10682,129060,268895,-8388607,0,2663,2664,2666,755,2478,-10110976,1,1,14,1,287,0,0,0,1
443352864,213320,224826,1038004,1011849,779240,658464,445582,498742,536906,612627,448457,461578,223990,148512,201201,194632,134439,228084,234733,161069,-10715,128912,268878,-8388607,0,2665,2664,2660,759,2475,-10110976,1,1,14,1,287,0,0,0,1
443352865,212454,224061,1038505,1013599,778753,656735,446349,498968,536831,612469,449387,462481,223926,148580,201240,194626,134553,228153,234899,160922,-10815,128971,268993,-8388607,0,2664,2673,2663,751,2484,-10110976,1,1,14,1,287,0,0,0,1
443352866,211820,223639,1039219,1015083,778499,655433,447169,499109,537193,612288,450547,463464,224327,148710,201137,194762,134667,228004,234982,161032,-10630,129090,268919,-8388607,0,2664,2663,2668,751,2479,-10110976,1,1,14,1,287,0,0,0,1
443352867,211169,222741,1039865,1016550,777738,654216,447808,499487,537659,612447,451632,464365,224406,148683,201189,194400,134460,227859,234960,160908,-10573,129090,268949,-8388607,0,2661,2665,2662,756,2475,-10110976,1,1,14,1,287,0,0,0,1
443352868,210256,221910,1040552,1018120,776939,653476,448647,500224,537896,612517,452825,465297,224053,148720,201216,194183,134379,227973,234838,161065,-10721,129154,268945,-8388607,0,2660,2668,2659,753,2479,-10110976,1,1,14,1,287,0,0,0,1
443352869,209554,221245,1041408,1019548,776181,652779,449742,501270,538069,613002,453911,466470,224147,148637,201204,194330,134597,228010,234992,161037,-10705,129055,269010,-8388607,0,2661,2664,2665,752,2479,-10110976,1,1,14,1,287,0,0,0,1
443352870,208846,220415,1042341,1021257,775644,652266,450687,502540,538146,612877,455024,467675,223907,148523,201057,194397,134691,228229,234974,161091,-10560,129041,269055,-8388607,0,2668,2662,2666,756,2478,-10110976,1,1,14,1,287,0,0,0,1
443352871,208165,219486,1043183,1022939,775215,651777,451781,503666,537830,612974,455625,468709,223878,148392,200892,194277,134677,228355,234925,161123,-10704,129163,269102,-8388607,0,2663,2668,2661,755,2480,-10110976,1,1,14,1,287,0,0,0,1
443352872,207498,218629,1044071,1024521,774776,651431,452979,504114,537148,612847,456211,469642,223728,148203,200864,194260,134614,228300,234775,161123,-10554,128928,268989,-8388607,0,2657,2663,2664,753,2482,-10110976,1,1,14,1,287,0,0,0,1
443352873,206649,217863,1045016,1025759,774051,650578,453596,504505,536579,612478,456852,470601,223586,148020,201029,193946,134581,228321,234847,161134,-10636,129057,268998,-8388607,0,2666,2662,2663,755,2477,-10110976,1,1,14,1,287,0,0,0,1
443352874,205914,217117,1045613,1026945,773117,650096,453940,505191,536167,612153,457264,471477,223513,148126,201088,194083,134739,228347,234908,161034,-10666,129004,269104,-8388607,0,2661,2666,2659,757,2478,-10110976,1,1,14,1,287,0,0,0,1
443352875,205015,216429,1046246,1027695,771684,649544,454362,506016,535621,611778,457964,472097,223680,148060,200856,194162,134622,228338,235021,161100,-10610,129109,269241,-8388607,0,2661,2669,2664,754,2481,-10110976,1,1,14,1,287,0,0,0,1
443352876,204062,215750,1046892,1028276,770192,649268,455011,507007,535285,611633,458577,472821,223769,148243,200946,194287,134750,228162,235066,161166,-10702,129053,269267,-8388607,0,2663,2665,2670,752,2477,-10110976,1,1,14,1,287,0,0,0,1
443352877,203156,214869,1047253,1028299,768850,649122,455830,508767,535206,611200,459243,473709,223922,148131,200907,194060,134654,227897,235118,161019,-10822,128883,269224,-8388607,0,2661,2661,2663,759,2473,-10110976,1,1,14,1,287,0,0,0,1
443352878,202471,214229,1047793,1028253,767976,648818,456564,510278,535185,610851,460163,474292,224003,148333,201072,194103,134617,228102,234887,160922,-10808,128927,269300,-8388607,0,2660,2666,2659,754,2480,-10110976,1,1,14,1,287,0,0,0,1
443352879,201742,213580,1048227,1027803,767368,648833,457513,511488,534848,610790,461252,475322,224132,148390,201298,194399,134671,228170,235000,160950,-10835,129196,269423,-8388607,0,2661,2662,2664,750,2480,-10110976,1,1,14,1,287,0,0,0,1
443352880,201078,212769,1048351,1027378,767065,648854,458138,512358,534566,610655,461811,476328,224262,148542,201283,194550,134594,228151,234860,160835,-10748,129109,269344,-8388607,0,2668,2663,2664,757,2476,-10110976,1,1,14,1,287,0,0,0,1
443352881,200227,211984,1048386,1026632,766520,648671,458462,513084,534395,610320,462350,477008,224362,148526,201145,194622,134298,227938,234822,160939,-10568,129156,269343,-8388607,0,2666,2667,2657,753,2485,-10110976,1,1,14,1,287,0,0,0,1
443352882,199610,211052,1048453,1025786,765683,648053,459128,513886,533958,609803,462966,477729,224169,148709,201292,194641,134273,228036,235008,161037,-10760,129004,269382,-8388607,0,2662,2663,2665,751,2484,-10110976,1,1,14,1,287,0,0,0,1
443352883,198850,210385,1048185,1025077,765377,647571,460095,514715,533609,609225,463782,478254,223955,148653,201332,194647,134190,227949,234999,161081,-10660,129083,269476,-8388607,0,2663,2663,2664,755,2478,-10110976,1,1,14,1,287,0,0,0,1
443352884,198030,209910,1047754,1024117,764949,646927,461383,515808,532914,608267,464101,478583,223813,148383,200935,194339,134151,227976,234744,161007,-10685,128939,269518,-8388607,0,2660,2663,2664,757,2477,-10110976,1,1,14,1,287,0,0,0,1
443352885,197299,209321,1047104,1022957,764849,646167,462582,516873,531983,607264,464849,479172,223635,148533,200944,194304,134257,227788,234642,160984,-10897,128800,269428,-8388607,0,2661,2664,2664,753,2482,-10110976,1,1,14,1,287,0,0,0,1
443352886,196564,209046,1046142,1021684,764817,645353,463753,517707,531033,606420,464978,479331,223533,148195,200710,194332,134421,227985,234786,160851,-10696,128962,269603,-8388607,0,2664,2661,2668,756,2476,-10110976,1,1,14,1,287,0,0,0,1
443352887,195817,208490,1045248,1020618,764305,644748,464664,518151,529585,605129,465001,479469,223585,148105,200614,194033,134468,228010,234747,160725,-10742,129085,269524,-8388607,0,2664,2661,2662,758,2477,-10110976,1,1,14,1,287,0,0,0,1
443352888,195187,208141,1044393,1019237,763770,644065,465091,518304,528367,603869,464672,479437,223694,148075,200721,193910,134428,227986,234701,160669,-10822,129078,269563,-8388607,0,2657,2668,2667,755,2482,-10110976,1,1,14,1,287,0,0,0,1
443352889,194699,207506,1043440,1018010,763039,643181,465511,518684,527019,602404,464857,479351,223548,147869,200744,193964,134594,227965,234633,160842,-10863,129203,269535,-8388607,0,2663,2661,2666,754,2477,-10110976,1,1,14,1,287,0,0,0,1
443352890,194248,206655,1042510,1017110,762263,642423,466746,519376,525863,601342,465230,479653,223696,148164,201007,193945,134591,227958,234821,161040,-10678,129141,269487,-8388607,0,2661,2666,2662,758,2475,-10110976,1,1,14,1,287,0,0,0,1
443352891,193746,205880,1041520,1015552,761177,642892,467811,520442,524785,599897,465633,480050,223716,148052,200841,194145,134663,228156,234842,160942,-10504,129116,269581,-8388607,0,2661,2668,2664,758,2479,-10110976,1,1,14,1,287,0,0,0,1
443352892,193248,204973,1040495,1012548,759651,645082,468906,521430,523994,598443,466442,480457,223924,148390,201003,194421,134540,228266,234815,161150,-10587,129025,269475,-8388607,0,2663,2664,2672,753,2477,-10110976,1,1,14,1,287,0,0,0,1
443352893,192284,204456,1038771,1006990,758394,650485,469462,521670,523312,597212,466915,480598,223922,148629,200832,194442,134515,228150,234962,161185,-11118,128561,269638,-8388607,0,2662,2660,2666,757,2478,-10110976,1,1,14,1,287,0,0,0,1
443352894,192100,204269,1035932,998639,757847,659298,468795,521302,522786,596311,467489,480891,224142,148714,201230,194708,134452,228233,235020,161107,-11294,128238,269611,-8388607,0,2661,2664,2659,756,2479,-10110976,1,1,14,1,287,0,0,0,1
443352895,192026,204562,1031281,988341,758723,670486,466623,520060,522062,595533,467655,481333,224035,149006,201194,194559,134563,228221,235044,161131,-11460,128346,269597,-8388607,0,2659,2660,2666,755,2481,-10110976,1,1,14,1,287,0,0,0,1
443352896,192182,204811,1025643,975822,760932,683847,464434,519097,521423,594861,468185,481916,224320,148845,201162,194677,134431,228234,235033,161102,-10810,129106,269773,-8388607,0,2661,2659,2666,756,2477,-10110976,1,1,14,1,287,0,0,0,1
443352897,192602,204809,1019030,961516,764033,699250,464251,519225,520679,594267,468615,482898,224296,148746,201271,194479,134672,228248,235160,160995,-9629,129873,269688,-8388607,0,2663,2664,2662,760,2478,-10110976,1,1,14,1,287,0,0,0,1
443352898,192448,204378,1012264,946281,767845,715645,465734,520501,519811,593478,469193,484023,224304,148546,201097,194209,134484,227998,234918,161060,-9767,129827,269799,-8388607,0,2657,2668,2666,752,2481,-10110976,1,1,14,1,287,0,0,0,1
443352899,192159,203540,1005676,930639,772607,732230,468029,523085,518906,592623,469774,484463,223978,148282,201079,194208,134422,228077,234871,160903,-9884,129571,269614,-8388607,0,2661,2663,2666,756,2477,-10110976,1,1,14,1,287,0,0,0,1
443352900,191375,202470,997623,914425,780260,748857,469594,525083,518293,591662,470435,484871,223789,148151,200964,194210,134606,228019,234735,160863,-10359,129216,269722,-8388607,0,2661,2664,2662,757,2478,-10110976,1,1,14,1,287,0,0,0,1
443352901,190488,201195,987049,897286,791779,766854,469390,525739,517536,590509,470591,485256,223606,148202,200756,194233,134497,228097,234662,160831,-11083,128353,269630,-8388607,0,2663,2668,2666,755,2480,-10110976,1,1,14,1,287,0,0,0,1
443352902,190113,200240,972723,878707,807479,786822,467015,524188,516995,589783,470915,485251,223670,148159,200975,194120,134432,227905,234848,160923,-11196,127935,269785,-8388607,0,2666,2664,2667,751,2481,-10110976,1,1,14,1,287,0,0,0,1
443352903,190027,199898,955017,857684,827520,808415,463554,520782,516316,589104,471198,485221,223637,147954,200775,194239,134398,227967,234669,161069,-11322,127665,269823,-8388607,0,2668,2666,2665,756,2476,-10110976,1,1,14,1,287,0,0,0,1
443352904,190519,200387,934839,834848,851592,831523,460288,517478,515536,588036,471240,485604,223479,148198,200651,194197,134619,228019,234859,160959,-10884,128241,269849,-8388607,0,2660,2672,2661,755,2477,-10110976,1,1,14,1,287,0,0,0,1
443352905,191008,201337,913009,810630,877468,855653,458865,515835,514436,587501,471555,486398,223577,148243,200902,194140,134432,227914,234885,161006,-9891,129381,269887,-8388607,0,2661,2662,2662,753,2482,-10110976,1,1,14,1,287,0,0,0,1
443352906,191602,202058,890320,785712,902955,879196,460259,516392,513380,586865,472082,487247,223868,148352,201205,194268,134572,228302,234826,161157,-9756,129527,269941,-8388607,0,2666,2662,2664,755,2477,-10110976,1,1,14,1,287,0,0,0,1
443352907,191781,201730,867288,761147,927534,902801,462925,518797,512092,586359,472490,488418,224177,148482,201094,194384,134703,228202,235088,161049,-9588,129364,270005,-8388607,0,2663,2665,2664,760,2478,-10110976,1,1,14,1,287,0,0,0,1
443352908,191229,200628,844715,737226,951403,926162,465052,522102,511049,585528,472743,488760,224185,148605,201161,194523,134653,228114,234950,160831,-9440,129227,269937,-8388607,0,2661,2665,2664,753,2482,-10110976,1,1,14,1,287,0,0,0,1
443352909,190475,199302,822603,713708,975643,950162,466065,524583,510364,584934,472954,489107,224267,148518,201451,194576,134754,228270,235257,161020,-10116,128771,269887,-8388607,0,2662,2661,2666,756,2478,-10110976,1,1,14,1,287,0,0,0,1
443352910,189724,198214,799964,689946,1000253,975162,465519,525217,509956,584059,473130,489154,224103,148718,201245,194631,134639,228162,235210,161049,-10693,127820,269889,-8388607,0,2661,2665,2664,758,2475,-10110976,1,1,14,1,287,0,0,0,1
443352911,189231,197485,776094,665897,1026321,1000972,464625,524220,509541,583360,473509,489294,224080,148543,201151,194426,134689,228129,235107,161115,-11416,127253,270003,-8388607,0,2661,2670,2659,754,2480,-10110976,1,1,14,1,287,0,0,0,1
443352912,189724,197714,750701,641055,1052065,1026015,463641,522968,509247,582734,474024,489252,223917,148540,200983,194486,134781,228286,235174,161125,-11460,127135,270096,-8388607,0,2665,2662,2666,754,2477,-10110976,1,1,14,1,287,0,0,0,1
443352913,190678,198860,723522,615512,1075921,1049298,463051,522065,508569,581986,474382,489962,223823,148487,200903,194441,134593,228160,234971,161250,-10642,127665,270067,-8388607,0,2665,2663,2659,755,2475,-10110976,1,1,14,1,287,0,0,0,1
443352914,191882,200241,695125,589200,1097059,1070648,463375,521356,507809,581472,475048,490799,223640,148161,200934,194389,134646,228263,234926,161066,-9857,128354,269981,-8388607,0,2668,2668,2666,755,2480,-10110976,1,1,14,1,287,0,0,0,1
443352915,193182,201696,666098,562455,1116013,1091103,463453,521627,506879,580972,475515,491954,223867,148245,200742,194240,134578,228129,234660,161091,-9531,128811,270094,-8388607,0,2662,2663,2661,749,2479,-10110976,1,1,14,1,287,0,0,0,1
443352916,194035,202347,637299,535668,1135167,1112070,463294,521953,506063,580713,476118,492947,223634,148114,201119,194211,134488,227997,234649,160966,-9393,129009,270132,-8388607,0,2664,2672,2664,754,2476,-10110976,1,1,14,1,287,0,0,0,1
443352917,194494,202474,609467,510153,1155611,1134801,462732,522270,506020,580519,476611,493564,223931,148200,200948,194343,134510,228043,234622,160923,-9091,129282,270207,-8388607,0,2663,2672,2659,756,2477,-10110976,1,1,14,1,287,0,0,0,1
443352918,194548,201436,582524,485474,1178116,1160024,462524,522363,506103,579819,477259,494162,223799,148038,200917,194100,134328,227906,234777,160724,-9124,129167,270119,-8388607,0,2662,2662,2666,754,2481,-10110976,1,1,14,1,287,0,0,0,1
443352919,194268,200395,556426,461704,1202571,1186486,463839,523709,506488,579474,478185,494434,223879,148269,200886,194163,134554,227944,234952,160797,-9753,128394,270087,-8388607,0,2662,2661,2664,754,2477,-10110976,1,1,14,1,287,0,0,0,1
443352920,194074,199483,530525,437793,1227041,1212430,466100,525956,506787,579252,479376,495312,224129,148544,201219,194230,134533,228022,234997,160903,-10128,127438,270273,-8388607,0,2661,2667,2664,758,2477,-10110976,1,1,14,1,287,0,0,0,1
443352921,194117,199289,504215,413908,1249640,1236442,469113,528308,507257,579138,480609,496251,223994,148768,201330,194457,134488,228042,234964,161118,-10484,127218,270380,-8388607,0,2657,2666,2659,755,2482,-10110976,1,1,14,1,287,0,0,0,1
443352922,194243,199579,477075,389362,1270383,1258223,472119,530612,507154,578706,481833,497408,224016,148580,201342,194446,134471,228136,234918,161304,-10243,127467,270181,-8388607,0,2665,2664,2666,753,2478,-10110976,1,1,14,1,287,0,0,0,1
443352923,194861,200398,449397,364144,1290016,1278759,474532,532725,506875,578377,482843,498634,223986,148561,201012,194576,134399,228197,235045,161375,-9733,127914,270248,-8388607,0,2665,2665,2662,759,2474,-10110976,1,1,14,1,287,0,0,0,1
443352924,195653,201242,422769,339447,1309708,1298676,475498,533577,506895,578288,483894,500154,224053,148575,201192,194474,134521,228517,235229,161355,-9433,128230,270335,-8388607,0,2663,2668,2659,754,2485,-10110976,1,1,14,1,287,0,0,0,1
443352925,196012,201302,397869,315958,1329788,1319438,475347,533274,506951,578549,484993,501216,223806,148606,201208,194547,134590,228418,235160,161365,-9290,128412,270314,-8388607,0,2661,2664,2666,749,2477,-10110976,1,1,14,1,287,0,0,0,1
443352926,196213,200989,375188,294229,1351002,1339890,475034,532682,507017,578436,486009,501902,223820,148446,201077,194057,134715,228336,235217,161120,-9014,128539,270320,-8388607,0,2663,2662,2659,756,2477,-10110976,1,1,14,1,287,0,0,0,1
443352927,196563,200271,354626,274471,1372027,1358999,474837,532148,507698,578446,487206,502455,223851,148241,201150,194440,134790,228302,235156,161232,-9322,127988,270449,-8388607,0,2661,2668,2659,753,2479,-10110976,1,1,14,1,287,0,0,0,1
443352928,196467,199323,335619,256063,1391302,1376228,475328,532151,507995,578160,488438,503502,223953,148401,200882,194117,134743,228083,235207,161047,-9804,127155,270391,-8388607,0,2663,2663,2663,754,2482,-10110976,1,1,14,1,287,0,0,0,1
443352929,196805,198784,317415,239214,1409177,1391119,476770,532540,508277,577938,489704,504211,223746,148062,201085,194137,134853,228019,235057,161015,-9939,126833,270447,-8388607,0,2663,2659,2664,756,2478,-10110976,1,1,14,1,287,0,0,0,1
443352930,196846,198795,299741,224079,1426474,1404325,478426,534024,508088,577518,490959,505120,223883,148261,200929,194219,134574,227957,234999,160828,-9944,127092,270496,-8388607,0,2663,2666,2659,759,2479,-10110976,1,1,14,1,287,0,0,0,1
443352931,197230,199353,282628,210330,1443764,1416519,480036,535937,507432,576681,491759,505943,223799,148061,200739,193973,134473,227962,234750,160921,-9548,127504,270455,-8388607,0,2657,2665,2665,754,2481,-10110976,1,1,14,1,287,0,0,0,1
443352932,197799,200114,266564,198965,1461464,1428869,482039,538717,506520,576005,492349,506759,223567,148223,200791,194091,134302,227935,234572,160795,-9198,127841,270331,-8388607,0,2663,2666,2665,756,2477,-10110976,1,1,14,1,287,0,0,0,1
443352933,197964,200473,252083,190626,1478979,1439571,483999,541745,505638,575436,492455,507106,223656,148248,200829,194257,134195,227963,234414,160880,-9193,128049,270484,-8388607,0,2665,2664,2664,760,2479,-10110976,1,1,14,1,287,0,0,0,1
443352934,197907,200592,240178,185565,1494758,1446771,485894,544298,504408,574826,492312,507368,223745,148392,200670,194013,134180,228011,234493,160812,-8774,128409,270517,-8388607,0,2661,2666,2664,754,2483,-10110976,1,1,14,1,287,0,0,0,1
443352935,197491,200120,231513,183475,1506903,1450833,487517,546400,503412,574089,491958,507684,223966,148251,200787,194048,134230,227793,234687,161008,-8631,128401,270607,-8388607,0,2659,2663,2668,753,2477,-10110976,1,1,14,1,287,0,0,0,1
443352936,196750,199295,225307,183208,1515422,1451593,488320,547404,502309,573388,491636,507826,223999,148615,201194,194125,134093,227607,234774,160973,-9187,127602,270556,-8388607,0,2668,2663,2662,761,2471,-10110976,1,1,14,1,287,0,0,0,1
443352937,195776,198734,221334,183685,1521521,1450876,487599,546758,501047,572196,491476,508222,224246,148573,201045,194489,134327,227642,234853,160753,-10175,126483,270547,-8388607,0,2659,2668,2659,754,2481,-10110976,1,1,14,1,287,0,0,0,1
443352938,194860,198791,219879,184454,1525459,1450396,485208,545481,499801,570925,491400,508667,224178,148481,201032,194662,134473,227817,234850,160719,-10947,126171,270607,-8388607,0,2663,2662,2664,751,2479,-10110976,1,1,14,1,287,0,0,0,1
443352939,194823,199844,219770,184811,1528364,1450621,482898,544421,498419,569497,491275,509262,224240,148776,201153,194499,134572,227998,234819,160829,-10471,126839,270659,-8388607,0,2666,2663,2666,757,2473,-10110976,1,1,14,1,287,0,0,0,1
443352940,195337,201209,220075,184869,1530241,1451522,481403,544495,496809,568505,491116,509538,224108,148668,201085,194424,134677,228350,234840,160904,-10139,127374,270760,-8388607,0,2662,2668,2659,754,2480,-10110976,1,1,14,1,287,0,0,0,1
443352941,196625,202425,219958,184908,1531154,1451488,481329,545641,495243,567460,490913,510051,224168,148492,201193,194443,134694,228344,234895,161018,-10076,127494,270762,-8388607,0,2660,2662,2664,752,2484,-10110976,1,1,14,1,287,0,0,0,1
443352942,198168,203143,220407,184992,1530033,1450693,482791,547457,494089,566680,490753,510494,223899,148659,201232,194419,134765,228310,234913,161092,-9586,127773,270841,-8388607,0,2659,2663,2666,757,2477,-10110976,1,1,14,1,287,0,0,0,1
443352943,199668,203658,221376,185033,1527956,1449536,484600,549195,492780,565927,490469,510728,223810,148397,201075,194401,134788,228192,235146,161358,-8766,128309,270864,-8388607,0,2663,2667,2661,758,2477,-10110976,1,1,14,1,287,0,0,0,1
443352944,200426,204004,222474,185199,1525681,1448307,485976,550444,491823,565437,490313,511031,223782,148319,200788,194443,134585,228129,235271,161474,-8173,129098,270769,-8388607,0,2661,2665,2666,754,2481,-10110976,1,1,14,1,287,0,0,0,1
443352945,200338,203711,222747,185187,1523598,1448667,486695,551075,490714,564541,490257,511539,223755,148467,200776,193968,134804,228184,235280,161425,-8445,128902,270828,-8388607,0,2665,2664,2671,755,2478,-10110976,1,1,14,1,287,0,0,0,1
443352946,199701,203385,222847,184989,1521431,1449772,487363,551739,489544,563381,490468,511585,223644,148263,200772,193959,134823,228181,235232,161401,-9120,128264,270902,-8388607,0,2659,2665,2663,757,2475,-10110976,1,1,14,1,287,0,0,0,1
443352947,198607,203004,222945,185389,1518793,1450448,488821,552980,488374,562377,490747,511797,223694,148070,200841,193904,134871,228165,235148,161154,-9180,128153,270945,-8388607,0,2658,2668,2664,754,2482,-10110976,1,1,14,1,287,0,0,0,1
443352948,197230,202761,223039,186261,1514411,1449415,490632,554230,487153,561192,490410,512209,223730,148048,200690,193963,134745,228297,234924,160927,-9062,128188,270991,-8388607,0,2661,2663,2663,749,2479,-10110976,1,1,14,1,287,0,0,0,1
443352949,195849,202217,222416,186357,1508572,1446834,492745,555287,486164,560262,490848,512505,223898,148356,201104,194172,134528,228223,234621,160701,-9586,127634,270904,-8388607,0,2668,2666,2663,758,2475,-10110976,1,1,14,1,287,0,0,0,1
443352950,195048,201649,221511,185670,1502241,1442855,494525,555611,485161,559375,491112,512817,223910,148121,201149,194411,134571,228202,234564,160475,-10139,127024,271009,-8388607,0,2661,2667,2659,758,2479,-10110976,1,1,14,1,287,0,0,0,1
443352951,194575,201287,220746,184789,1497000,1439116,495603,555408,484478,558777,491434,513359,224115,148237,201311,194542,134492,227955,234703,160651,-10478,126773,270982,-8388607,0,2663,2666,2663,751,2481,-10110976,1,1,14,1,287,0,0,0,1
443352952,194638,200786,220317,184162,1493374,1436850,496631,554748,483759,557805,491692,513385,223977,148594,201264,194544,134320,227657,234677,160934,-9952,127245,271132,-8388607,0,2663,2664,2661,755,2477,-10110976,1,1,14,1,287,0,0,0,1
443352953,195244,200087,219849,183278,1491919,1435734,498279,555092,483493,557010,492072,513681,224275,148801,201301,194158,134101,227382,234745,161072,-9344,127869,271073,-8388607,0,2660,2667,2664,760,2477,-10110976,1,1,14,1,287,0,0,0,1
443352954,195991,199933,219666,183133,1491624,1435873,502095,557336,483808,556261,492949,514264,224212,148904,201041,194592,134215,227793,234773,161106,-9249,127527,271149,-8388607,0,2663,2664,2666,752,2481,-10110976,1,1,14,1,287,0,0,0,1
443352955,196565,199895,219844,183118,1491670,1435231,506683,561038,483784,555943,494060,514687,224160,149003,200891,194331,134220,227878,234875,161138,-9758,127166,271090,-8388607,0,2667,2662,2666,756,2478,-10110976,1,1,14,1,287,0,0,0,1
443352956,197082,200524,220725,183944,1490910,1434096,511821,565894,483923,555248,495626,515719,224136,148960,201193,194393,134145,227900,234792,161127,-9527,127394,271059,-8388607,0,2661,2664,2662,759,2475,-10110976,1,1,14,1,287,0,0,0,1
443352957,197847,201456,221633,184984,1490636,1432277,516192,570400,484178,555034,496873,516838,224093,148485,201085,194312,134364,228160,234826,161073,-9188,127778,271199,-8388607,0,2657,2664,2659,754,2481,-10110976,1,1,14,1,287,0,0,0,1
443352958,198166,202146,221320,185737,1491240,1430571,519511,573584,484675,555030,497865,518137,223963,148289,201039,194244,134630,228137,234804,161051,-9387,127673,271177,-8388607,0,2659,2661,2665,751,2477,-10110976,1,1,14,1,287,0,0,0,1
443352959,198466,202809,220690,186028,1492570,1429078,522245,575616,484500,554992,498845,519139,223577,147884,200838,194076,134767,228255,234833,160936,-9401,127465,271158,-8388607,0,2668,2667,2661,754,2473,-10110976,1,1,14,1,287,0,0,0,1
443352960,198973,203498,220269,185920,1495430,1427832,524671,577311,484597,555180,499857,520179,223679,148048,200955,194173,135038,228343,235122,161047,-9223,127899,271148,-8388607,0,2659,2672,2662,754,2480,-10110976,1,1,14,1,287,0,0,0,1
443352961,199371,203844,220228,185586,1498095,1426024,527351,579137,484230,555152,500284,520987,223245,147938,200452,194043,135186,228379,235214,161286,-8935,128426,271062,-8388607,0,2662,2661,2665,748,2477,-10110976,1,1,14,1,287,0,0,0,1
443352962,199558,203564,220098,185281,1498784,1423715,529927,581835,484361,554631,501150,521348,223374,147932,200650,193869,135030,228195,235375,161269,-8815,128540,271116,-8388607,0,2664,2663,2662,754,2476,-10110976,1,1,14,1,287,0,0,0,1
443352963,199577,202861,219900,184838,1497597,1420514,531802,584898,484127,554114,502425,522285,223793,148093,200882,194068,134829,228107,235151,161115,-9153,127918,271371,-8388607,0,2660,2666,2658,756,2479,-10110976,1,1,14,1,287,0,0,0,1
443352964,199475,201954,220260,184739,1495806,1417827,532656,588311,484087,553477,504048,523006,223760,148249,200838,194067,134779,228221,234954,161014,-9363,127514,271325,-8388607,0,2663,2666,2664,752,2484,-10110976,1,1,14,1,287,0,0,0,1
443352965,198854,201442,220549,184518,1494626,1416366,533248,591090,484006,552833,505370,523846,224098,148624,201202,194612,134386,228323,234782,161102,-9336,127622,271253,-8388607,0,2668,2662,2665,755,2477,-10110976,1,1,14,1,287,0,0,0,1
443352966,198427,200985,220244,184330,1494543,1415600,533759,593286,484121,552576,506440,524436,224331,148500,201331,194522,134351,228273,234536,160975,-9340,127639,271386,-8388607,0,2663,2666,2659,758,2479,-10110976,1,1,14,1,287,0,0,0,1
443352967,197636,200904,219631,183833,1495712,1415369,535356,595445,484364,552701,507585,525182,224287,148778,201230,194532,134240,228136,234599,160883,-9687,127215,271378,-8388607,0,2657,2665,2663,753,2482,-10110976,1,1,14,1,287,0,0,0,1
443352968,197145,201059,218852,183719,1496655,1414964,537744,598082,484735,552382,508506,526154,224268,148815,201073,194683,134272,227801,234588,160909,-9849,127098,271350,-8388607,0,2661,2659,2666,756,2478,-10110976,1,1,14,1,287,0,0,0,1
443352969,196923,201392,218735,183944,1496195,1413800,540045,600897,485088,552779,509767,527107,224304,148936,201135,194672,134304,227737,234916,160996,-9712,127432,271371,-8388607,0,2663,2665,2663,758,2478,-10110976,1,1,14,1,287,0,0,0,1
443352970,196899,202111,219167,184261,1493824,1411929,541649,603498,485073,552953,510854,528823,224111,148717,201242,194720,134371,227471,234900,160841,-9507,127712,271408,-8388607,0,2664,2668,2659,755,2482,-10110976,1,1,14,1,287,0,0,0,1
443352971,197206,202494,219433,184310,1490615,1409713,542013,605577,484736,553105,512149,530338,224083,148727,201110,194586,134218,227470,234883,160789,-9549,127524,271418,-8388607,0,2661,2663,2666,750,2477,-10110976,1,1,14,1,287,0,0,0,1
443352972,197825,202554,219851,184521,1487096,1407681,541464,606182,484561,553174,512983,531753,224044,148473,201069,194238,134370,227900,234912,161108,-9771,127332,271458,-8388607,0,2671,2663,2662,757,2477,-10110976,1,1,14,1,287,0,0,0,1
443352973,198540,202705,220451,184662,1484646,1405930,540976,605713,483926,552655,513315,532646,223783,148069,200602,193775,134466,228178,234838,161145,-9344,127606,271381,-8388607,0,2661,2672,2659,755,2479,-10110976,1,1,14,1,287,0,0,0,1
443352974,198687,202707,221014,184685,1483042,1404438,541096,605172,483123,552203,513641,533166,223627,148077,200415,193622,134611,228466,234802,160980,-8970,128332,271489,-8388607,0,2665,2663,2665,752,2481,-10110976,1,1,14,1,287,0,0,0,1
443352975,198896,202757,221436,184576,1481642,1403100,541942,604723,481918,551292,513491,533440,223376,147682,200507,193694,134688,228575,234874,161195,-8907,128253,271535,-8388607,0,2665,2662,2661,759,2476,-10110976,1,1,14,1,287,0,0,0,1
443352976,198642,202741,221460,184680,1479419,1401854,542811,604521,481023,550238,513495,533749,223516,147635,200860,193785,134781,228473,234923,161400,-9381,127809,271304,-8388607,0,2663,2667,2662,758,2480,-10110976,1,1,14,1,287,0,0,0,1
443352977,198288,202785,221597,185165,1476778,1400170,543679,604933,479546,549148,513324,534201,223446,147849,200838,194202,134899,228049,235043,160998,-9532,127687,271510,-8388607,0,2662,2664,2661,749,2478,-10110976,1,1,14,1,287,0,0,0,1
443352978,197772,202767,221766,185338,1474225,1399231,544652,605445,477992,548285,513170,534556,223607,147934,200997,194365,134668,227934,235096,160923,-9257,127892,271456,-8388607,0,2659,2661,2666,754,2477,-10110976,1,1,14,1,287,0,0,0,1
443352979,197446,202661,221201,185495,1472532,1399522,545640,606187,476356,547074,513268,535362,223789,148375,201106,194669,134884,228008,235124,160860,-9175,127961,271357,-8388607,0,2658,2661,2662,758,2476,-10110976,1,1,14,1,287,0,0,0,1
443352980,196697,202279,220361,184967,1471930,1400220,546834,606737,474775,546310,513417,535962,224103,148687,201152,194572,134809,227867,235051,161046,-9561,127509,271409,-8388607,0,2661,2666,2662,754,2481,-10110976,1,1,14,1,287,0,0,0,1
443352981,196067,201774,219798,184264,1472563,1401054,548753,607414,473597,545523,513141,536424,224412,148982,201347,194541,134732,228007,234893,161016,-9925,127216,271388,-8388607,0,2665,2663,2668,754,2477,-10110976,1,1,14,1,287,0,0,0,1
443352982,196052,201344,219983,183798,1472822,1401869,551222,608047,472881,544896,513577,537259,224438,149230,201168,194648,134445,228255,234951,161282,-9529,127711,271471,-8388607,0,2668,2664,2662,758,2475,-10110976,1,1,14,1,287,0,0,0,1
443352983,195997,200879,220167,183767,1471951,1401335,553149,608583,472423,544466,513825,537380,224688,149139,201247,194597,134425,228190,234786,161187,-9354,127801,271386,-8388607,0,2660,2666,2659,754,2480,-10110976,1,1,14,1,287,0,0,0,1
443352984,196172,200409,220288,184109,1470546,1399806,554410,608592,472211,544002,514157,538355,224515,149091,201014,194582,134328,228164,234917,161215,-9568,127460,271515,-8388607,0,2660,2662,2664,751,2479,-10110976,1,1,14,1,287,0,0,0,1
443352985,196361,199974,220533,184203,1468905,1398218,555347,608465,471816,543249,514631,539016,224232,148621,201119,194466,134327,227969,234869,161012,-9801,127019,271502,-8388607,0,2668,2662,2662,756,2478,-10110976,1,1,14,1,287,0,0,0,1
443352986,196459,200213,220997,184617,1467952,1397436,556251,608410,471400,542732,514951,539666,223781,148377,201193,194477,134457,227868,234728,160907,-9755,127026,271459,-8388607,0,2666,2667,2657,755,2481,-10110976,1,1,14,1,287,0,0,0,1
443352987,196887,200865,220962,184973,1468804,1397054,557440,608946,470182,541704,515275,539877,223593,147972,200753,194131,134474,227889,234898,160837,-9476,127471,271437,-8388607,0,2663,2664,2665,752,2481,-10110976,1,1,14,1,287,0,0,0,1
443352988,197192,201509,220526,185051,1470170,1397149,559450,610391,468904,540664,515179,540457,223156,147814,200768,194216,134692,228089,234721,160766,-9308,127739,271368,-8388607,0,2665,2661,2665,756,2482,-10110976,1,1,14,1,287,0,0,0,1
443352989,197419,202003,219804,184705,1471312,1397049,562030,612082,467692,539633,515233,540854,223230,147592,200352,193902,134684,228009,234828,160805,-9398,127747,271421,-8388607,0,2659,2666,2664,760,2477,-10110976,1,1,14,1,287,0,0,0,1
443352990,198018,202535,219654,184954,1472074,1395756,564774,614701,466557,538506,515566,540869,223376,147690,200381,193636,134668,228169,234883,160895,-9292,127823,271503,-8388607,0,2657,2666,2664,755,2482,-10110976,1,1,14,1,287,0,0,0,1
443352991,198412,202686,220086,185371,1472452,1393475,567411,617488,465617,537172,515610,541062,223482,147684,200482,193521,134540,227959,234619,160792,-9207,128079,271465,-8388607,0,2665,2664,2665,755,2476,-10110976,1,1,14,1,287,0,0,0,1
443352992,198516,202855,220695,185615,1472433,1391376,570296,620237,464807,536308,516179,541321,223442,147913,200509,193880,134396,227979,234638,160971,-8991,128108,271578,-8388607,0,2663,2667,2664,760,2475,-10110976,1,1,14,1,287,0,0,0,1
443352993,198767,202251,220959,185366,1472155,1389561,572482,622884,464419,535330,516821,541625,223942,148304,200773,194053,134200,227903,234827,160882,-9279,127694,271454,-8388607,0,2661,2667,2666,755,2481,-10110976,1,1,14,1,287,0,0,0,1
443352994,198728,201893,220637,185224,1471629,1387862,574007,625791,464046,534820,517480,541955,224037,148362,200855,194517,134161,227978,234842,161047,-9435,127422,271519,-8388607,0,2663,2664,2665,748,2477,-10110976,1,1,14,1,287,0,0,0,1
443352995,198506,201757,220533,184981,1470635,1386299,575088,628223,463676,534163,517940,542319,224193,148932,201023,194598,134337,227986,234836,161143,-9260,127697,271502,-8388607,0,2665,2664,2661,756,2475,-10110976,1,1,14,1,287,0,0,0,1
443352996,198207,201697,220291,184469,1468117,1383541,575668,630317,463298,533989,518633,542959,224238,148918,201338,194802,134369,228014,234902,161270,-8935,127810,271555,-8388607,0,2663,2665,2657,751,2480,-10110976,1,1,14,1,287,0,0,0,1
443352997,197726,201647,219782,184254,1464561,1379527,575928,632499,463364,533672,519734,543591,224278,148940,201599,194964,134440,228072,234908,161250,-9429,127599,271485,-8388607,0,2665,2664,2665,751,2484,-10110976,1,1,14,1,287,0,0,0,1
443352998,197342,201575,219449,184295,1460359,1375156,576920,634048,463233,533353,520770,544380,224513,149279,201643,195010,134544,228108,234999,160979,-9594,127125,271506,-8388607,0,2670,2662,2663,755,2478,-10110976,1,1,14,1,287,0,0,0,1
443352999,197337,201751,219578,184364,1456012,1370965,578175,635996,463266,532849,521603,545071,224369,148802,201555,194769,134689,228213,235118,161009,-9759,127258,271531,-8388607,0,2659,2669,2661,756,2477,-10110976,1,1,14,1,287,0,0,0,1
443353000,197227,202073,219799,184405,1452116,1367549,579420,638444,462898,532047,522607,545751,224510,148979,201347,194665,134871,228234,235301,161103,-9428,127588,271571,-8388607,0,2659,2661,2665,751,2484,-10110976,1,1,14,1,287,0,0,0,1
443353001,197316,202015,219708,184354,1449049,1365148,581020,641441,462519,531162,522811,545789,224181,148613,201138,194427,134996,228383,235449,161119,-9415,127602,271533,-8388607,0,2661,2659,2664,756,2478,-10110976,1,1,14,1,287,0,0,0,1
443353002,197368,202084,219722,183878,1445532,1363868,582811,644512,461631,530162,522874,546082,223853,148190,200686,193959,135039,228274,235260,161244,-9579,127385,271563,-8388607,0,2662,2663,2662,756,2477,-10110976,1,1,14,1,287,0,0,0,1
443353003,197580,202233,220188,183764,1441422,1362245,584411,647628,460897,529373,523195,546388,223743,148278,200681,193848,134910,228513,235335,161359,-9476,127544,271619,-8388607,0,2661,2664,2662,753,2480,-10110976,1,1,14,1,287,0,0,0,1
443353004,198014,202443,220706,184180,1437362,1359376,586043,650049,459944,528454,523773,546827,223513,147879,200619,193879,134833,228362,235167,161333,-9327,127875,271580,-8388607,0,2664,2664,2668,754,2479,-10110976,1,1,14,1,287,0,0,0,1
443353005,198277,202662,221206,184726,1433096,1356504,588123,651742,459227,527870,524421,547891,223355,147653,200578,193923,134548,228363,234896,161226,-9127,128042,271592,-8388607,0,2661,2664,2660,758,2475,-10110976,1,1,14,1,287,0,0,0,1
443353006,198355,202694,221338,184763,1429653,1353524,590049,652818,459044,527564,525623,548958,223502,147899,200746,194303,134696,228280,234748,160989,-9243,127695,271727,-8388607,0,2662,2668,2664,754,2481,-10110976,1,1,14,1,287,0,0,0,1
443353007,198221,202863,221063,184924,1426983,1350727,591526,653918,459077,527279,526998,549944,223576,147943,200944,194291,134516,228078,234788,160999,-9149,127573,271639,-8388607,0,2661,2661,2666,753,2481,-10110976,1,1,14,1,287,0,0,0,1
443353008,197898,203048,220557,185050,1424944,1349095,593233,654410,459160,526976,528239,551027,223458,148172,200947,194265,134510,227930,234590,160679,-9295,127841,271627,-8388607,0,2663,2665,2662,756,2473,-10110976,1,1,14,1,287,0,0,0,1
443353009,197560,202861,220423,184658,1423087,1347528,594865,655224,459536,527050,529435,551983,223759,148347,200882,194216,134494,227829,234712,160619,-8988,128314,271745,-8388607,0,2661,2668,2659,758,2478,-10110976,1,1,14,1,287,0,0,0,1
443353010,197106,202492,220089,184368,1421111,1345556,596249,656303,460153,527309,530788,553063,224064,148496,201050,194224,134323,227806,234884,160747,-9386,127909,271673,-8388607,0,2661,2662,2664,752,2484,-10110976,1,1,14,1,287,0,0,0,1
443353011,196809,201810,219721,184190,1419475,1342938,598124,657007,460705,527695,532210,554354,224256,148641,200972,194354,134322,227722,234670,160848,-9756,127416,271570,-8388607,0,2663,2662,2665,757,2478,-10110976,1,1,14,1,287,0,0,0,1
443353012,196603,201273,220053,184484,1418719,1341140,601011,657847,461343,528190,534182,556469,224548,148893,201435,194673,134292,227873,234789,160995,-9546,127400,271685,-8388607,0,2663,2665,2660,760,2477,-10110976,1,1,14,1,287,0,0,0,1
443353013,196638,200980,220643,184691,1419338,1339780,603372,658417,461102,528218,535451,558071,224528,148663,201320,194642,134331,228010,234809,161168,-9399,127555,271543,-8388607,0,2659,2665,2666,755,2481,-10110976,1,1,14,1,287,0,0,0,1
443353014,196725,200750,220709,184569,1420852,1339224,606151,659134,460908,528043,536758,559486,224452,148840,201306,194545,134362,228020,234839,160977,-9665,127423,271664,-8388607,0,2665,2663,2670,756,2477,-10110976,1,1,14,1,287,0,0,0,1
443353015,196885,200673,220229,184393,1422916,1339849,608656,660000,460610,527700,537718,560627,224033,148604,201110,194502,134560,228235,234956,161153,-9737,127107,271735,-8388607,0,2664,2665,2664,758,2473,-10110976,1,1,14,1,287,0,0,0,1
443353016,197099,200917,219863,184219,1424233,1340877,610612,661099,460204,527204,538322,561293,223853,148276,200847,194483,134738,228311,235179,161180,-9564,127363,271602,-8388607,0,2661,2669,2666,755,2471,-10110976,1,1,14,1,287,0,0,0,1
443353017,197453,201179,219558,184154,1424684,1341051,612280,662352,459682,526625,538978,561448,223475,148307,200660,194227,134785,228316,235180,161166,-9152,127816,271687,-8388607,0,2665,2664,2666,751,2477,-10110976,1,1,14,1,287,0,0,0,1
443353018,197760,201682,219630,184631,1424613,1341113,613557,663782,459369,526152,539477,562177,223627,147984,200719,194122,134919,228238,235167,161242,-8978,127888,271681,-8388607,0,2668,2662,2663,757,2476,-10110976,1,1,14,1,287,0,0,0,1
443353019,197802,201876,219720,185004,1424304,1341201,615050,664378,458629,525622,539737,563018,223711,148099,200536,193909,134701,228156,235287,161024,-9365,127548,271645,-8388607,0,2661,2668,2664,755,2481,-10110976,1,1,14,1,287,0,0,0,1
443353020,197890,202007,220244,185335,1424409,1341200,615797,665225,457893,525113,540192,563890,223634,147930,200585,193701,134954,228252,235181,161076,-9438,127493,271707,-8388607,0,2661,2662,2663,750,2482,-10110976,1,1,14,1,287,0,0,0,1
443353021,198208,202234,220776,185874,1425085,1341852,616166,665678,456872,524968,540858,564956,223728,147816,200693,193847,134908,228343,234980,160998,-9451,127720,271734,-8388607,0,2664,2663,2663,755,2476,-10110976,1,1,14,1,287,0,0,0,1
443353022,198289,202065,221064,185901,1425902,1342979,616504,666499,456028,524476,541094,566134,223950,148208,201006,194159,134816,228294,234858,161039,-9187,127959,271696,-8388607,0,2661,2664,2658,756,2479,-10110976,1,1,14,1,287,0,0,0,1
443353023,198377,201769,220822,185356,1426162,1343747,616601,667828,454997,524125,541280,566761,223937,148287,200976,194193,134520,228066,234764,160999,-9246,127787,271702,-8388607,0,2663,2664,2664,753,2482,-10110976,1,1,14,1,287,0,0,0,1
443353024,198251,201600,220404,184919,1425826,1343953,616877,669803,454265,523799,541529,567623,224123,148594,201286,194554,134387,228135,234847,161205,-9378,127649,271696,-8388607,0,2668,2667,2666,757,2477,-10110976,1,1,14,1,287,0,0,0,1
443353025,198050,201549,219989,184630,1424631,1343875,617427,671930,453580,523285,541545,568072,224251,148637,201216,194829,134402,227842,234702,161201,-9301,127596,271717,-8388607,0,2664,2661,2662,756,2479,-10110976,1,1,14,1,287,0,0,0,1
443353026,197852,201467,220025,184529,1423426,1343320,617998,674119,452922,522627,541605,568644,224514,149142,201391,194920,134122,227671,234736,160994,-9184,127836,271905,-8388607,0,2657,2666,2662,753,2482,-10110976,1,1,14,1,287,0,0,0,1
443353027,197591,201627,220011,184509,1422526,1342504,618458,675993,452367,521910,541899,569222,224573,149139,201618,194958,134272,227786,234945,161169,-9363,127731,271840,-8388607,0,2661,2664,2666,756,2478,-10110976,1,1,14,1,287,0,0,0,1
443353028,197006,201468,219741,184334,1421763,1341911,618959,677629,451182,520654,541893,569378,224330,149111,201365,194737,134313,227942,234821,160940,-9769,127145,271853,-8388607,0,2662,2663,2664,759,2471,-10110976,1,1,14,1,287,0,0,0,1
443353029,196734,201491,219824,184292,1420936,1341007,619552,679182,449991,519536,541849,569417,224623,149022,201161,194527,134496,228120,234883,160986,-9667,127301,271879,-8388607,0,2661,2667,2657,754,2482,-10110976,1,1,14,1,287,0,0,0,1
443353030,196652,201693,219744,184312,1419291,1339566,620094,680648,448455,517802,540817,569196,224286,148565,200981,194317,134670,228099,235031,160979,-9368,127823,271877,-8388607,0,2661,2666,2664,752,2478,-10110976,1,1,14,1,287,0,0,0,1
443353031,196640,201697,219865,184213,1416388,1337028,620696,681969,446703,516505,540448,568962,224099,148376,200893,194302,134826,228241,235186,161054,-9419,127677,271831,-8388607,0,2663,2662,2662,755,2477,-10110976,1,1,14,1,287,0,0,0,1
443353032,196881,201876,220197,184056,1413321,1334269,621263,683358,445129,514920,540073,568860,223719,148062,200909,194079,134950,228313,235259,161158,-9688,127492,271852,-8388607,0,2661,2666,2659,756,2478,-10110976,1,1,14,1,287,0,0,0,1
443353033,197178,202122,220481,184146,1410500,1331664,622387,684910,443678,513566,540073,569163,223304,148044,200707,194194,134931,228250,235307,161267,-9866,127378,271823,-8388607,0,2663,2663,2664,754,2484,-10110976,1,1,14,1,287,0,0,0,1
443353034,197578,202333,220755,184517,1408452,1329023,623541,685950,442693,512456,540488,569197,223242,147648,200711,194123,134805,228233,234958,160969,-9452,127694,271805,-8388607,0,2667,2661,2666,756,2477,-10110976,1,1,14,1,287,0,0,0,1
443353035,198080,202554,220930,184467,1406784,1326978,626001,687311,441798,511610,540834,569455,223164,147503,200776,193821,134660,228213,234856,160945,-9105,128113,271918,-8388607,0,2662,2665,2664,758,2477,-10110976,1,1,14,1,287,0,0,0,1
443353036,198029,202755,220628,184491,1405675,1324874,629260,689497,441148,510866,540838,569719,223297,147882,200442,193634,134767,228247,234784,160867,-9192,127949,272005,-8388607,0,2658,2668,2664,754,2481,-10110976,1,1,14,1,287,0,0,0,1
443353037,198138,202954,220292,184348,1404406,1322295,632863,691814,440853,510511,541597,569694,223426,148050,200590,193974,134553,228113,234741,161015,-9309,127780,271912,-8388607,0,2665,2662,2664,757,2477,-10110976,1,1,14,1,287,0,0,0,1
443353038,198029,202882,220116,184115,1402687,1319577,636667,693957,440551,509739,542423,569743,223509,148157,200655,193990,134499,228151,234690,161197,-9275,127790,271895,-8388607,0,2663,2664,2662,759,2476,-10110976,1,1,14,1,287,0,0,0,1
443353039,197771,202777,220295,184335,1400725,1317142,640206,696427,440681,509132,543435,570089,223936,148473,200996,194238,134348,227863,234786,160888,-9228,128019,272033,-8388607,0,2661,2666,2662,755,2482,-10110976,1,1,14,1,287,0,0,0,1
443353040,197563,202416,220280,184669,1398720,1314965,643217,698550,440961,508537,545090,570725,224139,148669,201297,194401,134031,227811,234785,160864,-9397,127786,272024,-8388607,0,2663,2661,2668,753,2477,-10110976,1,1,14,1,287,0,0,0,1
443353041,197461,201911,220220,184742,1397295,1313037,646060,700615,441326,507922,546446,571502,224226,148885,201270,194459,134075,227555,234819,160921,-9672,127379,271888,-8388607,0,2663,2664,2662,756,2475,-10110976,1,1,14,1,287,0,0,0,1
443353042,197373,201502,220366,184710,1396399,1311399,649325,702520,441244,507554,547909,572041,224452,148833,201505,194963,134170,227864,234675,160829,-9723,127228,272028,-8388607,0,2659,2669,2659,755,2480,-10110976,1,1,14,1,287,0,0,0,1
443353043,197432,201446,220393,184559,1395228,1309701,652657,704583,440936,506817,548634,572677,224368,148764,201480,194518,134267,227920,234782,161032,-9455,127465,271995,-8388607,0,2662,2663,2665,750,2484,-10110976,1,1,14,1,287,0,0,0,1
443353044,197457,201578,220030,184325,1393757,1306947,655969,706754,440506,506270,548884,573137,224271,148724,201352,194480,134501,228081,234964,161167,-9433,127662,271976,-8388607,0,2668,2659,2662,756,2477,-10110976,1,1,14,1,287,0,0,0,1
443353045,197761,201388,219640,184113,1391535,1304405,659319,708791,440132,505945,549552,573362,224131,148439,201028,194353,134406,228207,235081,161175,-9558,127565,272075,-8388607,0,2662,2665,2659,757,2479,-10110976,1,1,14,1,287,0,0,0,1
443353046,197815,201246,219546,184175,1389170,1302007,662201,711266,439638,505140,550336,574188,223915,148495,201009,194368,134804,228233,235094,161267,-9469,127474,272131,-8388607,0,2661,2662,2664,751,2484,-10110976,1,1,14,1,287,0,0,0,1
443353047,197951,201488,219982,184569,1387204,1300303,664372,713939,439447,504541,551702,575616,223825,148387,200986,194370,134806,228305,235014,161221,-9389,127731,271996,-8388607,0,2661,2659,2662,756,2478,-10110976,1,1,14,1,287,0,0,0,1
443353048,197924,201798,220482,184966,1385559,1299234,666736,716434,439250,504017,553312,576669,223475,148085,200772,194208,134800,228320,235191,160953,-9252,127858,272003,-8388607,0,2662,2665,2662,760,2479,-10110976,1,1,14,1,287,0,0,0,1
443353049,197841,201752,220525,185255,1384190,1298641,669076,718980,439007,503618,554482,578085,223387,147990,200723,193923,134945,228450,235046,161083,-9620,127603,271965,-8388607,0,2659,2664,2666,753,2481,-10110976,1,1,14,1,287,0,0,0,1
443353050,197816,201870,220477,185288,1382695,1297876,670808,721692,439468,503549,555801,579239,223585,147826,200802,194062,134894,228287,234991,161124,-9581,127545,272107,-8388607,0,2666,2664,2664,755,2478,-10110976,1,1,14,1,287,0,0,0,1
443353051,197721,201647,220331,185225,1380449,1296520,672084,724057,439399,503643,556704,580157,223485,147739,200785,194003,134898,228468,234851,161025,-9470,127685,272021,-8388607,0,2663,2665,2662,758,2474,-10110976,1,1,14,1,287,0,0,0,1
443353052,198047,201781,220546,185184,1377611,1295160,672591,725685,439945,504166,557760,580954,223805,148148,200979,194090,134804,228135,234919,161096,-9151,127891,271994,-8388607,0,2661,2666,2662,754,2481,-10110976,1,1,14,1,287,0,0,0,1
443353053,197837,201698,220424,184934,1375013,1293198,672529,727024,440107,504441,559504,582073,223888,148241,201238,194424,134469,228065,234976,161154,-9238,127980,272022,-8388607,0,2661,2663,2664,750,2478,-10110976,1,1,14,1,287,0,0,0,1
443353054,197700,201525,220206,184694,1373060,1291530,672131,728275,440004,504143,560840,583670,224144,148409,201389,194337,134449,227999,235096,161073,-9625,127563,272007,-8388607,0,2668,2666,2664,756,2476,-10110976,1,1,14,1,287,0,0,0,1
443353055,197682,201385,220325,184510,1371443,1290228,671583,728912,439958,504017,562246,585277,224275,148731,201221,194507,134216,227681,234816,160838,-9601,127482,272111,-8388607,0,2663,2669,2659,757,2477,-10110976,1,1,14,1,287,0,0,0,1
443353056,197568,201297,220323,184547,1370388,1289337,671420,729922,439730,503676,563465,586676,224294,149012,201039,194639,134237,227670,234652,160880,-9394,127675,272115,-8388607,0,2662,2665,2666,753,2484,-10110976,1,1,14,1,287,0,0,0,1
443353057,197299,201293,220282,184495,1369644,1288603,671424,731325,438937,503336,564346,587687,224325,149024,201058,194343,134278,227718,234708,160761,-9429,127714,272023,-8388607,0,2663,2659,2661,753,2477,-10110976,1,1,14,1,287,0,0,0,1
443353058,197178,201310,219942,184488,1368954,1288184,671725,732747,438547,503175,564615,588723,224123,148847,201179,194542,134261,228011,234809,160967,-9655,127546,272215,-8388607,0,2660,2667,2659,760,2480,-10110976,1,1,14,1,287,0,0,0,1
443353059,197154,201465,220139,184319,1368179,1287030,672518,733964,437985,502751,564862,589721,224017,148654,201200,194597,134314,228147,234926,161122,-9658,127541,272236,-8388607,0,2659,2660,2666,753,2484,-10110976,1,1,14,1,287,0,0,0,1
443353060,197222,201676,220208,184506,1367789,1285940,672915,734644,437290,502832,565076,590901,223922,148310,201031,194379,134347,227888,234839,161138,-9510,127589,272145,-8388607,0,2665,2659,2664,755,2478,-10110976,1,1,14,1,287,0,0,0,1
443353061,197373,201791,220425,184752,1368308,1285148,673833,735352,436627,502525,565686,592470,223748,147995,201077,194334,134662,228118,234882,160947,-9429,127640,272303,-8388607,0,2659,2668,2664,760,2477,-10110976,1,1,14,1,287,0,0,0,1
443353062,197566,201805,220444,184601,1368890,1285245,675444,735849,436012,502164,566265,593803,223501,147791,200928,193955,134733,228071,234793,160847,-9409,127649,272168,-8388607,0,2661,2666,2662,754,2479,-10110976,1,1,14,1,287,0,0,0,1
443353063,197809,201919,220209,184357,1369860,1285115,676485,736649,435407,501746,566999,595056,223543,148134,201165,193991,134808,227959,234984,160879,-9369,127497,272312,-8388607,0,2662,2664,2665,753,2478,-10110976,1,1,14,1,287,0,0,0,1
443353064,198054,202233,220182,184364,1370495,1284467,677772,737432,434530,501453,567243,596167,223532,148035,200862,193941,134609,228091,234919,160943,-9361,127727,272195,-8388607,0,2664,2667,2664,755,2473,-10110976,1,1,14,1,287,0,0,0,1
443353065,198102,202485,220357,184243,1370136,1283596,679085,738005,433882,500989,567367,596760,223631,148159,200787,193925,134607,228216,234975,160973,-9156,128022,272133,-8388607,0,2663,2666,2662,755,2479,-10110976,1,1,14,1,287,0,0,0,1
443353066,198001,202445,220278,184163,1369311,1282187,680129,738290,433118,500557,567547,597418,223751,148411,200647,194136,134600,228200,235037,161105,-9188,127886,272144,-8388607,0,2664,2663,2666,751,2479,-10110976,1,1,14,1,287,0,0,0,1
443353067,198029,202401,220309,184303,1368789,1280177,681397,738739,432429,500203,567695,598041,224121,148499,200816,194362,134716,228300,234929,161279,-9553,127664,272288,-8388607,0,2664,2663,2664,757,2476,-10110976,1,1,14,1,287,0,0,0,1
443353068,197826,202301,220359,184409,1368397,1278717,682830,738884,431612,499419,568026,598643,224038,148532,201174,194361,134595,228242,234988,161224,-9672,127640,272251,-8388607,0,2659,2665,2659,756,2479,-10110976,1,1,14,1,287,0,0,0,1
443353069,197693,202311,220666,184593,1368122,1278210,684627,739788,431072,498503,568496,599295,224085,148701,201315,194620,134555,228012,235073,161195,-9422,127717,272194,-8388607,0,2661,2666,2661,755,2482,-10110976,1,1,14,1,287,0,0,0,1
443353070,197752,202261,220630,184586,1367932,1277299,686486,740890,430080,497142,568544,599403,224283,148738,201379,194761,134649,228152,235153,161276,-9457,127793,272235,-8388607,0,2668,2661,2663,756,2478,-10110976,1,1,14,1,287,0,0,0,1
443353071,197684,202237,220285,184459,1366987,1276916,688479,742176,428821,495650,568044,599002,224187,148679,201373,194598,134635,228151,235061,161095,-9444,127578,272316,-8388607,0,2666,2665,2661,758,2475,-10110976,1,1,14,1,287,0,0,0,1
443353072,197460,202217,220083,184015,1364936,1276108,690179,743818,427495,494244,567683,598539,224348,148754,201258,194761,134628,228122,235082,161149,-9460,127562,272364,-8388607,0,2657,2665,2664,755,2482,-10110976,1,1,14,1,287,0,0,0,1
443353073,197484,202029,220045,183946,1362234,1274767,691630,745490,426037,492872,567303,598031,224226,148677,201502,194519,134822,228158,235125,161213,-9418,127773,272345,-8388607,0,2661,2659,2666,751,2477,-10110976,1,1,14,1,287,0,0,0,1
443353074,197481,201987,220110,184000,1359773,1273428,693434,747735,425001,491306,567516,597665,224224,148724,201233,194399,134736,228147,234954,161035,-9393,127870,272254,-8388607,0,2661,2664,2661,758,2475,-10110976,1,1,14,1,287,0,0,0,1
443353075,197657,201839,220188,184294,1357216,1272204,695552,750002,424077,489831,568074,597643,224198,148586,201002,194077,134582,228136,234789,161151,-9460,127601,272383,-8388607,0,2663,2670,2666,754,2480,-10110976,1,1,14,1,287,0,0,0,1
443353076,197511,201907,220314,184501,1355258,1271429,697613,752102,423440,488360,568748,597794,224011,148342,200803,194440,134325,228211,234686,160888,-9433,127525,272500,-8388607,0,2665,2664,2668,755,2477,-10110976,1,1,14,1,287,0,0,0,1
443353077,197685,201822,220460,184699,1352847,1269960,699394,754145,423183,487353,569578,597824,223640,148237,200819,194193,134601,228136,234811,160803,-9404,127739,272398,-8388607,0,2667,2666,2663,757,2477,-10110976,1,1,14,1,287,0,0,0,1
443353078,197604,201871,220576,184739,1349925,1267746,701106,756018,422696,486530,569685,597496,223557,148284,200792,194137,134544,228053,234831,160910,-9406,127852,272273,-8388607,0,2661,2667,2659,753,2481,-10110976,1,1,14,1,287,0,0,0,1
443353079,197535,201846,220686,184768,1346339,1264903,702720,758050,422201,486343,569995,597554,223339,148017,200880,194009,134390,227783,234981,160886,-9420,127828,272377,-8388607,0,2659,2663,2666,753,2484,-10110976,1,1,14,1,287,0,0,0,1
443353080,197935,201917,220527,185052,1342488,1261357,704383,760306,421773,485895,570340,598053,223628,148062,200989,194310,134413,227888,234906,161033,-9483,127734,272468,-8388607,0,2666,2663,2661,755,2478,-10110976,1,1,14,1,287,0,0,0,1
443353081,197821,201905,220433,185049,1338759,1257917,705810,762250,421301,485367,571109,598560,223791,148028,201010,194433,134328,227946,234969,161100,-9445,127565,272299,-8388607,0,2665,2664,2660,758,2479,-10110976,1,1,14,1,287,0,0,0,1
443353082,198142,201941,220653,185125,1335471,1254228,707354,764037,420757,484741,572230,599190,223880,148250,200944,194227,134384,228149,234844,160998,-9226,127883,272450,-8388607,0,2662,2666,2666,754,2484,-10110976,1,1,14,1,287,0,0,0,1
443353083,198113,201838,220642,184836,1333000,1250930,709084,766051,420505,483827,573410,599676,223985,148262,201090,194222,134429,228273,234795,161068,-9224,127865,272345,-8388607,0,2663,2661,2666,755,2477,-10110976,1,1,14,1,287,0,0,0,1
443353084,198179,201854,220571,184985,1330597,1247868,710900,768222,420168,482947,574092,599928,223979,148320,201032,194168,134675,228482,235156,161175,-9418,127674,272527,-8388607,0,2661,2665,2662,757,2476,-10110976,1,1,14,1,287,0,0,0,1
443353085,198120,201701,220190,184723,1328270,1244178,712570,770317,419468,481818,574126,599673,224164,148584,201061,194241,134560,228045,234949,161142,-9379,127693,272478,-8388607,0,2659,2664,2662,754,2483,-10110976,1,1,14,1,287,0,0,0,1
443353086,197850,201654,220275,184733,1325346,1240340,714077,772495,418708,480820,573810,599543,223940,148464,201038,194306,134723,228089,235155,161235,-9361,127774,272530,-8388607,0,2664,2661,2665,754,2478,-10110976,1,1,14,1,287,0,0,0,1
443353087,197710,201513,220158,184708,1322669,1236345,715894,774912,417779,480045,573814,599766,223976,148465,201169,194483,134745,228157,235371,161327,-9209,127982,272503,-8388607,0,2668,2663,2662,759,2475,-10110976,1,1,14,1,287,0,0,0,1
443353088,197538,201378,220216,184635,1320018,1232689,717546,777114,416897,479271,574458,600369,223773,148285,201236,194557,134654,228123,235255,161221,-9534,127648,272492,-8388607,0,2659,2668,2662,753,2480,-10110976,1,1,14,1,287,0,0,0,1
443353089,197386,201396,220153,184768,1318160,1229654,719404,779562,416253,478712,574913,601608,223846,148258,201300,194497,134808,228380,235140,161181,-9710,127414,272592,-8388607,0,2662,2663,2666,746,2482,-10110976,1,1,14,1,287,0,0,0,1
443353090,197292,201518,220254,184595,1316862,1227387,720874,781339,415596,478006,575790,602905,224031,148367,201423,194409,134588,228306,234879,160880,-9607,127576,272447,-8388607,0,2666,2663,2661,756,2478,-10110976,1,1,14,1,287,0,0,0,1
443353091,197338,201489,220178,184518,1315350,1225196,721989,783004,414985,477807,576183,604222,224096,148212,201135,194313,134571,228333,234641,160849,-9580,127620,272580,-8388607,0,2661,2667,2656,758,2482,-10110976,1,1,14,1,287,0,0,0,1
443353092,197445,201729,219975,184307,1313468,1223216,723134,784603,414969,477679,576650,605123,224177,148422,201143,194597,134509,228242,234591,160892,-9310,127896,272628,-8388607,0,2666,2666,2661,753,2480,-10110976,1,1,14,1,287,0,0,0,1
443353093,197524,201714,219881,184090,1311285,1220647,723964,785531,414791,477524,577357,605641,223960,148280,201180,194265,134405,228130,234675,160859,-9376,127710,272614,-8388607,0,2663,2663,2661,756,2478,-10110976,1,1,14,1,287,0,0,0,1
443353094,197453,201794,220077,184133,1308694,1218594,724902,786265,414866,477543,578468,606621,224082,148610,201143,194299,134208,227837,234916,161038,-9498,127661,272543,-8388607,0,2661,2666,2666,759,2477,-10110976,1,1,14,1,287,0,0,0,1
443353095,197538,202195,220610,184364,1306371,1216825,725660,787192,414966,477663,579993,608225,223986,148564,200973,194573,134453,227848,235029,161223,-9465,127806,272588,-8388607,0,2657,2665,2661,754,2482,-10110976,1,1,14,1,287,0,0,0,1
443353096,197608,202087,220698,184545,1304220,1216120,726502,788011,414891,477701,581338,610102,224120,148504,200985,194557,134406,227940,234993,161001,-9400,127749,272549,-8388607,0,2669,2665,2666,756,2477,-10110976,1,1,14,1,287,0,0,0,1
443353097,197675,202241,220771,184476,1302746,1215722,727140,788862,414868,477656,583144,611924,223963,148553,200887,194438,134367,227911,234745,161035,-9521,127578,272591,-8388607,0,2665,2665,2661,757,2474,-10110976,1,1,14,1,287,0,0,0,1
443353098,197711,202187,220607,184596,1301535,1215596,727585,789115,414725,477687,584692,613506,223830,148322,200947,194229,134504,228173,235006,161011,-9407,127646,272630,-8388607,0,2661,2668,2662,755,2477,-10110976,1,1,14,1,287,0,0,0,1
443353099,197671,202597,220684,184444,1299884,1215198,728241,789334,414373,477564,585596,614421,223864,148222,200907,194095,134558,228206,234846,161007,-9393,127843,272531,-8388607,0,2663,2665,2663,755,2479,-10110976,1,1,14,1,287,0,0,0,1
443353100,197691,202646,220446,184265,1298324,1214589,729595,789748,414275,477356,586336,615423,223608,148173,200870,193937,134658,228358,235035,161165,-9227,127911,272478,-8388607,0,2662,2664,2662,755,2477,-10110976,1,1,14,1,287,0,0,0,1
443353101,197624,202407,220190,184076,1296991,1213402,730953,789950,413886,477069,586802,616364,223675,147995,200883,194049,134787,228276,235125,161175,-9187,127949,272793,-8388607,0,2661,2666,2658,756,2479,-10110976,1,1,14,1,287,0,0,0,1
443353102,197550,202336,220081,184176,1295360,1212418,732325,790413,413734,476848,587622,617475,223929,148135,200737,194004,134794,228298,235147,161324,-9493,127716,272693,-8388607,0,2663,2662,2664,752,2479,-10110976,1,1,14,1,287,0,0,0,1
443353103,197488,202085,220033,184039,1294216,1212472,733747,791120,413311,476482,588543,619057,223835,148394,200644,193943,134789,228222,235172,161088,-9395,127710,272533,-8388607,0,2667,2659,2659,756,2477,-10110976,1,1,14,1,287,0,0,0,1
443353104,197341,201804,220263,184154,1293199,1212672,734490,792035,412962,476314,589450,620106,223998,148309,201021,194062,134686,228142,234983,161172,-9318,127790,272560,-8388607,0,2662,2661,2659,755,2477,-10110976,1,1,14,1,287,0,0,0,1
443353105,197358,201607,220347,184148,1292367,1212530,735169,792687,412199,475734,590050,621309,223984,148522,201015,194317,134692,228061,234965,160867,-9306,127491,272599,-8388607,0,2659,2664,2659,754,2482,-10110976,1,1,14,1,287,0,0,0,1
443353106,197182,201611,220289,184152,1291205,1211950,735943,793051,411517,475058,590564,622255,223913,148546,201137,194637,134458,228014,234788,161007,-9656,127418,272635,-8388607,0,2663,2659,2666,756,2478,-10110976,1,1,14,1,287,0,0,0,1
443353107,197209,201727,220210,184200,1290038,1210749,737096,793643,410772,474356,590652,622572,223962,148401,201232,194672,134326,227952,234630,160837,-9523,127553,272703,-8388607,0,2663,2664,2660,760,2475,-10110976,1,1,14,1,287,0,0,0,1
443353108,197395,201755,220165,184487,1288769,1208962,738173,794479,410060,473997,591002,623395,224139,148582,201288,194579,134486,227885,234810,161061,-9475,127624,272655,-8388607,0,2661,2664,2662,754,2479,-10110976,1,1,14,1,287,0,0,0,1
443353109,197614,201739,220249,184399,1287650,1207344,739191,795679,409609,473607,591332,624025,224088,148748,201196,194486,134245,227774,234820,161086,-9341,127816,272630,-8388607,0,2664,2662,2665,752,2477,-10110976,1,1,14,1,287,0,0,0,1
443353110,197704,201832,220176,184446,1286676,1206120,740261,797096,409018,473150,591867,624596,223991,148847,201151,194406,134264,228006,234704,160971,-9527,127573,272712,-8388607,0,2661,2665,2663,756,2475,-10110976,1,1,14,1,287,0,0,0,1
443353111,197806,201932,220239,184452,1285653,1205206,740764,798736,408370,472371,592379,625263,224230,148828,201121,194301,134432,228033,234836,161068,-9515,127676,272704,-8388607,0,2658,2668,2662,752,2479,-10110976,1,1,14,1,287,0,0,0,1
443353112,197927,201968,220477,184677,1284538,1204047,741350,800109,407575,471578,592303,625411,224154,148544,200939,194353,134456,228238,234713,161006,-9316,127931,272689,-8388607,0,2664,2663,2665,749,2479,-10110976,1,1,14,1,287,0,0,0,1
443353113,197971,202085,220586,184741,1283125,1202047,742246,801412,407032,470874,592222,625151,224094,148485,201016,194127,134553,228327,235019,161185,-9189,128024,272697,-8388607,0,2668,2666,2664,757,2477,-10110976,1,1,14,1,287,0,0,0,1
443353114,197903,201813,220412,184851,1281530,1199696,743131,802773,405771,469383,591670,624269,223693,148159,200979,194018,134684,228261,235051,161268,-9429,127623,272652,-8388607,0,2663,2668,2657,756,2475,-10110976,1,1,14,1,287,0,0,0,1
443353115,197874,201725,220678,184846,1279674,1196942,744132,804253,404629,467886,591272,623690,223616,148000,200929,194085,134858,228286,235227,161162,-9549,127583,272656,-8388607,0,2661,2664,2665,753,2481,-10110976,1,1,14,1,287,0,0,0,1
443353116,197676,201629,220751,184921,1277599,1194264,745269,805904,403591,466456,591155,623135,223606,148142,200944,194206,134894,228183,235347,161388,-9440,127715,272705,-8388607,0,2662,2661,2666,756,2477,-10110976,1,1,14,1,287,0,0,0,1
443353117,197564,201600,220766,184847,1275780,1192512,746373,807729,402073,464560,590777,622595,223757,148237,200824,194249,134721,228372,235102,161239,-9451,127736,272628,-8388607,0,2662,2667,2664,759,2477,-10110976,1,1,14,1,287,0,0,0,1
443353118,197449,201514,220512,184780,1273455,1190517,747132,809640,400724,462914,590561,621999,223583,148248,200691,194297,134622,228211,235098,161126,-9480,127724,272733,-8388607,0,2662,2672,2666,757,2481,-10110976,1,1,14,1,287,0,0,0,1
443353119,197335,201476,220235,184666,1271105,1187727,748496,811213,399460,461305,590264,621383,223669,148469,201005,194329,134457,228241,234916,161049,-9695,127512,272666,-8388607,0,2666,2664,2666,752,2475,-10110976,1,1,14,1,287,0,0,0,1
443353120,197310,201541,220249,184562,1268538,1185083,749840,813014,398116,459975,589714,620851,223994,148474,201022,194309,134463,227916,234864,160865,-9556,127509,272785,-8388607,0,2664,2665,2663,758,2475,-10110976,1,1,14,1,287,0,0,0,1
443353121,197401,201534,220165,184499,1266077,1182006,751563,814857,396926,458707,589119,620300,224085,148693,200958,194200,134462,227962,234668,161033,-9411,127706,272615,-8388607,0,2661,2668,2664,754,2482,-10110976,1,1,14,1,287,0,0,0,1
443353122,197371,201490,220145,184598,1262936,1179066,753274,816775,395948,457612,588624,620006,224347,148546,200990,194146,134330,227891,234653,160854,-9442,127685,272660,-8388607,0,2661,2665,2666,750,2477,-10110976,1,1,14,1,287,0,0,0,1
443353123,197510,201379,220176,184467,1260204,1176196,755229,818515,394824,457088,588785,619929,224228,148702,201082,194385,134284,227897,234825,160725,-9587,127570,272682,-8388607,0,2665,2662,2662,758,2477,-10110976,1,1,14,1,287,0,0,0,1
443353124,197624,201695,220411,184517,1257830,1173550,757488,820562,394092,456470,589524,620267,224156,148624,201009,194334,134331,227940,234754,160924,-9514,127630,272735,-8388607,0,2663,2667,2662,753,2480,-10110976,1,1,14,1,287,0,0,0,1
443353125,197628,201754,220531,184581,1255962,1171421,760105,822635,393585,455736,589999,620965,224118,148395,201168,194389,134346,227943,234558,160932,-9507,127789,272667,-8388607,0,2661,2662,2662,752,2479,-10110976,1,1,14,1,287,0,0,0,1
443353126,197726,201967,220576,184509,1254005,1169530,763100,824898,393542,455343,590717,621468,223820,148323,201105,194429,134463,227975,234866,160895,-9440,127679,272810,-8388607,0,2663,2662,2665,755,2478,-10110976,1,1,14,1,287,0,0,0,1
443353127,197888,202204,220413,184499,1252002,1167488,765972,826735,393277,454740,590946,621520,223673,148291,200775,194636,134416,228221,234798,160894,-9322,127668,272732,-8388607,0,2660,2665,2661,759,2478,-10110976,1,1,14,1,287,0,0,0,1
443353128,197684,202261,220202,184243,1250505,1165960,768631,828876,393054,454371,591272,621961,223794,148250,200916,194261,134514,228112,234919,160920,-9432,127733,272691,-8388607,0,2659,2661,2664,753,2484,-10110976,1,1,14,1,287,0,0,0,1
443353129,197766,202374,220160,184445,1248496,1164725,771333,831336,392626,453821,591534,622020,223607,147873,200861,194060,134818,228103,235121,161123,-9293,127708,272651,-8388607,0,2667,2661,2664,759,2477,-10110976,1,1,14,1,287,0,0,0,1
443353130,197704,202536,220328,184413,1246886,1163879,774313,833911,392129,452939,591997,622602,223539,148075,200678,193909,134730,228332,235173,161314,-9254,127872,272733,-8388607,0,2661,2665,2662,759,2478,-10110976,1,1,14,1,287,0,0,0,1
443353131,197483,202528,220293,184397,1245116,1163035,777132,836566,391492,452087,592513,623756,223579,147972,200759,193921,134722,228292,235049,161190,-9414,127776,272753,-8388607,0,2660,2661,2664,754,2482,-10110976,1,1,14,1,287,0,0,0,1
443353132,197632,202298,220245,184143,1243467,1161777,779930,839064,390632,451416,592802,624675,223774,148179,200894,194027,134753,228410,235005,161019,-9593,127523,272764,-8388607,0,2664,2666,2665,754,2476,-10110976,1,1,14,1,287,0,0,0,1
443353133,197480,202066,220246,184136,1241687,1160405,782408,841082,389559,450742,593266,625852,223768,148140,200897,193976,134646,228212,234845,160820,-9407,127549,272870,-8388607,0,2665,2666,2664,759,2471,-10110976,1,1,14,1,287,0,0,0,1
443353134,197412,202030,220453,184274,1239495,1158684,784260,842945,388893,450247,593616,626821,223957,148344,201005,194326,134408,228127,234826,160944,-9309,127645,272676,-8388607,0,2666,2670,2659,755,2481,-10110976,1,1,14,1,287,0,0,0,1
443353135,197287,202037,220445,184161,1237218,1157012,785407,844015,388173,449762,594001,627551,223880,148394,200981,194520,134374,227999,234782,160885,-9516,127578,272776,-8388607,0,2663,2663,2662,753,2481,-10110976,1,1,14,1,287,0,0,0,1
443353136,197270,202032,220348,184025,1234914,1155057,786195,844912,388081,449666,594552,628823,223961,148606,201262,194503,134448,227852,234948,160981,-9609,127446,272817,-8388607,0,2661,2666,2664,757,2473,-10110976,1,1,14,1,287,0,0,0,1
443353137,197247,202074,220430,184134,1232894,1153138,786645,846226,387891,449487,595698,629914,224134,148694,201059,194690,134490,227932,234888,160993,-9646,127499,272755,-8388607,0,2658,2673,2659,755,2477,-10110976,1,1,14,1,287,0,0,0,1
443353138,197372,202219,220439,184271,1231025,1151421,787696,847140,387840,449673,597035,631482,223909,148949,201014,194505,134326,227813,234685,160820,-9380,127680,272664,-8388607,0,2662,2662,2666,755,2481,-10110976,1,1,14,1,287,0,0,0,1
443353139,197569,202283,220400,184424,1229573,1149970,788444,848547,387737,449582,598753,632820,223983,148678,201061,194483,134385,227865,234617,160718,-9345,127941,272754,-8388607,0,2666,2663,2666,757,2477,-10110976,1,1,14,1,287,0,0,0,1
443353140,197489,202271,220301,184532,1228737,1148459,789059,849506,387833,449517,600382,633913,223940,148661,201045,194198,134351,227889,234553,160811,-9575,127535,272841,-8388607,0,2659,2665,2664,758,2477,-10110976,1,1,14,1,287,0,0,0,1
443353141,197755,202311,220547,184574,1228152,1147018,789480,850061,388291,449300,601637,635160,224139,148618,201052,194377,134396,228137,234807,160995,-9584,127552,272819,-8388607,0,2659,2665,2661,752,2481,-10110976,1,1,14,1,287,0,0,0,1
443353142,197739,202273,220451,184631,1227904,1145797,789891,850449,388173,449090,602808,636185,223985,148467,201131,194375,134480,228288,234885,161115,-9472,127791,272842,-8388607,0,2664,2664,2665,755,2479,-10110976,1,1,14,1,287,0,0,0,1
443353143,197798,202124,220416,184622,1228101,1144643,790580,851037,388027,448935,603595,637221,223982,148163,201001,194234,134558,228099,235117,161071,-9306,127869,272771,-8388607,0,2668,2664,2662,758,2478,-10110976,1,1,14,1,287,0,0,0,1
443353144,197738,201863,220346,184579,1228114,1143296,791793,852240,387498,448691,604582,638414,223812,148052,200788,194315,134563,228233,235217,161314,-9450,127655,272868,-8388607,0,2661,2667,2666,752,2480,-10110976,1,1,14,1,287,0,0,0,1
443353145,197564,201689,220188,184586,1228232,1142308,793367,853626,386851,448138,605413,639749,223561,148450,200973,193978,134701,227967,235092,161219,-9599,127483,272922,-8388607,0,2664,2663,2666,751,2477,-10110976,1,1,14,1,287,0,0,0,1
443353146,197467,201650,220284,184482,1228338,1141647,794836,854859,386302,447323,606071,641207,223466,148241,200835,194006,134657,228092,235026,161110,-9616,127545,272941,-8388607,0,2664,2662,2662,756,2475,-10110976,1,1,14,1,287,0,0,0,1
443353147,197274,201608,220127,184683,1228177,1141025,795772,855844,385724,446660,606912,642347,223683,148172,200578,194291,134776,228053,234966,161081,-9514,127803,273001,-8388607,0,2659,2668,2662,753,2480,-10110976,1,1,14,1,287,0,0,0,1
443353148,197393,201384,220007,184628,1228003,1140091,796432,856339,385095,446284,607537,643185,223749,148212,200740,194117,134642,228109,234967,160980,-9449,127744,272854,-8388607,0,2661,2665,2665,751,2479,-10110976,1,1,14,1,287,0,0,0,1
443353149,197246,201414,219786,184389,1227354,1139464,796889,856678,384775,445949,608106,644062,223692,148567,200841,194389,134555,228045,234803,161037,-9583,127526,272899,-8388607,0,2666,2663,2659,756,2478,-10110976,1,1,14,1,287,0,0,0,1
443353150,197328,201288,219794,184499,1226910,1138823,797701,857434,384425,445180,608435,644695,223824,148278,200921,194390,134472,228012,234813,161035,-9587,127508,272863,-8388607,0,2663,2668,2657,760,2481,-10110976,1,1,14,1,287,0,0,0,1
443353151,197324,201345,220254,184473,1226311,1138078,799216,858788,383771,445023,609278,645441,223905,148374,200939,194269,134469,228108,234833,161052,-9434,127544,272813,-8388607,0,2660,2664,2665,753,2482,-10110976,1,1,14,1,287,0,0,0,1
443353152,197287,201405,220194,184522,1225480,1137508,801169,860710,383373,444440,609739,646036,224017,148407,201215,194301,134479,228076,234699,160963,-9539,127460,272871,-8388607,0,2661,2662,2664,756,2476,-10110976,1,1,14,1,287,0,0,0,1
443353153,197493,201579,220524,184609,1224814,1137527,803138,862675,383039,443974,610636,646568,224082,148664,201341,194462,134390,228047,234819,161012,-9406,127583,272979,-8388607,0,2662,2666,2664,760,2475,-10110976,1,1,14,1,287,0,0,0,1
443353154,197601,201690,220282,184588,1224038,1137487,804531,864760,382066,443095,610921,646841,224038,148490,200996,194294,134477,228019,234737,160795,-9512,127608,272961,-8388607,0,2659,2665,2663,754,2481,-10110976,1,1,14,1,287,0,0,0,1
443353155,197773,201917,220335,184640,1222795,1137575,806074,866840,381216,442228,611051,646492,224189,148631,201166,194345,134415,228092,234840,161005,-9390,127623,272865,-8388607,0,2667,2660,2670,756,2479,-10110976,1,1,14,1,287,0,0,0,1
443353156,197809,202109,220510,184639,1221457,1137277,807472,868783,380376,441055,610845,646103,224118,148785,201324,194559,134596,227923,234989,161051,-9305,127809,272908,-8388607,0,2668,2662,2666,757,2473,-10110976,1,1,14,1,287,0,0,0,1
443353157,197644,202136,220402,184575,1220094,1136701,809504,870878,379462,439592,610339,645508,224258,148541,201028,194516,134680,227982,234938,161039,-9331,127758,272839,-8388607,0,2661,2673,2659,754,2480,-10110976,1,1,14,1,287,0,0,0,1
443353158,197645,202340,220429,184554,1218462,1135439,811918,873032,378313,438132,610117,644506,223873,148348,200868,194465,134426,228148,235003,161131,-9377,127548,272931,-8388607,0,2660,2665,2670,751,2477,-10110976,1,1,14,1,287,0,0,0,1
443353159,197618,202368,220429,184510,1216652,1133833,814198,875080,376810,436307,609504,643774,223936,148418,200980,194500,134636,228253,234995,161351,-9411,127647,272854,-8388607,0,2668,2666,2664,756,2478,-10110976,1,1,14,1,287,0,0,0,1
443353160,197534,202246,220396,184532,1214932,1132223,815982,877187,375530,434525,608831,643016,223772,148489,201014,194305,134509,228300,235074,161360,-9275,127729,272750,-8388607,0,2664,2672,2657,749,2481,-10110976,1,1,14,1,287,0,0,0,1
443353161,197443,202171,220474,184621,1212866,1130940,817431,878688,374211,432671,608648,642420,224004,148270,201170,194118,134666,228409,235009,161185,-9410,127704,272876,-8388607,0,2663,2663,2666,754,2481,-10110976,1,1,14,1,287,0,0,0,1
443353162,197193,202095,220586,184223,1211065,1129746,819189,880650,372992,431512,608257,641767,223629,148007,201084,194317,134803,228143,235174,161114,-9671,127390,272822,-8388607,0,2661,2663,2668,757,2477,-10110976,1,1,14,1,287,0,0,0,1
443353163,197206,201876,220435,184046,1209600,1128353,821207,882571,371756,430042,607729,641085,223762,147803,200977,194043,134639,228207,235023,161176,-9576,127474,272986,-8388607,0,2658,2665,2664,758,2477,-10110976,1,1,14,1,287,0,0,0,1
443353164,197294,202021,220197,184127,1208590,1126925,824300,885353,371128,428789,607548,640717,223932,148130,200968,194157,134532,228195,235026,161176,-9518,127689,272969,-8388607,0,2657,2666,2664,754,2481,-10110976,1,1,14,1,287,0,0,0,1
443353165,197415,202164,220048,184113,1207333,1124905,828095,887952,370208,427768,607288,640609,223817,148413,200902,194148,134570,228241,234938,160943,-9416,127734,272870,-8388607,0,2665,2659,2664,755,2476,-10110976,1,1,14,1,287,0,0,0,1
443353166,197300,202222,219888,184134,1206498,1122690,831487,890569,369518,427383,607485,641008,223834,148490,200956,194389,134528,228100,234794,161009,-9508,127694,272938,-8388607,0,2665,2664,2662,759,2475,-10110976,1,1,14,1,287,0,0,0,1
443353167,197324,202180,219999,184049,1205490,1121063,834440,893402,368943,427073,607497,641375,223881,148547,200813,194382,134425,228012,234707,160968,-9629,127521,272993,-8388607,0,2661,2666,2662,754,2481,-10110976,1,1,14,1,287,0,0,0,1
443353168,197410,202248,220228,184154,1203917,1119106,836765,895412,368195,426851,607871,641736,223645,148462,200873,194197,134477,227838,234711,160791,-9534,127691,272907,-8388607,0,2658,2664,2666,751,2477,-10110976,1,1,14,1,287,0,0,0,1
443353169,197439,202237,220207,184427,1201838,1116686,838602,896950,367850,426424,608304,642209,223977,148546,201137,194534,134461,227826,234680,160795,-9451,127832,273043,-8388607,0,2661,2663,2662,757,2475,-10110976,1,1,14,1,287,0,0,0,1
443353170,197784,202332,220193,184516,1199922,1114073,840747,898686,367437,425976,608435,642381,223908,148293,201116,194472,134212,227830,234779,160931,-9418,127768,272965,-8388607,0,2661,2668,2661,753,2480,-10110976,1,1,14,1,287,0,0,0,1
443353171,197801,202226,220305,184532,1197879,1111068,843461,900696,366763,425284,608558,642291,223873,148360,201152,194404,134244,227880,234826,161059,-9410,127663,272963,-8388607,0,2668,2663,2663,752,2481,-10110976,1,1,14,1,287,0,0,0,1
443353172,197892,202160,220574,184544,1195700,1107847,846032,902621,365802,424377,608246,642466,223826,148323,201035,194326,134434,227970,234898,161029,-9351,127705,273225,-8388607,0,2668,2662,2664,756,2476,-10110976,1,1,14,1,287,0,0,0,1
443353173,197779,202100,220439,184485,1193354,1104988,847784,904520,364729,423433,607953,642812,223843,148200,200801,194170,134472,227841,234844,161078,-9375,127803,273015,-8388607,0,2661,2667,2662,759,2479,-10110976,1,1,14,1,287,0,0,0,1
443353174,197764,202197,220484,184771,1191030,1102725,849138,906539,363784,422553,607844,643558,223940,148178,200670,194129,134329,228082,234890,161059,-9171,127764,272925,-8388607,0,2659,2666,2661,752,2482,-10110976,1,1,14,1,287,0,0,0,1
443353175,197776,202054,220282,184589,1188835,1100785,850400,908228,362661,421659,608071,644545,223696,148378,200891,194175,134616,228264,235057,160934,-9484,127558,273017,-8388607,0,2663,2663,2660,757,2477,-10110976,1,1,14,1,287,0,0,0,1
443353176,197679,201967,220297,184639,1187044,1098993,851740,910146,361384,420695,608348,645426,223817,148277,200731,194060,134633,228141,234975,161112,-9462,127667,273135,-8388607,0,2662,2665,2664,760,2476,-10110976,1,1,14,1,287,0,0,0,1
443353177,197517,201859,220383,184471,1185730,1097195,853340,912194,360635,419819,608512,646163,223613,148241,200799,194020,134727,228170,234951,161097,-9560,127755,272992,-8388607,0,2658,2665,2664,755,2481,-10110976,1,1,14,1,287,0,0,0,1
443353178,197480,201734,220140,184477,1184422,1095661,855616,914499,360204,419747,609172,647412,223910,148326,201083,194200,134772,228157,234893,161093,-9411,127714,273184,-8388607,0,2661,2665,2670,753,2477,-10110976,1,1,14,1,287,0,0,0,1
443353179,197220,201534,220004,184551,1183009,1094280,857051,916454,359919,419217,610073,648566,223706,148145,200968,194075,134650,228121,235028,161074,-9592,127587,273067,-8388607,0,2661,2663,2664,759,2473,-10110976,1,1,14,1,287,0,0,0,1
443353180,197226,201382,220007,184523,1181834,1093584,858182,917885,360215,419414,611134,649897,223894,148423,200971,194330,134661,228175,235002,161090,-9616,127596,273114,-8388607,0,2661,2668,2662,754,2481,-10110976,1,1,14,1,287,0,0,0,1
443353181,197229,201402,220223,184583,1180891,1093104,858517,919057,360414,419615,612859,650962,223921,148324,201096,194279,134555,228213,234899,161095,-9459,127642,273022,-8388607,0,2664,2664,2666,749,2481,-10110976,1,1,14,1,287,0,0,0,1
443353182,197214,201510,220418,184621,1180041,1092428,859009,919586,360866,419906,614653,652494,224081,148503,201284,194354,134582,228127,234790,161042,-9612,127514,273105,-8388607,0,2664,2665,2663,756,2477,-10110976,1,1,14,1,287,0,0,0,1
443353183,197385,201376,220229,184530,1179440,1091548,859748,920533,361213,419948,616698,654167,224078,148662,201013,194463,134457,228160,234802,161007,-9477,127594,273231,-8388607,0,2662,2667,2659,756,2481,-10110976,1,1,14,1,287,0,0,0,1
443353184,197495,201550,220126,184695,1178861,1090997,861010,921472,361424,419761,618575,655315,224329,148720,201075,194291,134389,228118,234849,161086,-9456,127616,273175,-8388607,0,2664,2666,2665,753,2482,-10110976,1,1,14,1,287,0,0,0,1
443353185,197576,201717,220133,184732,1178447,1090791,862847,922880,361404,419770,620544,656521,224332,148720,201157,194460,134363,228064,234886,161139,-9505,127597,273235,-8388607,0,2663,2659,2662,755,2476,-10110976,1,1,14,1,287,0,0,0,1
443353186,197613,201902,220236,184585,1178072,1090919,864083,924534,360976,419179,622266,657638,223944,148557,201081,194321,134476,228052,234900,161109,-9348,127834,273218,-8388607,0,2663,2666,2658,759,2479,-10110976,1,1,14,1,287,0,0,0,1
443353187,197592,202140,220360,184738,1177500,1091482,865053,926234,360851,419009,623664,658693,224038,148552,201060,194398,134538,228034,234954,161030,-9336,127842,273231,-8388607,0,2661,2664,2664,754,2482,-10110976,1,1,14,1,287,0,0,0,1
443353188,197687,202031,220295,184602,1177080,1092170,865864,927412,360632,418274,624845,659551,223764,148433,201089,194322,134388,227990,234870,161004,-9507,127608,273128,-8388607,0,2663,2662,2666,756,2478,-10110976,1,1,14,1,287,0,0,0,1
443353189,197731,202181,220166,184722,1176781,1092345,867071,928564,360254,417540,625814,660715,223626,148047,200793,194225,134428,227945,234863,161069,-9477,127813,273207,-8388607,0,2658,2665,2664,757,2475,-10110976,1,1,14,1,287,0,0,0,1
443353190,197766,202049,220299,184674,1176599,1092018,868481,929640,359525,417177,626961,662132,223643,147828,200772,194150,134544,228110,234886,161105,-9322,127871,273152,-8388607,0,2658,2668,2663,748,2482,-10110976,1,1,14,1,287,0,0,0,1
443353191,197689,202017,220280,184478,1176479,1091443,870637,930980,359020,416973,628108,663131,223658,148100,201026,193989,134538,228099,234856,161001,-9268,127637,273162,-8388607,0,2661,2664,2666,752,2479,-10110976,1,1,14,1,287,0,0,0,1
443353192,197490,201848,220063,184306,1176467,1091066,872932,932522,358627,416511,629028,664246,223717,148048,200805,193777,134586,228209,234815,160980,-9536,127504,273167,-8388607,0,2665,2668,2661,762,2473,-10110976,1,1,14,1,287,0,0,0,1
443353193,197428,201921,220217,184292,1176273,1090827,874976,934300,358378,415932,630066,665484,223620,148082,200846,194145,134523,228167,234798,161020,-9660,127563,273166,-8388607,0,2661,2668,2662,753,2482,-10110976,1,1,14,1,287,0,0,0,1
443353194,197390,201945,220180,184262,1175800,1090463,876638,935721,358322,415415,631085,666398,223960,148166,200781,194238,134534,228211,235027,160995,-9529,127644,273266,-8388607,0,2662,2666,2663,751,2481,-10110976,1,1,14,1,287,0,0,0,1
443353195,197200,201728,219975,184312,1175275,1089731,878175,936787,358019,415060,631739,667011,223913,148453,201069,194313,134585,228055,234897,160998,-9334,127626,273273,-8388607,0,2666,2671,2666,755,2477,-10110976,1,1,14,1,287,0,0,0,1
443353196,197368,201847,220094,184357,1174452,1088330,879602,938152,357521,414731,632703,667418,223889,148407,201150,194290,134581,228014,234744,161005,-9397,127597,273199,-8388607,0,2663,2667,2661,756,2475,-10110976,1,1,14,1,287,0,0,0,1
443353197,197216,201889,220090,184174,1173701,1087119,881868,939436,357373,414390,633522,667764,224131,148700,201162,194422,134487,228059,234826,160816,-9620,127507,273136,-8388607,0,2661,2660,2666,753,2481,-10110976,1,1,14,1,287,0,0,0,1
443353198,197385,202150,220290,184173,1173207,1085510,884198,941369,356833,413737,634097,668021,224149,148741,201362,194685,134493,228105,234921,160927,-9417,127520,273236,-8388607,0,2667,2663,2661,755,2479,-10110976,1,1,14,1,287,0,0,0,1
443353199,197417,202085,220387,184116,1172601,1083958,886295,942952,356156,412630,633947,667944,224177,148702,201258,194710,134463,227961,234837,160803,-9275,127810,273339,-8388607,0,2661,2664,2666,760,2477,-10110976,1,1,14,1,287,0,0,0,1
443353200,197595,201966,220269,184118,1171392,1082292,888084,944970,355249,411780,634133,667386,224126,148692,201267,194542,134514,228045,235029,161052,-9463,127627,273244,-8388607,0,2659,2664,2662,754,2481,-10110976,1,1,14,1,287,0,0,0,1
443353201,197792,202124,220320,184344,1169920,1080673,889289,946587,354241,410512,633885,666226,224038,148522,201134,194349,134685,228141,235077,161011,-9469,127721,273259,-8388607,0,2661,2662,2666,752,2478,-10110976,1,1,14,1,287,0,0,0,1
443353202,197713,202135,220386,184527,1168146,1078961,890570,948029,352846,409020,633191,665456,224055,148671,201155,194254,134628,228203,235083,160983,-9375,127605,273222,-8388607,0,2665,2665,2663,759,2473,-10110976,1,1,14,1,287,0,0,0,1
443353203,197678,202336,220604,184530,1166108,1076730,891539,949865,351820,407506,632752,664678,224143,148527,200938,194049,134536,228214,234947,161143,-9374,127702,273198,-8388607,0,2665,2669,2664,755,2477,-10110976,1,1,14,1,287,0,0,0,1
443353204,197767,202263,220574,184585,1164131,1074425,893269,951498,350397,405913,632174,663749,223876,148198,200838,194049,134578,228242,234924,161099,-9450,127811,273243,-8388607,0,2665,2664,2667,750,2477,-10110976,1,1,14,1,287,0,0,0,1
443353205,197824,202144,220349,184767,1162239,1072366,895096,953537,349221,404589,631396,663110,223592,148122,200729,194019,134658,228201,235043,161109,-9254,127634,273313,-8388607,0,2664,2666,2665,756,2477,-10110976,1,1,14,1,287,0,0,0,1
443353206,197839,202116,220239,184668,1160524,1070181,896657,955574,348095,403147,630691,662718,223528,148030,200791,194331,134549,228179,234945,160891,-9268,127841,273287,-8388607,0,2662,2669,2659,754,2477,-10110976,1,1,14,1,287,0,0,0,1
443353207,197714,201923,220195,184626,1158297,1068140,898176,957188,346664,402064,629910,662272,223379,148150,201031,194396,134543,227994,234700,160747,-9351,127865,273197,-8388607,0,2663,2664,2663,752,2481,-10110976,1,1,14,1,287,0,0,0,1
443353208,197601,201754,220197,184337,1155949,1066319,899281,959396,345622,401344,629188,662364,223535,148153,201224,194324,134525,228033,234832,160812,-9507,127758,273156,-8388607,0,2668,2662,2664,755,2478,-10110976,1,1,14,1,287,0,0,0,1
443353209,197492,201491,220161,184244,1153358,1064358,900742,961400,344482,400527,628504,662618,223941,148159,200969,194241,134654,228006,234761,160848,-9585,127531,273179,-8388607,0,2661,2665,2662,756,2478,-10110976,1,1,14,1,287,0,0,0,1
443353210,197543,201359,220142,184458,1150641,1061982,902134,963804,343765,400033,628523,662959,224100,148521,201027,194472,134537,227931,234916,160841,-9519,127535,273293,-8388607,0,2657,2664,2665,755,2481,-10110976,1,1,14,1,287,0,0,0,1
443353211,197504,201284,220013,184516,1148100,1059594,904182,965791,342893,399612,628594,663171,224042,148411,201093,194249,134434,227923,234687,161011,-9448,127642,273106,-8388607,0,2661,2663,2664,754,2477,-10110976,1,1,14,1,287,0,0,0,1
443353212,197448,201313,219990,184581,1145927,1057284,906619,967860,342404,399263,629211,663905,224207,148780,201163,194244,134401,228135,234920,161051,-9407,127637,273239,-8388607,0,2661,2665,2662,759,2475,-10110976,1,1,14,1,287,0,0,0,1
443353213,197401,201492,220089,184592,1144283,1055004,908988,969868,342259,398728,629544,664280,224358,148737,201227,194462,134463,228346,235012,161178,-9470,127629,273252,-8388607,0,2661,2670,2659,755,2481,-10110976,1,1,14,1,287,0,0,0,1
443353214,197428,201519,219906,184556,1142655,1053017,911256,971504,341912,398058,629644,664831,224160,148667,201097,194405,134396,228270,234967,161291,-9574,127539,273247,-8388607,0,2664,2661,2668,751,2478,-10110976,1,1,14,1,287,0,0,0,1
443353215,197612,201659,219940,184566,1140990,1051412,913241,973173,341535,397630,629695,664850,223927,148418,201201,194664,134488,228194,235003,161014,-9471,127741,273174,-8388607,0,2663,2665,2663,757,2475,-10110976,1,1,14,1,287,0,0,0,1
443353216,197912,201650,220163,184822,1139764,1049528,915763,974905,340969,397307,629926,665297,223913,148514,201150,194629,134854,228114,235064,161128,-9380,127813,273218,-8388607,0,2660,2668,2666,755,2480,-10110976,1,1,14,1,287,0,0,0,1
443353217,197914,201835,220269,184896,1138516,1047876,918251,977087,340168,396403,630474,665787,223710,148365,201121,194485,134684,228204,235047,161116,-9340,127772,273321,-8388607,0,2661,2662,2666,752,2481,-10110976,1,1,14,1,287,0,0,0,1
443353218,197991,201833,220280,184725,1137409,1046653,921345,979419,339279,395531,630743,666917,223614,148176,201143,194191,134814,228154,235071,161107,-9509,127664,273220,-8388607,0,2668,2659,2662,757,2473,-10110976,1,1,14,1,287,0,0,0,1
443353219,197911,201949,220402,184681,1136359,1045447,924214,981909,338480,394783,631316,668325,223634,148352,200817,194047,134821,228061,235032,161022,-9485,127617,273244,-8388607,0,2663,2669,2659,756,2477,-10110976,1,1,14,1,287,0,0,0,1
443353220,197805,201850,220424,184585,1135078,1043971,926811,984273,337902,394296,632168,669624,223708,148140,200657,193789,134685,228214,234970,161193,-9435,127714,273319,-8388607,0,2662,2664,2664,752,2483,-10110976,1,1,14,1,287,0,0,0,1
443353221,197783,201722,220366,184581,1133718,1042349,929208,986084,337226,393738,633378,670778,223685,148108,200712,194055,134680,228214,235006,161144,-9274,127832,273263,-8388607,0,2663,2659,2664,755,2478,-10110976,1,1,14,1,287,0,0,0,1
443353222,197616,201781,220153,184528,1132531,1040732,931035,987542,337051,393305,634330,671542,223819,148246,200737,194066,134336,228164,234923,161126,-9412,127747,273201,-8388607,0,2659,2665,2666,760,2477,-10110976,1,1,14,1,287,0,0,0,1
443353223,197576,201674,220223,184453,1130891,1038782,932296,988670,336962,393102,635710,672753,223863,148307,200899,194266,134566,228148,234743,160987,-9475,127544,273264,-8388607,0,2661,2664,2664,755,2481,-10110976,1,1,14,1,287,0,0,0,1
443353224,197393,201780,220165,184483,1128690,1036768,933127,989278,337230,393128,637425,673856,223892,148578,201147,194396,134481,228096,234787,161019,-9432,127664,273285,-8388607,0,2667,2664,2665,752,2484,-10110976,1,1,14,1,287,0,0,0,1
443353225,197414,201761,220143,184267,1126238,1034769,933172,989816,337479,393132,639466,675183,224218,148501,201316,194457,134364,227818,234623,160965,-9427,127552,273174,-8388607,0,2665,2673,2663,759,2471,-10110976,1,1,14,1,287,0,0,0,1
443353226,197372,201807,220081,184283,1123704,1032785,933317,990584,337596,392966,641617,676576,224214,148609,201177,194587,134344,227790,234720,160967,-9503,127631,273266,-8388607,0,2659,2668,2663,753,2481,-10110976,1,1,14,1,287,0,0,0,1
443353227,197503,201788,219993,184262,1120835,1030477,933358,990978,337667,393004,643683,677830,224086,148611,201137,194510,134250,227767,234678,160733,-9629,127386,273163,-8388607,0,2672,2665,2666,750,2477,-10110976,1,1,14,1,287,0,0,0,1
443353228,197541,201856,220307,184315,1118408,1028322,933337,991147,337766,392876,645685,679211,224138,148562,201212,194544,134600,228151,234955,160983,-9489,127708,273351,-8388607,0,2668,2662,2664,758,2477,-10110976,1,1,14,1,287,0,0,0,1
443353229,197730,202130,220464,184248,1116743,1026183,933588,991135,337767,392658,647244,680641,224163,148561,201063,194522,134438,228076,234946,161020,-9456,127795,273320,-8388607,0,2662,2667,2659,755,2479,-10110976,1,1,14,1,287,0,0,0,1
443353230,197877,202227,220457,184411,1115456,1024386,934029,991406,337548,392280,648661,681607,224175,148455,201059,194384,134587,228125,235012,161073,-9468,127668,273379,-8388607,0,2662,2663,2665,753,2482,-10110976,1,1,14,1,287,0,0,0,1
443353231,197955,202297,220365,184486,1114390,1022875,934920,991505,337080,391726,650399,682684,223955,148411,201077,194244,134561,228253,235269,161158,-9448,127774,273320,-8388607,0,2663,2662,2664,755,2478,-10110976,1,1,14,1,287,0,0,0,1
443353232,198004,202309,220298,184522,1113524,1021296,935754,992355,336678,391153,652191,684169,223832,148412,201079,194291,134700,228204,235075,161142,-9434,127714,273317,-8388607,0,2661,2666,2660,760,2479,-10110976,1,1,14,1,287,0,0,0,1
443353233,197867,202427,220292,184632,1112690,1019878,937038,993334,336482,390573,653718,685951,223713,148061,200849,194079,134674,228259,235195,161221,-9374,127889,273370,-8388607,0,2659,2665,2664,761,2482,-10110976,1,1,14,1,287,0,0,0,1
443353234,197756,202386,220265,184361,1112004,1018463,938822,994285,336273,389878,655393,687615,223566,148045,200924,194189,134900,228335,235078,161261,-9124,127836,273330,-8388607,0,2672,2664,2663,750,2477,-10110976,1,1,14,1,287,0,0,0,1
443353235,197625,202060,220109,184197,1111005,1016733,940028,995283,335973,389336,656881,688956,223601,148089,200846,194167,134593,228181,235008,161098,-9421,127658,273304,-8388607,0,2665,2664,2662,759,2473,-10110976,1,1,14,1,287,0,0,0,1
443353236,197493,201933,220004,184269,1110077,1014993,941009,996005,335749,389207,658286,689964,223711,148139,200762,194318,134527,228219,234768,160963,-9491,127660,273361,-8388607,0,2661,2668,2662,754,2482,-10110976,1,1,14,1,287,0,0,0,1
443353237,197446,201638,219942,184371,1109222,1013620,942050,996709,335632,388874,659408,690833,223811,148277,201334,194483,134467,228245,234785,161035,-9362,127659,273407,-8388607,0,2661,2665,2670,754,2477,-10110976,1,1,14,1,287,0,0,0,1
443353238,197524,201479,220071,184532,1107885,1012491,942839,997742,335502,388691,660937,692028,223906,148615,201382,194424,134503,228013,234642,160959,-9461,127626,273338,-8388607,0,2665,2665,2662,759,2473,-10110976,1,1,14,1,287,0,0,0,1
443353239,197237,201203,220134,184261,1106528,1011089,943885,999354,335381,388683,662162,692681,224134,148609,201021,194303,134408,227962,234711,161131,-9666,127557,273409,-8388607,0,2665,2668,2659,755,2477,-10110976,1,1,14,1,287,0,0,0,1
443353240,197354,201274,220021,183992,1105437,1009897,945510,1000906,335037,388029,663251,693356,223985,148313,200871,194063,134375,227795,234866,161056,-9672,127515,273393,-8388607,0,2663,2660,2666,749,2481,-10110976,1,1,14,1,287,0,0,0,1
443353241,197479,201387,220242,184273,1104246,1008616,947245,1002723,334704,387555,664263,693597,224080,148542,200974,194369,134399,227963,234908,161022,-9546,127533,273413,-8388607,0,2663,2663,2666,756,2473,-10110976,1,1,14,1,287,0,0,0,1
443353242,197625,201529,219978,184465,1103311,1007310,948793,1004764,333842,386614,664767,693349,224045,148577,201075,194113,134449,227891,234961,161067,-9264,127658,273341,-8388607,0,2661,2666,2659,756,2479,-10110976,1,1,14,1,287,0,0,0,1
443353243,197851,201682,220081,184594,1102229,1006715,950181,1006560,333216,385453,664777,693183,223905,148449,201075,194256,134562,228095,235048,161088,-9302,127753,273519,-8388607,0,2658,2672,2666,753,2481,-10110976,1,1,14,1,287,0,0,0,1
443353244,197750,201802,220193,184568,1100961,1006199,951424,1008384,332044,384084,664643,692308,223811,148356,201209,194343,134568,228249,234982,161092,-9512,127600,273473,-8388607,0,2663,2662,2664,755,2478,-10110976,1,1,14,1,287,0,0,0,1
443353245,197938,202031,220303,184814,1099604,1005469,952566,1010340,330816,383015,664445,691796,223839,148118,201044,194416,134529,228196,234983,160911,-9457,127649,273415,-8388607,0,2663,2665,2661,756,2471,-10110976,1,1,14,1,287,0,0,0,1
443353246,197981,201995,220352,185055,1098008,1004255,954078,1012647,329649,381453,664318,691502,223796,148299,200878,194438,134705,228277,234950,161118,-9312,127790,273484,-8388607,0,2665,2665,2664,756,2481,-10110976,1,1,14,1,287,0,0,0,1
443353247,197978,201998,220581,184959,1096263,1003357,956203,1014899,328424,380063,664106,691091,223730,148261,200945,194154,134648,228284,235050,161118,-9220,127837,273463,-8388607,0,2662,2661,2667,754,2477,-10110976,1,1,14,1,287,0,0,0,1
443353248,197969,201790,220363,184978,1094175,1001848,958117,1017054,327435,379091,663320,690828,223679,148234,200808,194309,134522,228240,234992,160982,-9225,127777,273475,-8388607,0,2661,2664,2662,757,2475,-10110976,1,1,14,1,287,0,0,0,1
443353249,197773,201686,220461,184702,1092048,999971,959475,1018748,326406,377798,662538,690484,223894,148398,200912,194107,134638,228220,234994,161030,-9568,127540,273500,-8388607,0,2661,2666,2659,754,2480,-10110976,1,1,14,1,287,0,0,0,1
443353250,197627,201578,220397,184623,1090117,998046,960565,1020141,325517,377222,661488,690295,223847,148147,200935,194190,134614,228091,234894,161082,-9538,127604,273588,-8388607,0,2663,2663,2665,749,2479,-10110976,1,1,14,1,287,0,0,0,1
443353251,197451,201403,220279,184752,1088086,996263,962097,1021216,324666,376808,660907,690725,224110,148539,201102,194460,134474,228205,234921,161230,-9329,127694,273453,-8388607,0,2668,2665,2661,758,2475,-10110976,1,1,14,1,287,0,0,0,1
443353252,197363,201265,219915,184524,1085943,993917,963612,1022324,323853,376128,660397,691060,224172,148484,201100,194401,134469,228201,234935,161089,-9439,127565,273507,-8388607,0,2661,2668,2659,756,2479,-10110976,1,1,14,1,287,0,0,0,1
443353253,197210,201349,219886,184449,1083754,991012,965239,1023562,322949,375447,660003,691774,224143,148640,201228,194600,134635,228211,234950,161226,-9606,127412,273459,-8388607,0,2662,2666,2663,754,2477,-10110976,1,1,14,1,287,0,0,0,1
443353254,197044,201288,219880,184275,1081324,987804,967648,1024776,322116,374974,659776,692516,224074,148602,201323,194632,134611,228136,235004,161203,-9634,127429,273505,-8388607,0,2663,2664,2664,756,2478,-10110976,1,1,14,1,287,0,0,0,1
443353255,197076,201529,219945,184277,1078599,984805,969574,1026214,321593,374803,659358,693146,223961,148649,201184,194503,134734,228163,235026,161171,-9529,127584,273484,-8388607,0,2662,2668,2661,760,2477,-10110976,1,1,14,1,287,0,0,0,1
443353256,197351,201597,220046,184275,1075738,981529,971308,1027319,320897,374511,658460,693413,224121,148610,200914,194445,134597,228270,234939,161015,-9515,127554,273694,-8388607,0,2662,2665,2665,754,2482,-10110976,1,1,14,1,287,0,0,0,1
443353257,197380,201512,220072,184359,1073052,978512,972859,1027737,320010,373705,657737,693734,223923,148429,201018,194285,134734,228158,234936,161131,-9519,127503,273569,-8388607,0,2658,2664,2666,756,2476,-10110976,1,1,14,1,287,0,0,0,1
443353258,197641,201925,220247,184555,1070748,975610,974550,1028544,319135,373039,657606,693739,223953,148431,201149,194257,134623,228047,235024,160933,-9548,127592,273561,-8388607,0,2667,2668,2664,758,2477,-10110976,1,1,14,1,287,0,0,0,1
443353259,197761,202082,220417,184602,1068651,972674,976359,1029573,318164,372107,657209,694325,223849,148046,200750,194187,134480,228099,235044,161134,-9403,127772,273656,-8388607,0,2655,2669,2666,756,2481,-10110976,1,1,14,1,287,0,0,0,1
443353260,197994,202310,220495,184526,1066410,969953,978540,1030875,317135,371134,657089,695042,223637,148076,200827,194159,134400,228279,234746,161087,-9339,127816,273495,-8388607,0,2668,2663,2666,756,2477,-10110976,1,1,14,1,287,0,0,0,1
443353261,198070,202518,220462,184613,1064084,967349,980412,1032344,315882,369951,657544,695843,223583,148174,200639,193892,134538,228141,234804,161140,-9337,127782,273558,-8388607,0,2665,2668,2661,758,2475,-10110976,1,1,14,1,287,0,0,0,1
443353262,198063,202444,220348,184561,1061839,965290,981777,1034009,315054,369386,658010,696908,223699,148162,200758,194000,134295,227873,234713,161022,-9419,127871,273548,-8388607,0,2661,2668,2663,754,2481,-10110976,1,1,14,1,287,0,0,0,1
443353263,197952,202358,220410,184615,1059692,963672,982804,1035431,314333,368799,658732,697859,223524,147985,200810,194086,134266,227872,234832,160957,-9212,127844,273660,-8388607,0,2661,2662,2664,751,2481,-10110976,1,1,14,1,287,0,0,0,1
443353264,197873,202466,220444,184574,1057745,961994,983857,1036632,313926,368163,659738,698393,223852,148279,201138,194344,134276,227882,234843,160934,-9362,127913,273727,-8388607,0,2664,2666,2666,754,2477,-10110976,1,1,14,1,287,0,0,0,1
443353265,197667,202249,220308,184429,1056232,960513,984709,1037786,313951,367760,661092,699348,223744,148413,201064,194134,134418,227793,234462,160897,-9414,127670,273765,-8388607,0,2661,2666,2659,756,2479,-10110976,1,1,14,1,287,0,0,0,1
443353266,197518,202072,220229,184232,1054761,959073,985657,1039109,314289,367728,662669,700482,223902,148543,201069,194288,134382,227966,234620,160765,-9538,127553,273634,-8388607,0,2666,2664,2665,752,2484,-10110976,1,1,14,1,287,0,0,0,1
443353267,197513,201758,220095,184102,1053130,957773,986802,1040307,314600,367730,665137,701999,224170,148719,201185,194612,134542,228123,234828,160784,-9497,127482,273642,-8388607,0,2667,2663,2663,755,2478,-10110976,1,1,14,1,287,0,0,0,1
443353268,197580,201661,220082,184214,1051689,956424,987647,1041657,314879,367669,667898,703404,224063,148774,201197,194405,134554,228029,234808,160852,-9477,127651,273813,-8388607,0,2664,2663,2663,758,2478,-10110976,1,1,14,1,287,0,0,0,1
443353269,197238,201649,219983,184191,1050879,955231,988442,1042817,315202,367993,671202,705045,224227,148846,201255,194471,134574,228176,234919,161131,-9444,127661,273632,-8388607,0,2655,2663,2665,752,2481,-10110976,1,1,14,1,287,0,0,0,1
443353270,197300,201628,219967,184162,1049942,954234,989419,1043783,315769,367727,674181,706872,224015,148770,201266,194390,134732,228361,235036,161096,-9565,127486,273713,-8388607,0,2664,2661,2665,757,2478,-10110976,1,1,14,1,287,0,0,0,1
443353271,197465,201748,219995,184184,1049387,953458,990928,1045131,315995,367278,677102,708801,223967,148535,201130,194263,134665,228279,235139,161195,-9604,127605,273637,-8388607,0,2663,2665,2664,757,2475,-10110976,1,1,14,1,287,0,0,0,1
443353272,197736,201969,220212,184472,1049544,952862,993003,1046736,316291,367142,680059,710339,223830,148173,201120,194183,134885,228259,235267,161205,-9367,127797,273656,-8388607,0,2661,2667,2663,754,2479,-10110976,1,1,14,1,287,0,0,0,1
443353273,197994,202106,220230,184794,1049427,952259,994884,1048835,316255,366983,682845,711810,223674,148160,201003,194176,134765,228336,235207,161315,-9269,127834,273712,-8388607,0,2661,2663,2668,752,2478,-10110976,1,1,14,1,287,0,0,0,1
443353274,198094,202123,220328,184811,1049300,951756,996822,1050581,316450,366779,685417,713520,223803,148306,200956,194075,134850,228324,235188,161262,-9309,127726,273762,-8388607,0,2665,2666,2662,757,2479,-10110976,1,1,14,1,287,0,0,0,1
443353275,198037,202269,220337,184728,1049000,951191,998392,1052357,316625,366522,687381,715342,223633,148130,200931,194043,134776,228175,235028,161133,-9442,127755,273655,-8388607,0,2661,2670,2664,755,2479,-10110976,1,1,14,1,287,0,0,0,1
443353276,197889,202194,220418,184832,1048268,950707,999620,1054093,316423,366056,689235,716936,223604,148059,200806,193937,134592,228168,234885,160990,-9451,127868,273715,-8388607,0,2663,2666,2664,752,2482,-10110976,1,1,14,1,287,0,0,0,1
443353277,198090,202155,220576,184824,1047492,949920,1001126,1055723,316032,365685,690939,718908,223570,148083,200727,194059,134501,228137,234891,160936,-9237,127846,273693,-8388607,0,2667,2662,2661,753,2480,-10110976,1,1,14,1,287,0,0,0,1
443353278,198056,201906,220402,184862,1046416,948853,1002783,1057360,315501,365082,693008,720196,223787,148358,200938,194261,134383,227894,234904,160902,-9405,127772,273692,-8388607,0,2659,2663,2664,758,2480,-10110976,1,1,14,1,287,0,0,0,1
443353279,197721,201734,220359,184736,1045418,947800,1004405,1059460,315131,364809,694378,721863,223890,148286,200884,194392,134260,227699,234830,160848,-9540,127604,273703,-8388607,0,2657,2673,2665,755,2481,-10110976,1,1,14,1,287,0,0,0,1
443353280,197628,201589,220270,184657,1044699,946693,1006200,1061259,314680,364272,695673,723262,224090,148644,201161,194411,134326,227864,234680,160839,-9518,127601,273806,-8388607,0,2661,2659,2664,756,2478,-10110976,1,1,14,1,287,0,0,0,1
443353281,197444,201561,220273,184516,1043666,945786,1007628,1062777,314281,363820,696740,724031,224202,148690,201146,194434,134146,227826,234529,160856,-9502,127726,273735,-8388607,0,2665,2666,2662,758,2479,-10110976,1,1,14,1,287,0,0,0,1
443353282,197359,201468,220081,184631,1042443,944860,1008509,1064065,314206,363524,697630,724790,224060,148552,201133,194589,134379,227818,234700,160783,-9520,127674,273798,-8388607,0,2660,2669,2666,755,2481,-10110976,1,1,14,1,287,0,0,0,1
443353283,197296,201484,219920,184579,1040970,944029,1009435,1065644,313979,363170,698025,725361,224240,148595,201106,194394,134335,228151,234828,160848,-9502,127474,273732,-8388607,0,2661,2662,2666,752,2482,-10110976,1,1,14,1,287,0,0,0,1
443353284,197417,201398,220173,184576,1039396,942965,1010873,1067300,313740,362821,698076,725394,223937,148712,201077,194391,134446,228192,234894,161119,-9487,127471,273757,-8388607,0,2661,2664,2662,756,2475,-10110976,1,1,14,1,287,0,0,0,1
443353285,197453,201622,220337,184612,1037920,941595,1012920,1069531,313117,362176,697904,725196,224033,148468,201040,194292,134614,228306,234926,160990,-9360,127516,273776,-8388607,0,2658,2669,2659,756,2477,-10110976,1,1,14,1,287,0,0,0,1
443353286,197573,201703,220473,184572,1036726,940114,1015380,1071935,312148,361363,697065,724912,223870,148513,200979,194300,134875,228369,235021,161081,-9411,127570,273801,-8388607,0,2661,2662,2664,751,2480,-10110976,1,1,14,1,287,0,0,0,1
443353287,197724,201958,220428,184580,1035457,938319,1017895,1073600,311047,360239,696323,724346,223755,148567,201163,194248,134870,228278,235267,161019,-9378,127691,273794,-8388607,0,2668,2664,2663,756,2479,-10110976,1,1,14,1,287,0,0,0,1
443353288,197971,202253,220503,184822,1034130,936786,1020168,1075015,309804,359097,695745,723630,223810,148386,201167,194343,134932,228410,235370,161247,-9177,127755,273858,-8388607,0,2663,2666,2659,756,2480,-10110976,1,1,14,1,287,0,0,0,1
443353289,197888,202143,220427,184757,1032904,935280,1022041,1075983,308331,357543,694792,723037,223781,148185,200810,194271,134876,228188,235141,161196,-9301,127789,273864,-8388607,0,2663,2662,2665,751,2480,-10110976,1,1,14,1,287,0,0,0,1
443353290,197844,202392,220354,184687,1031266,933129,1023863,1077100,307388,356031,693591,722143,223712,148102,200929,194129,134646,228313,235084,161059,-9287,127727,273857,-8388607,0,2661,2663,2664,756,2478,-10110976,1,1,14,1,287,0,0,0,1
443353291,197832,202406,220331,184659,1029700,931107,1026545,1078610,306103,354675,692301,721486,223937,148270,200979,194224,134583,228192,235024,161242,-9370,127729,273722,-8388607,0,2661,2664,2660,760,2478,-10110976,1,1,14,1,287,0,0,0,1
443353292,197720,202156,220358,184703,1027856,929004,1029287,1080302,304889,353286,690881,720612,223899,148384,200690,194146,134641,228171,235015,161163,-9469,127610,273742,-8388607,0,2661,2665,2664,753,2482,-10110976,1,1,14,1,287,0,0,0,1
443353293,197499,202065,220330,184427,1026403,927389,1032366,1082741,303822,352621,689713,720512,223950,148429,201170,194465,134436,228043,234771,160969,-9417,127635,273760,-8388607,0,2667,2663,2668,754,2477,-10110976,1,1,14,1,287,0,0,0,1
443353294,197496,201783,220239,184301,1025055,925637,1035177,1084841,302661,351676,688798,720620,223771,148541,201093,194237,134120,227811,234912,160971,-9551,127452,273713,-8388607,0,2661,2665,2666,757,2474,-10110976,1,1,14,1,287,0,0,0,1
443353295,197416,201948,220354,184393,1023746,924202,1037506,1086333,301567,351034,688280,720871,224093,148656,201091,194396,134254,227969,234748,160900,-9346,127537,273919,-8388607,0,2661,2668,2663,754,2481,-10110976,1,1,14,1,287,0,0,0,1
443353296,197345,201791,220255,184213,1022554,922643,1039184,1087824,301027,350444,687407,721526,224195,148702,201133,194558,134315,227944,234843,160899,-9514,127515,273739,-8388607,0,2661,2665,2666,751,2477,-10110976,1,1,14,1,287,0,0,0,1
443353297,197347,201777,220087,184217,1021312,920903,1041387,1089152,300102,350177,687198,722519,223892,148527,201166,194383,134441,227997,234747,160929,-9627,127527,273781,-8388607,0,2668,2666,2662,756,2478,-10110976,1,1,14,1,287,0,0,0,1
443353298,197454,201910,220202,184226,1020298,918978,1043926,1091466,299715,350061,687482,723228,224097,148418,201140,194568,134567,228068,234877,160928,-9340,127669,273769,-8388607,0,2662,2669,2666,756,2477,-10110976,1,1,14,1,287,0,0,0,1
443353299,197696,202015,220164,184403,1018832,917389,1046494,1094295,299242,350007,687472,723695,224051,148405,201118,194464,134515,228168,234837,160964,-9397,127733,273907,-8388607,0,2664,2664,2663,753,2479,-10110976,1,1,14,1,287,0,0,0,1
443353300,197552,201982,220067,184285,1017036,915977,1048740,1097088,299158,349437,687845,724277,224053,148550,201072,194287,134531,228131,234939,161094,-9493,127478,273813,-8388607,0,2663,2663,2664,754,2477,-10110976,1,1,14,1,287,0,0,0,1
443353301,197725,202177,220258,184513,1015662,915069,1050683,1099849,298936,348890,688260,724624,223808,148481,200985,194099,134628,228218,235010,161186,-9538,127649,273839,-8388607,0,2661,2664,2658,758,2478,-10110976,1,1,14,1,287,0,0,0,1
443353302,197648,202246,220349,184491,1014366,914167,1052014,1102594,298863,348387,688724,724883,223848,148306,201019,194093,134770,228242,234897,161305,-9255,127717,273828,-8388607,0,2659,2664,2664,755,2484,-10110976,1,1,14,1,287,0,0,0,1
443353303,197812,202133,220313,184563,1012909,913313,1053075,1104538,298029,347713,689437,725314,223711,148183,200995,194474,134707,228322,235202,161354,-9271,127804,273870,-8388607,0,2672,2663,2666,756,2476,-10110976,1,1,14,1,287,0,0,0,1
443353304,197813,202163,220345,184703,1011864,911853,1055139,1106447,297181,346747,690093,725992,223643,148022,200921,194243,134591,228257,235041,161219,-9478,127682,273905,-8388607,0,2667,2668,2662,757,2473,-10110976,1,1,14,1,287,0,0,0,1
443353305,197741,201943,220401,184573,1011053,910171,1057343,1108997,296289,345636,690882,726522,223394,148128,200932,194277,134613,228208,235018,161234,-9415,127636,273946,-8388607,0,2661,2666,2662,754,2482,-10110976,1,1,14,1,287,0,0,0,1
443353306,197770,202130,220323,184559,1010252,908918,1059928,1112054,295809,345049,691911,727824,223568,148155,200860,194231,134854,228247,235078,161287,-9365,127787,273926,-8388607,0,2661,2664,2666,751,2478,-10110976,1,1,14,1,287,0,0,0,1
443353307,197667,201923,220220,184592,1008651,907830,1062243,1115010,295279,344299,693187,728623,223635,148017,200969,194094,134630,227967,234968,161180,-9425,127701,273874,-8388607,0,2665,2667,2661,754,2471,-10110976,1,1,14,1,287,0,0,0,1
443353308,197546,201733,220295,184602,1007233,906627,1063932,1117158,294694,343779,695015,729499,223665,148124,200918,194011,134523,227937,234862,160927,-9408,127585,273962,-8388607,0,2664,2668,2662,754,2484,-10110976,1,1,14,1,287,0,0,0,1
443353309,197626,201589,220138,184590,1005984,905543,1064849,1119112,294523,343528,697198,730737,223958,148367,200945,194193,134570,228085,234946,160895,-9540,127576,273937,-8388607,0,2665,2661,2665,748,2481,-10110976,1,1,14,1,287,0,0,0,1
443353310,197512,201513,220129,184673,1004384,904184,1065696,1120503,294636,343244,699328,732165,223908,148222,201018,194206,134544,227952,234843,161019,-9457,127722,274012,-8388607,0,2666,2664,2664,755,2478,-10110976,1,1,14,1,287,0,0,0,1
443353311,197365,201615,220163,184502,1002169,902391,1066545,1121412,295152,343097,701925,733180,223882,148498,201163,194338,134536,227992,234704,160952,-9527,127613,274013,-8388607,0,2661,2667,2659,753,2479,-10110976,1,1,14,1,287,0,0,0,1
443353312,197391,201532,220289,184568,1000017,900405,1067434,1122251,295366,343140,704724,734387,224233,148457,201221,194544,134540,227970,234798,160940,-9594,127483,274119,-8388607,0,2662,2666,2666,753,2482,-10110976,1,1,14,1,287,0,0,0,1
443353313,197383,201416,220170,184532,997702,897959,1068679,1123665,295565,342986,707532,735842,224026,148496,201187,194454,134449,227936,234737,160998,-9539,127336,274002,-8388607,0,2665,2663,2666,756,2478,-10110976,1,1,14,1,287,0,0,0,1
443353314,197477,201372,220158,184657,995648,896309,1070231,1124980,295721,342988,710115,737639,223895,148626,201131,194514,134448,228031,234889,161212,-9518,127555,274140,-8388607,0,2665,2666,2659,760,2477,-10110976,1,1,14,1,287,0,0,0,1
443353315,197634,201708,220304,184742,993680,894771,1071561,1125680,296020,342798,712520,739083,223908,148495,201252,194613,134434,228206,234987,161227,-9475,127611,274125,-8388607,0,2657,2664,2666,755,2482,-10110976,1,1,14,1,287,0,0,0,1
443353316,197585,201858,220375,184622,992035,892883,1072330,1126108,295480,342701,714514,740927,223894,148460,201199,194701,134442,228152,234932,161072,-9365,127724,274069,-8388607,0,2663,2664,2664,752,2477,-10110976,1,1,14,1,287,0,0,0,1
443353317,197727,201894,220230,184717,990872,891425,1073488,1126551,295326,342543,716227,742408,224072,148602,201224,194659,134520,228039,235095,161066,-9516,127728,274088,-8388607,0,2661,2665,2664,760,2471,-10110976,1,1,14,1,287,0,0,0,1
443353318,197912,201929,220285,184591,989902,890339,1075346,1127227,294585,342055,717453,744045,223957,148558,201054,194146,134695,228108,235190,161232,-9370,127862,274067,-8388607,0,2663,2668,2662,754,2481,-10110976,1,1,14,1,287,0,0,0,1
443353319,198012,202044,220163,184712,989063,889228,1077668,1128507,294185,341379,718738,745627,223883,148441,201084,194076,134711,228020,235203,161163,-9214,127789,274111,-8388607,0,2665,2662,2664,750,2478,-10110976,1,1,14,1,287,0,0,0,1
443353320,197933,202091,220344,184716,988181,887645,1080233,1130039,293413,340562,719716,747069,223812,148167,200896,194130,134705,227962,235246,161064,-9241,127739,274094,-8388607,0,2668,2662,2662,758,2476,-10110976,1,1,14,1,287,0,0,0,1
443353321,197931,202022,220275,184548,987156,886199,1082501,1131134,292790,339946,720780,748648,223818,148198,200932,194187,134645,228294,234903,161187,-9521,127720,274048,-8388607,0,2660,2672,2659,755,2481,-10110976,1,1,14,1,287,0,0,0,1
443353322,197903,202180,220295,184600,986038,884532,1084705,1132264,292021,339271,721737,749862,223724,148324,200894,194203,134624,228160,235050,160864,-9412,127741,274247,-8388607,0,2662,2665,2661,751,2489,-10110976,1,1,14,1,287,0,0,0,1
443353323,197843,202056,220348,184616,984700,882834,1086051,1132836,291497,338884,721847,750994,223752,148189,200900,194245,134696,228174,234892,161225,-9435,127594,274023,-8388607,0,2665,2663,2666,757,2477,-10110976,1,1,14,1,287,0,0,0,1
443353324,197834,201930,220304,184682,983207,881264,1086869,1133296,291129,338802,722551,752174,223631,148280,200986,194441,134555,227963,234853,161102,-9445,127763,273900,-8388607,0,2666,2668,2661,756,2480,-10110976,1,1,14,1,287,0,0,0,1
443353325,197643,201870,220322,184532,981625,879651,1088013,1134302,290347,338408,722399,752936,223710,148405,201060,194408,134443,228156,234958,161089,-9397,127732,274173,-8388607,0,2661,2664,2664,754,2482,-10110976,1,1,14,1,287,0,0,0,1
443353326,197588,201880,220172,184424,980428,878313,1089260,1135709,289838,338238,722427,753426,223772,148401,201369,194713,134334,228088,234913,161114,-9645,127536,274139,-8388607,0,2661,2664,2664,756,2478,-10110976,1,1,14,1,287,0,0,0,1
443353327,197540,202021,220143,184552,979443,876745,1090963,1137408,289268,337919,722065,753905,224045,148456,201234,194485,134344,227916,234980,161026,-9498,127561,274057,-8388607,0,2661,2664,2660,759,2478,-10110976,1,1,14,1,287,0,0,0,1
443353328,197497,201991,220230,184338,978524,875301,1093062,1139203,288380,337426,721832,753853,224143,148551,201140,194361,134496,228043,234890,161051,-9522,127626,274237,-8388607,0,2659,2665,2662,753,2477,-10110976,1,1,14,1,287,0,0,0,1
443353329,197548,201895,220139,184310,977733,874115,1094588,1141001,287241,336635,721325,753492,224197,148440,201186,194431,134435,227901,234964,160929,-9428,127627,274076,-8388607,0,2665,2664,2667,755,2477,-10110976,1,1,14,1,287,0,0,0,1
443353330,197580,201933,220134,184288,976992,873243,1095531,1142865,286252,335251,720860,752944,224296,148659,201267,194277,134488,227897,234905,161013,-9586,127560,274039,-8388607,0,2663,2666,2661,757,2475,-10110976,1,1,14,1,287,0,0,0,1
443353331,197612,202050,220238,184335,975836,872417,1096412,1145001,285116,333978,720525,752276,224177,148675,201067,194221,134526,227995,234888,160854,-9439,127722,274165,-8388607,0,2661,2668,2659,754,2482,-10110976,1,1,14,1,287,0,0,0,1
443353332,197753,202205,220238,184484,974517,871730,1096864,1147119,284112,332445,720378,751149,223940,148705,201184,194518,134520,228232,235048,161059,-9370,127732,274176,-8388607,0,2661,2663,2666,751,2479,-10110976,1,1,14,1,287,0,0,0,1
443353333,197809,202212,220329,184620,973132,870853,1097406,1149631,282963,330999,719766,750119,223810,148603,201038,194470,134588,228178,234962,161270,-9363,127637,274190,-8388607,0,2663,2662,2662,757,2476,-10110976,1,1,14,1,287,0,0,0,1
443353334,197815,202140,220303,184595,971281,869826,1098233,1152246,281934,329811,719477,749205,223694,148283,201071,194561,134533,228144,235109,161193,-9265,127721,274082,-8388607,0,2662,2668,2659,757,2480,-10110976,1,1,14,1,287,0,0,0,1
443353335,197953,202201,220367,184770,969516,868710,1099640,1154946,281089,328790,719103,748332,223574,148287,201019,194201,134613,228297,235128,161110,-9498,127757,274195,-8388607,0,2665,2663,2663,753,2481,-10110976,1,1,14,1,287,0,0,0,1
443353336,198004,202173,220502,184840,967841,867217,1100687,1157416,280627,327874,718410,747763,223751,148212,201101,194339,134784,228218,235113,161268,-9382,127735,274155,-8388607,0,2672,2663,2666,757,2478,-10110976,1,1,14,1,287,0,0,0,1
443353337,197947,202171,220525,184865,965935,865202,1101336,1159089,279788,326966,718229,747661,223777,148164,200966,194210,134870,228198,235044,161115,-9322,127782,274209,-8388607,0,2661,2667,2661,755,2475,-10110976,1,1,14,1,287,0,0,0,1
443353338,197769,202046,220542,184862,964031,863384,1102338,1160418,279164,326526,717936,747607,223843,148064,200999,193979,134733,228271,234977,160981,-9440,127747,274094,-8388607,0,2655,2667,2666,755,2481,-10110976,1,1,14,1,287,0,0,0,1
443353339,197763,201806,220287,184721,961915,861613,1102961,1161914,278508,326249,717804,747909,223904,148262,200985,194095,134808,228122,234926,160930,-9371,127568,274168,-8388607,0,2663,2663,2667,755,2477,-10110976,1,1,14,1,287,0,0,0,1
443353340,197554,201710,220268,184607,959649,859567,1104223,1163512,277976,325888,717975,748383,223903,148223,201154,194007,134623,227976,234794,160908,-9449,127756,274112,-8388607,0,2665,2665,2662,759,2474,-10110976,1,1,14,1,287,0,0,0,1
443353341,197505,201724,220175,184636,957281,857132,1105707,1164779,277540,325608,718004,748798,224092,148396,201101,194485,134608,228264,234988,160934,-9376,127635,274102,-8388607,0,2663,2668,2661,751,2477,-10110976,1,1,14,1,287,0,0,0,1
443353342,197512,201632,220052,184582,954378,854511,1107215,1165882,277189,325314,718145,749220,223976,148841,201289,194608,134625,228259,234809,160952,-9461,127767,274188,-8388607,0,2661,2664,2666,754,2478,-10110976,1,1,14,1,287,0,0,0,1
443353343,197431,201582,220161,184434,951585,851562,1108595,1166451,276692,324759,718417,749370,223991,148569,201279,194667,134237,227942,234793,161168,-9529,127705,274115,-8388607,0,2661,2664,2662,756,2475,-10110976,1,1,14,1,287,0,0,0,1
443353344,197523,201545,220030,184498,948628,848469,1110351,1166576,276121,323953,718719,749496,224040,148763,200885,194532,134354,227855,234961,161064,-9485,127609,274195,-8388607,0,2662,2668,2660,757,2480,-10110976,1,1,14,1,287,0,0,0,1
443353345,197599,201676,220138,184738,945928,845318,1111982,1166800,275444,323196,718882,749522,224038,148556,201054,194581,134402,227932,234962,161046,-9381,127706,274163,-8388607,0,2663,2662,2664,751,2482,-10110976,1,1,14,1,287,0,0,0,1
443353346,197575,201725,220218,184654,943323,842294,1113384,1166895,274567,322360,718798,749775,223870,148584,201163,194259,134389,228086,234977,161159,-9447,127574,274278,-8388607,0,2668,2662,2663,756,2478,-10110976,1,1,14,1,287,0,0,0,1
443353347,197534,201625,220370,184877,940761,839374,1115409,1167419,273742,321343,719137,750477,223967,148397,200917,193976,134526,227967,234980,161093,-9392,127656,274314,-8388607,0,2661,2664,2659,759,2478,-10110976,1,1,14,1,287,0,0,0,1
443353348,197831,201904,220390,184878,938299,836806,1117150,1168113,272598,320135,719307,751102,223909,148275,200984,194283,134551,227988,234800,160993,-9460,127597,274156,-8388607,0,2658,2663,2665,752,2484,-10110976,1,1,14,1,287,0,0,0,1
443353349,198008,202085,220412,184942,936000,834339,1118735,1169145,271766,319617,719947,752021,223851,148043,201276,194328,134697,228109,234824,161000,-9219,127719,274301,-8388607,0,2663,2659,2664,755,2476,-10110976,1,1,14,1,287,0,0,0,1
443353350,198116,202069,220432,185062,933651,831859,1119651,1169665,270760,318806,720655,752728,223848,148092,200958,194102,134610,228066,234793,160820,-9166,127744,274182,-8388607,0,2661,2665,2661,758,2475,-10110976,1,1,14,1,287,0,0,0,1
443353351,198107,202147,220583,185029,931357,829554,1120639,1169848,270506,318521,721829,753743,223735,148208,200964,194125,134644,228111,234920,161207,-9546,127912,274159,-8388607,0,2661,2668,2663,753,2482,-10110976,1,1,14,1,287,0,0,0,1
443353352,197901,202122,220459,184672,929323,827391,1121178,1170233,270294,317529,723125,754423,223536,148116,200955,194123,134507,228105,234954,161041,-9421,127762,274328,-8388607,0,2661,2666,2664,751,2478,-10110976,1,1,14,1,287,0,0,0,1
443353353,197771,202067,220206,184440,927390,825268,1121362,1170461,270364,317226,724913,755654,223668,148447,201012,194336,134640,228085,235139,161210,-9514,127549,274156,-8388607,0,2661,2666,2663,758,2475,-10110976,1,1,14,1,287,0,0,0,1
443353354,197717,201995,220063,184556,925236,823430,1121735,1171146,270461,317074,727205,756798,224004,148444,200956,194391,134617,228066,235005,161187,-9162,127852,274152,-8388607,0,2661,2666,2658,754,2481,-10110976,1,1,14,1,287,0,0,0,1
443353355,197531,201693,220054,184463,922936,821510,1121916,1171744,270694,317154,729595,757775,223756,148618,200976,194336,134537,228215,234904,161242,-9291,127873,274165,-8388607,0,2661,2665,2666,751,2479,-10110976,1,1,14,1,287,0,0,0,1
443353356,197469,201706,220184,184395,920989,819958,1121659,1172541,270616,317081,732219,759496,223858,148489,201010,194237,134681,228303,234983,161128,-9477,127421,274204,-8388607,0,2672,2661,2664,755,2477,-10110976,1,1,14,1,287,0,0,0,1
443353357,197394,201715,220178,184393,918906,818497,1120964,1173071,270660,316994,734634,761243,224094,148670,201234,194345,134659,228264,234920,161148,-9559,127608,274212,-8388607,0,2662,2667,2659,756,2477,-10110976,1,1,14,1,287,0,0,0,1
443353358,197194,201754,220289,184364,917159,817199,1119999,1173429,270391,316347,737195,763089,224079,148504,201077,194172,134616,228347,234802,161090,-9503,127528,274228,-8388607,0,2662,2664,2665,752,2484,-10110976,1,1,14,1,287,0,0,0,1
443353359,197437,201829,220227,184417,915391,816004,1119536,1174100,270187,316202,739260,764901,224019,148448,201103,194080,134607,228153,234949,161127,-9414,127532,274282,-8388607,0,2663,2667,2661,754,2477,-10110976,1,1,14,1,287,0,0,0,1
443353360,197421,201814,219995,184313,914257,814804,1119171,1174817,269650,315959,740987,766470,223956,148303,201000,194165,134542,227961,235027,161085,-9455,127727,274348,-8388607,0,2658,2665,2664,760,2477,-10110976,1,1,14,1,287,0,0,0,1
443353361,197503,201786,220016,184169,912875,813596,1119516,1175975,268987,315228,742611,767886,223976,148312,200978,194151,134597,227935,234910,160995,-9461,127706,274346,-8388607,0,2663,2665,2661,751,2478,-10110976,1,1,14,1,287,0,0,0,1
443353362,197583,202028,220103,184268,911351,812280,1119520,1177408,268498,314625,743562,769467,223724,148229,201133,194206,134497,228027,234893,160884,-9490,127645,274292,-8388607,0,2666,2662,2668,754,2477,-10110976,1,1,14,1,287,0,0,0,1
443353363,197749,202162,220274,184514,909692,811098,1119252,1178665,268141,314080,744470,771301,223841,148314,201055,194266,134463,228077,234868,160964,-9477,127818,274374,-8388607,0,2659,2665,2663,757,2479,-10110976,1,1,14,1,287,0,0,0,1
443353364,197736,202200,220295,184590,907798,809835,1119159,1179954,267350,313537,745097,772690,223621,148470,200904,194220,134184,228168,234803,160940,-9493,127761,274301,-8388607,0,2659,2668,2661,752,2489,-10110976,1,1,14,1,287,0,0,0,1
443353365,197728,202082,220222,184688,905995,808804,1118954,1181162,266416,312501,745579,773626,223709,148288,200618,194003,134158,228196,234659,160827,-9538,127586,274292,-8388607,0,2665,2662,2666,751,2478,-10110976,1,1,14,1,287,0,0,0,1
443353366,197586,201950,220216,184557,904605,807506,1119516,1182483,265597,311819,746253,775174,223912,148352,200925,194073,134260,228134,234593,160953,-9552,127689,274342,-8388607,0,2668,2666,2661,755,2477,-10110976,1,1,14,1,287,0,0,0,1
443353367,197540,201991,220367,184600,903518,806058,1120460,1183874,265089,311008,746630,776523,223985,148411,201082,194190,134384,228175,234732,161034,-9584,127759,274270,-8388607,0,2663,2666,2658,756,2479,-10110976,1,1,14,1,287,0,0,0,1
443353368,197481,201875,220154,184543,902289,804474,1121716,1185515,264724,310745,746959,777670,223992,148406,201031,194330,134529,228048,234765,161103,-9469,127751,274437,-8388607,0,2661,2662,2659,751,2481,-10110976,1,1,14,1,287,0,0,0,1
443353369,197514,201784,219931,184351,901107,802910,1122762,1187052,263907,310364,746839,778094,224098,148379,201329,194291,134435,228055,234990,161004,-9376,127708,274446,-8388607,0,2664,2661,2662,754,2478,-10110976,1,1,14,1,287,0,0,0,1
443353370,197430,201750,219919,184395,899552,801387,1123513,1188539,263517,310202,746560,777886,224097,148473,201200,194282,134696,228032,235040,161166,-9510,127750,274328,-8388607,0,2659,2663,2662,758,2477,-10110976,1,1,14,1,287,0,0,0,1
443353371,197490,201690,219947,184430,897787,799885,1123915,1189558,263063,309645,745919,777429,224091,148552,201241,194562,134646,228012,235154,160944,-9476,127708,274406,-8388607,0,2661,2664,2664,754,2478,-10110976,1,1,14,1,287,0,0,0,1
443353372,197512,201596,220095,184586,895993,798386,1124480,1190821,262623,309061,745108,776964,224156,148655,201168,194374,134630,228328,235083,161075,-9557,127637,274458,-8388607,0,2663,2663,2666,755,2478,-10110976,1,1,14,1,287,0,0,0,1
443353373,197598,201554,220123,184560,894257,797004,1125501,1191944,261667,308266,744286,776143,223923,148728,200931,194597,134801,228478,235036,161318,-9450,127634,274466,-8388607,0,2666,2666,2659,760,2478,-10110976,1,1,14,1,287,0,0,0,1
443353374,197673,201669,220210,184638,892376,795007,1126654,1193051,260373,307203,743472,774951,223683,148514,200938,194381,134646,228351,235082,161314,-9525,127533,274368,-8388607,0,2655,2667,2663,754,2482,-10110976,1,1,14,1,287,0,0,0,1
443353375,197710,201803,220368,184697,890438,792825,1128205,1193807,259264,306236,742927,773845,223784,148292,200837,194033,134713,228461,235045,161308,-9287,127670,274417,-8388607,0,2661,2665,2666,755,2476,-10110976,1,1,14,1,287,0,0,0,1
443353376,197852,201775,220160,184774,888347,790341,1129029,1193849,258189,304797,742290,772416,223889,148258,200986,194102,134673,228379,235006,161218,-9308,127712,274376,-8388607,0,2666,2661,2661,757,2475,-10110976,1,1,14,1,287,0,0,0,1
443353377,197806,201780,220112,184787,886016,787940,1129941,1193637,257086,303322,741168,771181,223626,148153,200914,194081,134577,228031,235026,160996,-9410,127616,274369,-8388607,0,2665,2668,2659,756,2480,-10110976,1,1,14,1,287,0,0,0,1
443353378,197786,202027,220304,184933,883728,785623,1130436,1193726,256079,301976,739994,769615,223492,147956,200993,194015,134598,227956,235008,161010,-9472,127709,274466,-8388607,0,2663,2663,2670,751,2477,-10110976,1,1,14,1,287,0,0,0,1
443353379,197813,201981,220293,184865,880917,783177,1131157,1193657,255333,300841,738919,768625,223688,148073,201134,194049,134574,227962,234806,160897,-9464,127676,274428,-8388607,0,2663,2662,2662,756,2477,-10110976,1,1,14,1,287,0,0,0,1
443353380,197855,201765,220286,184928,878216,780997,1132268,1194401,254394,300229,737864,767712,223930,148281,200989,194118,134564,228155,234783,160890,-9374,127686,274460,-8388607,0,2660,2668,2659,749,2480,-10110976,1,1,14,1,287,0,0,0,1
443353381,197732,201656,220178,184777,875830,778783,1133728,1195328,253528,299835,737284,767476,223804,148258,201125,194278,134353,228106,234740,160869,-9376,127840,274417,-8388607,0,2663,2662,2663,752,2482,-10110976,1,1,14,1,287,0,0,0,1
443353382,197602,201542,220042,184486,873293,776476,1134705,1196228,252679,298870,736723,767438,223900,148462,201103,194278,134213,227913,234449,160849,-9435,127717,274363,-8388607,0,2667,2664,2664,755,2478,-10110976,1,1,14,1,287,0,0,0,1
443353383,197566,201376,220106,184437,870583,774092,1135500,1197093,251990,298144,736826,768161,224093,148735,201176,194451,134215,228075,234522,160902,-9567,127573,274386,-8388607,0,2663,2664,2659,758,2478,-10110976,1,1,14,1,287,0,0,0,1
443353384,197526,201464,220292,184594,868254,771318,1136630,1197411,251453,298058,737156,768440,223984,148668,201044,194395,134429,228008,234624,160957,-9471,127731,274522,-8388607,0,2659,2663,2665,753,2482,-10110976,1,1,14,1,287,0,0,0,1
443353385,197588,201535,220257,184607,865970,768677,1137596,1198035,250874,297869,737527,768869,223951,148537,201222,194467,134425,228103,234933,160968,-9470,127715,274317,-8388607,0,2661,2665,2668,756,2476,-10110976,1,1,14,1,287,0,0,0,1
443353386,197515,201622,219995,184708,863736,766234,1139388,1199391,250629,297446,737496,768932,223913,148404,201150,194496,134420,228028,235010,161108,-9548,127652,274341,-8388607,0,2661,2664,2662,758,2475,-10110976,1,1,14,1,287,0,0,0,1
443353387,197544,201682,220173,184716,861691,764101,1141159,1201314,250528,297105,738070,769343,224010,148489,200958,194370,134625,228052,235017,161123,-9398,127665,274465,-8388607,0,2661,2666,2662,753,2479,-10110976,1,1,14,1,287,0,0,0,1
443353388,197613,201933,220279,184691,860082,762835,1142927,1204172,250292,296533,738601,769545,223804,148395,200974,194184,134638,228194,234931,161192,-9456,127638,274435,-8388607,0,2665,2662,2666,753,2478,-10110976,1,1,14,1,287,0,0,0,1
443353389,197825,202235,220229,184659,858435,761770,1144499,1206829,249695,295806,739033,769843,223694,147933,200958,194027,134785,228248,234972,161227,-9345,127782,274453,-8388607,0,2665,2664,2662,757,2475,-10110976,1,1,14,1,287,0,0,0,1
443353390,197919,202138,220141,184707,856992,760895,1145712,1209278,248819,295025,739796,770293,223572,147899,200773,193783,134827,228282,234919,161212,-9379,127747,274532,-8388607,0,2660,2666,2658,754,2479,-10110976,1,1,14,1,287,0,0,0,1
443353391,198019,202162,220156,184554,855873,759533,1146478,1211229,247992,294312,740485,770863,223559,147999,200600,193735,134731,228315,234893,161081,-9341,127776,274500,-8388607,0,2661,2665,2666,749,2478,-10110976,1,1,14,1,287,0,0,0,1
443353392,198110,202274,220310,184667,854754,758033,1147796,1213703,247093,293386,741390,771561,223449,148145,200988,194255,134531,228429,234839,160979,-9321,127807,274521,-8388607,0,2668,2664,2659,755,2478,-10110976,1,1,14,1,287,0,0,0,1
443353393,197912,202119,220500,184573,853175,756478,1149041,1216114,246069,292494,742365,772700,223514,148138,200762,193949,134440,228064,234879,161086,-9366,127751,274353,-8388607,0,2663,2667,2661,760,2479,-10110976,1,1,14,1,287,0,0,0,1
443353394,197783,202119,220495,184512,851718,755078,1150606,1218923,245520,291737,743764,773583,223787,148246,200968,193960,134458,228137,234957,161036,-9531,127733,274472,-8388607,0,2664,2666,2667,754,2481,-10110976,1,1,14,1,287,0,0,0,1
443353395,197712,201868,220171,184417,850181,753592,1151736,1221469,245084,291232,745239,774248,223755,148531,201134,194312,134464,227950,235001,160963,-9359,127652,274668,-8388607,0,2662,2659,2665,755,2477,-10110976,1,1,14,1,287,0,0,0,1
443353396,197494,201780,219962,184281,848517,752264,1151973,1223600,244919,290782,746849,775269,223893,148209,201057,194305,134515,227800,234802,160902,-9505,127601,274647,-8388607,0,2661,2664,2660,759,2477,-10110976,1,1,14,1,287,0,0,0,1
443353397,197225,201730,219877,184260,846259,751237,1151871,1224981,244818,290245,749173,776554,224001,148618,201167,194442,134313,227992,234627,160956,-9615,127515,274475,-8388607,0,2660,2667,2664,755,2481,-10110976,1,1,14,1,287,0,0,0,1
443353398,197275,201584,219895,184149,844228,749881,1151215,1225811,244763,290200,751127,777974,224213,148767,201260,194315,134296,228164,234800,161016,-9644,127486,274594,-8388607,0,2665,2663,2668,754,2479,-10110976,1,1,14,1,287,0,0,0,1
443353399,197014,201600,219972,184282,842537,748293,1151336,1226977,244758,289812,753225,779282,224184,148809,201410,194605,134448,228131,234575,161028,-9672,127520,274526,-8388607,0,2668,2664,2664,756,2473,-10110976,1,1,14,1,287,0,0,0,1
443353400,197299,201503,220031,184426,840345,746434,1152029,1227922,244810,289683,755283,780859,224154,148686,201268,194350,134416,228133,234748,160791,-9563,127459,274597,-8388607,0,2661,2668,2666,755,2477,-10110976,1,1,14,1,287,0,0,0,1
443353401,197525,201618,220139,184458,838761,744555,1153614,1229634,244534,289244,757540,782689,224038,148538,201197,194391,134551,227901,235012,160957,-9415,127572,274472,-8388607,0,2664,2668,2661,750,2480,-10110976,1,1,14,1,287,0,0,0,1
443353402,197746,201799,220230,184406,837842,743013,1155566,1230989,244234,288952,759306,784623,224055,148343,201313,194120,134801,228015,235016,161059,-9204,127805,274598,-8388607,0,2672,2659,2666,757,2476,-10110976,1,1,14,1,287,0,0,0,1
443353403,197812,202037,220338,184567,837178,741874,1157308,1231927,243877,288853,760685,786303,223732,148341,200846,194313,134640,228234,235125,161113,-9351,127821,274752,-8388607,0,2664,2668,2659,754,2480,-10110976,1,1,14,1,287,0,0,0,1
443353404,197984,202145,220406,184714,836542,740872,1159148,1232447,243262,288665,761532,788001,223504,148281,200858,194108,134608,228040,235028,161120,-9385,127742,274538,-8388607,0,2663,2662,2664,752,2482,-10110976,1,1,14,1,287,0,0,0,1
443353405,198000,202157,220534,184840,836005,740059,1160942,1232604,242605,288016,762261,789249,223533,148062,200935,194037,134522,228253,234969,161066,-9246,127858,274646,-8388607,0,2664,2661,2662,756,2478,-10110976,1,1,14,1,287,0,0,0,1
443353406,198113,202250,220444,185111,835646,739235,1163186,1233900,242319,287752,762514,790718,223558,148180,200959,194383,134662,228252,234878,161082,-9292,127901,274578,-8388607,0,2660,2667,2661,760,2477,-10110976,1,1,14,1,287,0,0,0,1
443353407,197953,202220,220364,184863,834716,738139,1165645,1235227,241608,286375,762391,791582,223632,147970,200603,194017,134653,228246,234967,161143,-9333,127744,274683,-8388607,0,2661,2664,2662,754,2482,-10110976,1,1,14,1,287,0,0,0,1
443353408,197874,201943,220194,184764,833442,736850,1168693,1237088,240564,285688,762567,792487,223747,148183,200949,194392,134543,228104,234952,161128,-9389,127629,274667,-8388607,0,2663,2659,2664,754,2478,-10110976,1,1,14,1,287,0,0,0,1
443353409,197780,201881,220167,184653,832149,735537,1171395,1238807,239652,284787,762958,793526,223854,148210,200966,194305,134468,228085,234872,161082,-9398,127641,274755,-8388607,0,2665,2661,2662,756,2475,-10110976,1,1,14,1,287,0,0,0,1
443353410,197647,201563,220132,184531,831155,734154,1173668,1240343,238879,284018,763076,794269,224017,148339,201168,194401,134582,228101,235043,161005,-9474,127726,274734,-8388607,0,2661,2666,2662,754,2481,-10110976,1,1,14,1,287,0,0,0,1
443353411,197545,201288,220102,184524,829966,732967,1175347,1241488,238320,283298,762738,794532,223929,148551,201094,194430,134653,227982,234988,160906,-9319,127664,274870,-8388607,0,2662,2661,2663,749,2479,-10110976,1,1,14,1,287,0,0,0,1
443353412,197299,201293,220020,184575,828705,731991,1176668,1242528,237523,282636,762110,794750,223901,148589,201106,194654,134503,227955,234824,160857,-9628,127533,274883,-8388607,0,2661,2666,2662,757,2478,-10110976,1,1,14,1,287,0,0,0,1
443353413,197269,201246,219908,184366,827647,731096,1178417,1244339,236925,282126,761156,794603,223982,148571,201051,194469,134510,227937,234743,160915,-9559,127466,274738,-8388607,0,2664,2670,2660,754,2479,-10110976,1,1,14,1,287,0,0,0,1
443353414,197272,201339,220281,184445,826829,730389,1180195,1246690,236122,281771,760537,794056,224013,148743,201135,194406,134633,228044,235098,161065,-9565,127562,274759,-8388607,0,2666,2661,2663,749,2479,-10110976,1,1,14,1,287,0,0,0,1
443353415,197458,201518,220126,184477,825972,729649,1182666,1249812,235818,281136,759671,793569,223973,148301,201393,194329,134604,228116,234898,161164,-9581,127745,274845,-8388607,0,2668,2659,2666,756,2478,-10110976,1,1,14,1,287,0,0,0,1
443353416,197804,201727,220137,184490,824915,729173,1184587,1252849,235229,280450,759333,792655,223953,148402,200866,194290,134600,228068,234816,161112,-9290,127838,274785,-8388607,0,2663,2667,2661,757,2479,-10110976,1,1,14,1,287,0,0,0,1
443353417,197927,201950,220040,184612,823793,728707,1186574,1256110,234493,279645,758719,792019,223826,148393,200911,194064,134625,228090,234938,160943,-9316,127786,274884,-8388607,0,2660,2661,2664,755,2484,-10110976,1,1,14,1,287,0,0,0,1
443353418,198038,202196,220244,184770,822849,728124,1188223,1259260,233809,278798,758541,790957,223839,148185,200960,194316,134571,228083,234948,160880,-9463,127677,274762,-8388607,0,2659,2663,2665,757,2477,-10110976,1,1,14,1,287,0,0,0,1
443353419,198122,202340,220464,184716,822139,727479,1190010,1262496,233249,277720,758462,789816,223721,148268,200846,194063,134530,228009,234945,160839,-9221,127773,274876,-8388607,0,2663,2665,2664,760,2473,-10110976,1,1,14,1,287,0,0,0,1
443353420,198245,202402,220676,184934,821185,726954,1192275,1265953,232564,276481,758015,788595,223613,148215,200656,193913,134559,228085,235152,161052,-9139,127788,274932,-8388607,0,2663,2664,2663,752,2483,-10110976,1,1,14,1,287,0,0,0,1
443353421,198214,202399,220478,184928,820199,726508,1194932,1269884,231838,275551,757479,787712,223642,148104,200914,194144,134374,227950,234941,161035,-9236,127861,274859,-8388607,0,2663,2664,2668,750,2479,-10110976,1,1,14,1,287,0,0,0,1
443353422,198153,202279,220480,185001,819452,726229,1197907,1274475,230902,274651,757137,787010,223659,148159,201073,194294,134529,228195,234876,160958,-9143,127853,274896,-8388607,0,2661,2665,2666,757,2476,-10110976,1,1,14,1,287,0,0,0,1
443353423,198019,202271,220454,184853,818867,725641,1201115,1278502,230126,274037,756821,786545,223855,148333,201098,194201,134631,228158,234974,160943,-9190,127952,274929,-8388607,0,2662,2668,2662,754,2480,-10110976,1,1,14,1,287,0,0,0,1
443353424,197755,202107,220407,184604,818057,724879,1204177,1282313,229192,273203,756302,786296,223792,148252,201031,194329,134576,227908,234808,160874,-9396,127711,274860,-8388607,0,2665,2664,2664,751,2479,-10110976,1,1,14,1,287,0,0,0,1
443353425,197362,201898,220176,184421,817369,723926,1207144,1285798,228760,272438,756002,786099,224015,148564,201185,194351,134541,227985,234894,160981,-9434,127549,274941,-8388607,0,2668,2662,2662,758,2476,-10110976,1,1,14,1,287,0,0,0,1
443353426,197441,201959,220080,184440,816942,722338,1210242,1289141,227912,271697,756087,786432,223876,148691,200919,194304,134735,228067,234960,161113,-9471,127725,274819,-8388607,0,2660,2667,2661,757,2479,-10110976,1,1,14,1,287,0,0,0,1
443353427,197512,201803,219943,184460,816442,721136,1213717,1292312,227315,271162,756165,786774,223997,148573,201147,194375,134726,228117,235069,161186,-9383,127667,274949,-8388607,0,2661,2662,2663,754,2482,-10110976,1,1,14,1,287,0,0,0,1
443353428,197317,201773,219978,184442,816419,719860,1217223,1295523,226850,270667,756182,787025,224025,148548,201072,194525,134684,228269,235121,161461,-9343,127693,275077,-8388607,0,2663,2666,2662,756,2478,-10110976,1,1,14,1,287,0,0,0,1
443353429,197230,201709,219927,184388,815532,718443,1220387,1298612,226405,270310,756366,787484,223837,148383,200936,194335,134535,228128,235004,161230,-9509,127568,274965,-8388607,0,2663,2664,2659,758,2479,-10110976,1,1,14,1,287,0,0,0,1
443353430,197410,201826,220141,184388,814646,717258,1223523,1301469,226123,269798,756716,788222,223718,148432,201038,194314,134709,228189,234753,161179,-9683,127510,274970,-8388607,0,2659,2660,2666,753,2481,-10110976,1,1,14,1,287,0,0,0,1
443353431,197530,201828,220241,184457,813081,715878,1226459,1303754,225809,269504,756389,788531,223685,148169,201048,194077,134679,228198,234810,160978,-9369,127686,274787,-8388607,0,2663,2663,2668,753,2478,-10110976,1,1,14,1,287,0,0,0,1
443353432,197632,201833,220236,184590,811424,714028,1229492,1306167,225635,268983,756454,789397,223598,148030,200775,194203,134531,228006,234962,160952,-9379,127742,274876,-8388607,0,2662,2665,2662,758,2478,-10110976,1,1,14,1,287,0,0,0,1
443353433,197934,202037,220501,184647,809896,712236,1232598,1308772,224985,268517,757015,790292,223762,148105,200640,194096,134646,228071,234802,160857,-9286,127862,274945,-8388607,0,2657,2667,2663,754,2482,-10110976,1,1,14,1,287,0,0,0,1
443353434,198064,202225,220517,184778,808363,710659,1235749,1311068,224335,267954,757247,791132,223758,148258,201007,194146,134321,227907,234805,160918,-9314,127750,274958,-8388607,0,2664,2664,2664,752,2477,-10110976,1,1,14,1,287,0,0,0,1
443353435,198007,202242,220327,184638,806832,709653,1239081,1313480,223707,267291,757711,792321,223619,148411,200983,194103,134320,227683,234719,160918,-9334,127630,274935,-8388607,0,2664,2663,2662,756,2475,-10110976,1,1,14,1,287,0,0,0,1
443353436,198023,202315,220478,184814,805606,708853,1242027,1315452,222861,266457,758565,793529,223802,148364,201062,194186,134530,227870,234772,160992,-9312,127724,275146,-8388607,0,2666,2666,2661,755,2480,-10110976,1,1,14,1,287,0,0,0,1
443353437,198045,202140,220268,184895,804041,707463,1243911,1317258,222169,265734,759469,794446,223714,148392,200873,194199,134361,227857,234574,161074,-9319,127821,274975,-8388607,0,2664,2664,2663,750,2489,-10110976,1,1,14,1,287,0,0,0,1
443353438,197916,201940,220149,184755,802039,706171,1245956,1318715,221624,264946,760359,795382,223821,148609,200794,194462,134323,228019,234648,160902,-9456,127663,274916,-8388607,0,2668,2666,2663,756,2478,-10110976,1,1,14,1,287,0,0,0,1
443353439,197669,201752,220311,184859,800062,704563,1247957,1320383,221382,264324,761711,796660,224095,148649,201022,194397,134566,228074,234786,160957,-9475,127604,274956,-8388607,0,2663,2669,2659,750,2480,-10110976,1,1,14,1,287,0,0,0,1
443353440,197558,201655,220231,184697,797971,703019,1250169,1322209,221019,263844,763095,797488,224105,148584,201080,194353,134584,228016,234805,160967,-9567,127620,274839,-8388607,0,2662,2664,2666,754,2484,-10110976,1,1,14,1,287,0,0,0,1
443353441,197501,201564,220141,184656,796191,701976,1252494,1324598,220670,263449,764555,798738,224065,148707,201239,194567,134820,228100,235038,161157,-9384,127632,274906,-8388607,0,2667,2659,2661,753,2478,-10110976,1,1,14,1,287,0,0,0,1
443353442,197459,201510,220155,184501,795187,701119,1254935,1326901,220548,262902,766005,800158,224100,148498,201357,194343,134923,228099,235347,161152,-9501,127555,275016,-8388607,0,2665,2665,2663,758,2478,-10110976,1,1,14,1,287,0,0,0,1
443353443,197475,201473,220028,184551,794651,700397,1257397,1329285,220081,262485,767671,801822,224334,148622,201172,194251,135111,228310,235315,160975,-9448,127600,275044,-8388607,0,2661,2670,2665,754,2483,-10110976,1,1,14,1,287,0,0,0,1
443353444,197457,201544,219942,184353,794505,699818,1259636,1331502,219835,262103,769820,803426,224115,148355,201088,194060,134873,228344,235206,161118,-9560,127613,274982,-8388607,0,2661,2662,2666,756,2478,-10110976,1,1,14,1,287,0,0,0,1
443353445,197503,201754,219971,184453,794395,699472,1261680,1333956,219520,261953,771720,805434,224124,148499,201253,194258,134864,228321,235008,161003,-9363,127757,274983,-8388607,0,2668,2664,2662,758,2475,-10110976,1,1,14,1,287,0,0,0,1
443353446,197769,201725,220108,184624,794162,699187,1264030,1337001,218827,261635,773515,807295,223801,148438,200987,194280,134692,228432,235064,161194,-9443,127742,274981,-8388607,0,2663,2666,2662,754,2479,-10110976,1,1,14,1,287,0,0,0,1
443353447,197687,201609,220093,184597,794126,698966,1266557,1340519,218281,261343,775069,808758,223867,148273,200854,194309,134514,228135,234839,161036,-9603,127694,274990,-8388607,0,2663,2663,2668,749,2477,-10110976,1,1,14,1,287,0,0,0,1
443353448,197765,201690,220244,184569,794154,699043,1269672,1344575,217884,260956,776355,810436,223924,148226,200789,194286,134649,228296,234958,161050,-9531,127530,275019,-8388607,0,2663,2668,2662,755,2477,-10110976,1,1,14,1,287,0,0,0,1
443353449,197792,201819,220408,184793,794183,698967,1272589,1348350,217644,260190,777678,811782,223756,148362,200789,194513,134534,227887,234938,161128,-9377,127727,274943,-8388607,0,2658,2668,2659,754,2479,-10110976,1,1,14,1,287,0,0,0,1
443353450,197789,201828,220161,184729,794182,698973,1275224,1352088,217234,259756,778741,812927,223759,148284,200903,194126,134369,227746,234787,160897,-9392,127681,275005,-8388607,0,2659,2662,2663,750,2484,-10110976,1,1,14,1,287,0,0,0,1
443353451,197713,201829,220301,184703,794061,698641,1277208,1355381,216561,258947,779638,814176,223731,148293,201053,194193,134323,227810,234814,160925,-9529,127658,275006,-8388607,0,2666,2661,2662,757,2478,-10110976,1,1,14,1,287,0,0,0,1
443353452,197662,201939,220222,184621,793802,698123,1279335,1358263,215806,258326,780388,815079,223880,148258,200942,194244,134218,227808,234749,160916,-9498,127730,274943,-8388607,0,2662,2663,2659,758,2480,-10110976,1,1,14,1,287,0,0,0,1
443353453,197855,201920,220145,184537,793069,697601,1281283,1361155,215167,257728,780928,815739,223703,148154,200634,193990,134293,228067,234747,160849,-9393,127723,274903,-8388607,0,2657,2665,2664,755,2481,-10110976,1,1,14,1,287,0,0,0,1
443353454,197690,201853,220244,184560,792279,696827,1283459,1364183,214244,257020,781438,816631,223844,148534,200899,194210,134386,228016,234552,161013,-9431,127772,274947,-8388607,0,2661,2663,2664,756,2478,-10110976,1,1,14,1,287,0,0,0,1
443353455,197541,201843,220187,184509,791392,695751,1286062,1367738,213655,256634,781875,816869,223659,148462,200864,194244,134472,228154,234610,160958,-9559,127658,275051,-8388607,0,2664,2665,2664,756,2475,-10110976,1,1,14,1,287,0,0,0,1
443353456,197501,201778,220097,184282,790690,694780,1288719,1370991,213000,256080,781859,817118,223876,148450,200782,194155,134491,228083,234983,161039,-9547,127502,274841,-8388607,0,2663,2668,2659,754,2481,-10110976,1,1,14,1,287,0,0,0,1
443353457,197435,201720,219992,184316,790141,693918,1291029,1374023,212498,255524,781600,816838,223762,148490,200989,194439,134542,228168,234789,161025,-9679,127463,274775,-8388607,0,2666,2664,2670,756,2477,-10110976,1,1,14,1,287,0,0,0,1
443353458,197531,201799,220120,184694,789423,693345,1293424,1376688,212051,255086,781373,816300,223928,148625,201098,194703,134694,228406,235051,161307,-9350,127513,274971,-8388607,0,2663,2668,2663,758,2477,-10110976,1,1,14,1,287,0,0,0,1
443353459,197340,201705,220264,184648,788763,692643,1295771,1379037,211588,254372,780678,815311,224101,148547,201174,194424,134748,228312,235013,161022,-9419,127492,274916,-8388607,0,2660,2668,2664,755,2480,-10110976,1,1,14,1,287,0,0,0,1
443353460,197400,201891,220163,184475,787824,691816,1298092,1381497,211095,253706,780322,814212,223919,148528,201126,194532,134787,228109,234908,161172,-9510,127447,274922,-8388607,0,2658,2660,2665,751,2477,-10110976,1,1,14,1,287,0,0,0,1
443353461,197688,201898,220068,184376,786802,690793,1300481,1383778,210603,252968,779733,813257,224090,148625,201377,194530,134851,228289,234962,161142,-9459,127599,274861,-8388607,0,2666,2667,2666,757,2477,-10110976,1,1,14,1,287,0,0,0,1
443353462,197839,201947,220138,184596,785566,689527,1302999,1385635,209769,252177,779361,812209,224258,148686,201258,194461,134708,228404,235036,161160,-9331,127755,274853,-8388607,0,2659,2669,2659,758,2477,-10110976,1,1,14,1,287,0,0,0,1
443353463,197923,202143,220157,184697,784093,687981,1305441,1387040,208934,251342,778827,811147,224310,148648,201194,194581,134628,228380,234941,161173,-9222,127830,274832,-8388607,0,2663,2665,2665,751,2484,-10110976,1,1,14,1,287,0,0,0,1
443353464,197976,202095,220278,184528,782399,686203,1307060,1388243,208038,250156,778474,810384,224240,148638,201074,194308,134680,228229,235076,161042,-9318,127842,274899,-8388607,0,2666,2662,2661,750,2477,-10110976,1,1,14,1,287,0,0,0,1
443353465,198023,202252,220510,184691,780910,684755,1309061,1389156,206981,249339,777579,809942,224108,148740,201003,194426,134682,228209,235082,161221,-9488,127794,275020,-8388607,0,2660,2665,2664,760,2473,-10110976,1,1,14,1,287,0,0,0,1
443353466,197993,202143,220412,184931,778953,682907,1310419,1390211,206171,248622,777047,809527,223825,148587,200936,194248,134581,228106,235033,161123,-9426,127753,274926,-8388607,0,2661,2666,2659,754,2482,-10110976,1,1,14,1,287,0,0,0,1
443353467,197938,202027,220456,184804,776984,681184,1312104,1391314,205496,247815,776316,809256,223899,148535,201070,194386,134658,228110,235046,161319,-9335,127748,274877,-8388607,0,2665,2659,2664,755,2478,-10110976,1,1,14,1,287,0,0,0,1
443353468,197894,201975,220335,184939,774858,679744,1314201,1392913,204777,247195,775795,809249,223761,148419,200921,194340,134707,228043,234996,161170,-9400,127626,274846,-8388607,0,2665,2665,2661,756,2478,-10110976,1,1,14,1,287,0,0,0,1
443353469,197826,201867,220292,184745,772804,678352,1316246,1394798,204246,246835,775554,810058,223673,148154,200814,194026,134484,228105,234929,161210,-9515,127494,274844,-8388607,0,2660,2666,2662,754,2477,-10110976,1,1,14,1,287,0,0,0,1
443353470,197705,201919,220152,184584,770965,676804,1318631,1396609,204051,246277,775370,810973,223686,148121,200936,194095,134680,228296,234900,161049,-9286,127702,274885,-8388607,0,2661,2665,2666,749,2477,-10110976,1,1,14,1,287,0,0,0,1
443353471,197690,201827,220119,184555,769185,675144,1320756,1398072,203638,245949,775407,811945,223754,148154,200944,193997,134708,228109,234839,161015,-9337,127551,274836,-8388607,0,2663,2666,2662,756,2475,-10110976,1,1,14,1,287,0,0,0,1
443353472,197581,201867,219966,184647,767820,673511,1322895,1399591,203235,245375,775766,813182,223771,148103,200862,194046,134557,228033,234804,160855,-9438,127597,274876,-8388607,0,2662,2667,2666,753,2479,-10110976,1,1,14,1,287,0,0,0,1
443353473,197538,201720,220137,184587,766412,672222,1325275,1401265,202828,245203,776228,813997,223758,148207,200924,193920,134524,227940,234789,160917,-9383,127516,274824,-8388607,0,2661,2663,2666,754,2482,-10110976,1,1,14,1,287,0,0,0,1
443353474,197549,201598,220022,184614,765019,671000,1327349,1403355,202525,244801,776599,815314,223793,148286,200956,194145,134431,227900,234948,160926,-9598,127493,274898,-8388607,0,2666,2661,2661,755,2477,-10110976,1,1,14,1,287,0,0,0,1
443353475,197695,201556,220122,184686,763453,669477,1329612,1405979,202145,244440,777117,816297,223821,148616,200980,194418,134342,227899,234889,160925,-9370,127661,274830,-8388607,0,2660,2667,2657,758,2478,-10110976,1,1,14,1,287,0,0,0,1
443353476,197815,201677,220408,184651,761531,667772,1331888,1408762,201606,243866,777729,817409,223752,148501,201086,194342,134263,227861,234800,161002,-9496,127723,274883,-8388607,0,2663,2666,2665,752,2482,-10110976,1,1,14,1,287,0,0,0,1
443353477,197864,201651,220311,184862,759672,665765,1334308,1411533,201030,243127,778288,818258,224105,148568,201148,194405,134410,227894,234802,161092,-9475,127713,274793,-8388607,0,2665,2661,2665,756,2477,-10110976,1,1,14,1,287,0,0,0,1
443353478,198022,201669,220455,184847,758115,663618,1336762,1414038,200242,242480,779090,819052,223833,148525,201188,194329,134214,227773,234672,161011,-9482,127641,274845,-8388607,0,2662,2664,2662,758,2478,-10110976,1,1,14,1,287,0,0,0,1
443353479,197959,201838,220444,184883,756842,661349,1338912,1416004,199621,241621,780204,820123,224078,148442,201009,194275,134471,228056,234627,160999,-9358,127722,274882,-8388607,0,2661,2664,2661,754,2482,-10110976,1,1,14,1,287,0,0,0,1
443353480,197965,201856,220444,184988,755912,659256,1341122,1418228,198856,240783,781204,821163,223988,148423,201098,194175,134455,228083,234727,161034,-9352,127679,274852,-8388607,0,2661,2665,2668,756,2477,-10110976,1,1,14,1,287,0,0,0,1
443353481,197956,202059,220333,184915,754944,657453,1343092,1420642,198149,239968,782643,822516,223925,148437,201271,194310,134568,228162,234920,161051,-9480,127728,274973,-8388607,0,2665,2668,2660,759,2474,-10110976,1,1,14,1,287,0,0,0,1
443353482,197891,201983,220345,184929,753910,655783,1345134,1423075,197568,239390,784438,823788,223901,148407,201006,194185,134750,228351,235075,161117,-9369,127709,274972,-8388607,0,2661,2666,2658,754,2480,-10110976,1,1,14,1,287,0,0,0,1
443353483,197913,201995,220327,184767,752437,654003,1346136,1425556,196833,238834,786204,825272,223824,148226,201085,194181,134815,228278,235126,161052,-9320,127787,275049,-8388607,0,2663,2663,2663,747,2479,-10110976,1,1,14,1,287,0,0,0,1
443353484,197806,201889,220147,184788,750665,652210,1346678,1427855,196502,238310,788332,826519,223848,148346,200900,194144,134956,228150,235235,161109,-9192,127706,274866,-8388607,0,2668,2663,2666,757,2473,-10110976,1,1,14,1,287,0,0,0,1
443353485,197635,201721,220234,184637,748559,650229,1347005,1429658,196440,237937,790453,827928,223824,148413,200905,194267,134918,228166,235236,161124,-9472,127669,274843,-8388607,0,2662,2668,2657,756,2480,-10110976,1,1,14,1,287,0,0,0,1
443353486,197570,201643,220181,184452,746340,648430,1347231,1431361,196375,237651,792434,829608,223854,148500,200938,194197,134897,228391,235151,161288,-9621,127531,275003,-8388607,0,2658,2662,2664,754,2481,-10110976,1,1,14,1,287,0,0,0,1
443353487,197451,201591,219983,184379,744388,646333,1347589,1432571,196166,237523,794422,830587,223705,148532,201017,194166,134720,228255,234938,161077,-9516,127533,275060,-8388607,0,2667,2663,2666,755,2478,-10110976,1,1,14,1,287,0,0,0,1
443353488,197207,201452,219794,184420,742325,643940,1347975,1433579,195928,237155,796430,832197,223731,148472,201036,194245,134387,228115,234632,160929,-9490,127500,274936,-8388607,0,2663,2663,2662,757,2478,-10110976,1,1,14,1,287,0,0,0,1
443353489,197427,201669,220026,184323,740615,641866,1348356,1434110,195670,236813,798325,833541,223952,148626,201006,194317,134447,228013,234706,160773,-9407,127556,274938,-8388607,0,2661,2665,2664,751,2482,-10110976,1,1,14,1,287,0,0,0,1
443353490,197456,201638,219905,184347,738643,639751,1349392,1434456,195161,236423,799626,834838,224054,148509,201078,194253,134403,227805,234863,160842,-9561,127542,274925,-8388607,0,2661,2664,2666,754,2477,-10110976,1,1,14,1,287,0,0,0,1
443353491,197416,201745,219925,184516,736759,637775,1350021,1434522,194840,235835,800974,836112,223968,148399,201164,194171,134137,227561,234584,160839,-9554,127479,274964,-8388607,0,2664,2667,2661,759,2475,-10110976,1,1,14,1,287,0,0,0,1
443353492,197517,201868,220102,184416,734902,636147,1350595,1435004,194181,235436,802133,837107,224154,148591,201229,194402,134246,227638,234625,160955,-9517,127619,275020,-8388607,0,2661,2665,2662,753,2480,-10110976,1,1,14,1,287,0,0,0,1
443353493,197658,202089,220209,184704,732976,634385,1351580,1435371,193441,234973,803005,837643,224050,148582,201066,194399,134248,227914,234662,160884,-9399,127600,274997,-8388607,0,2661,2664,2665,752,2478,-10110976,1,1,14,1,287,0,0,0,1
443353494,198016,202109,220324,184735,730898,633214,1352997,1436079,192619,234347,803142,838231,223982,148685,200811,194355,134273,227770,234812,160720,-9297,127805,275019,-8388607,0,2668,2660,2663,754,2476,-10110976,1,1,14,1,287,0,0,0,1
443353495,198064,202091,220431,184546,729164,631605,1354639,1436920,191943,233372,803530,838931,224052,148523,200802,194067,134456,227880,234674,160959,-9398,127747,275026,-8388607,0,2661,2668,2659,753,2479,-10110976,1,1,14,1,287,0,0,0,1
443353496,198196,202193,220417,184495,727440,629720,1356215,1437637,191473,232563,804042,839006,223867,148499,201106,194250,134610,228113,234789,161021,-9350,127798,274994,-8388607,0,2659,2664,2663,751,2479,-10110976,1,1,14,1,287,0,0,0,1
443353497,198037,202158,220412,184452,725874,628091,1357567,1438202,190748,231834,804084,839299,223974,148450,201054,194280,134683,228401,234923,161178,-9404,127824,274984,-8388607,0,2666,2664,2664,757,2477,-10110976,1,1,14,1,287,0,0,0,1
443353498,197983,202052,220255,184413,724344,626443,1358941,1438675,190215,231294,804283,839691,223745,148223,200819,194293,134880,228336,235167,161369,-9406,127776,274930,-8388607,0,2663,2666,2659,759,2479,-10110976,1,1,14,1,287,0,0,0,1
443353499,197806,202011,220156,184520,722612,625331,1360142,1439531,189694,230525,803966,839975,223920,148343,201215,194152,134845,228398,235274,161243,-9533,127735,274996,-8388607,0,2661,2665,2666,754,2484,-10110976,1,1,14,1,287,0,0,0,1
443353500,197472,201759,220130,184518,721002,623716,1361183,1440076,189184,229994,803504,840010,223724,148481,201142,194312,135074,228336,235315,161131,-9476,127581,275029,-8388607,0,2663,2659,2664,756,2478,-10110976,1,1,14,1,287,0,0,0,1
443353501,197447,201549,219984,184455,719138,622295,1362582,1440956,188546,229606,803302,840249,223899,148358,201182,194454,135101,228090,235233,161180,-9550,127466,274946,-8388607,0,2661,2665,2664,758,2473,-10110976,1,1,14,1,287,0,0,0,1
443353502,197232,201538,220002,184473,717557,620791,1363533,1442059,188197,229191,802846,840269,224022,148415,201081,194307,134890,228236,235166,161249,-9563,127585,275135,-8388607,0,2659,2668,2666,756,2480,-10110976,1,1,14,1,287,0,0,0,1
443353503,197205,201507,219951,184347,716006,619200,1364624,1443353,187841,228738,802651,840355,223950,148483,201089,194288,134683,228135,235028,161106,-9551,127430,275170,-8388607,0,2665,2664,2668,755,2477,-10110976,1,1,14,1,287,0,0,0,1
443353504,197340,201444,219904,184342,714397,617396,1365315,1444391,187177,228172,802416,840230,223874,148495,201119,194530,134576,228188,234833,161272,-9558,127621,275078,-8388607,0,2666,2670,2664,757,2476,-10110976,1,1,14,1,287,0,0,0,1
443353505,197565,201556,220024,184364,713067,615894,1365919,1445527,186500,227560,802206,840133,223818,148639,200862,194524,134412,228213,234811,161114,-9535,127654,275156,-8388607,0,2662,2665,2659,755,2477,-10110976,1,1,14,1,287,0,0,0,1
443353506,197695,201547,220228,184543,711894,614969,1366364,1446717,185765,226884,802321,839821,223668,148434,201007,194216,134295,228030,234770,160992,-9516,127621,275124,-8388607,0,2661,2664,2668,749,2481,-10110976,1,1,14,1,287,0,0,0,1
443353507,197746,201874,220329,184768,710810,614325,1366795,1448318,185390,226044,802370,839748,223666,148356,200974,194341,134204,227878,234667,161097,-9303,127725,275326,-8388607,0,2663,2659,2662,756,2475,-10110976,1,1,14,1,287,0,0,0,1
443353508,197732,201864,220278,184693,709905,613273,1367404,1450172,184898,225321,802492,839705,223790,148319,200769,193963,134296,227750,234672,160971,-9370,127668,275211,-8388607,0,2663,2666,2659,755,2479,-10110976,1,1,14,1,287,0,0,0,1
443353509,197935,202005,220383,184866,708813,612415,1368110,1452249,184118,224670,802802,839407,223684,148368,200896,194189,134381,227634,234814,160903,-9370,127749,275052,-8388607,0,2661,2662,2664,753,2482,-10110976,1,1,14,1,287,0,0,0,1
443353510,198015,202126,220440,185112,707582,611155,1369253,1454267,183385,223941,802798,839787,223807,148263,201023,194250,134330,227938,234671,160942,-9307,127711,275068,-8388607,0,2663,2664,2664,756,2478,-10110976,1,1,14,1,287,0,0,0,1
443353511,197960,202193,220350,184944,706347,609569,1370349,1455960,183017,223463,803089,839919,223951,148491,201062,194235,134419,227829,234754,160976,-9372,127722,275048,-8388607,0,2662,2661,2661,758,2477,-10110976,1,1,14,1,287,0,0,0,1
443353512,197941,202063,220367,184985,704917,607673,1371411,1457236,182343,223234,803348,840373,223943,148480,201122,194383,134595,228082,234881,161167,-9314,127728,275159,-8388607,0,2658,2667,2664,754,2481,-10110976,1,1,14,1,287,0,0,0,1
443353513,197781,201935,220299,184854,703369,605346,1372279,1458309,181874,222752,803598,841105,223943,148398,201184,194078,134654,228168,234912,161182,-9266,127658,275192,-8388607,0,2659,2661,2666,754,2477,-10110976,1,1,14,1,287,0,0,0,1
443353514,197688,201635,220242,184767,702021,602998,1373003,1458935,181509,222140,803817,841646,223946,148500,201087,194546,134948,228312,235037,161155,-9317,127684,275164,-8388607,0,2664,2661,2662,758,2478,-10110976,1,1,14,1,287,0,0,0,1
443353515,197555,201612,220266,184572,700355,600301,1373669,1459591,181099,221610,804432,842477,224020,148557,200969,194340,134779,228181,234975,161203,-9314,127592,275135,-8388607,0,2662,2668,2663,753,2482,-10110976,1,1,14,1,287,0,0,0,1
443353516,197413,201452,220161,184526,698521,597882,1374866,1460813,180779,221357,805139,843416,224082,148726,201096,194500,134829,228227,235127,161273,-9351,127544,275154,-8388607,0,2664,2665,2663,752,2477,-10110976,1,1,14,1,287,0,0,0,1
443353517,197548,201601,220231,184580,696257,595570,1375950,1461724,180362,220816,805888,844501,223971,148623,201122,194418,134861,228156,235287,161180,-9422,127481,275242,-8388607,0,2666,2666,2664,758,2477,-10110976,1,1,14,1,287,0,0,0,1
443353518,197610,201528,220112,184525,693685,593075,1377075,1462600,179727,219999,806721,845350,223950,148383,201026,194344,134750,228003,235027,161202,-9434,127603,275156,-8388607,0,2664,2668,2659,755,2480,-10110976,1,1,14,1,287,0,0,0,1
443353519,197610,201704,220076,184607,691170,590584,1378733,1463667,179239,219538,807466,846375,223791,148259,200868,194363,134591,228299,235010,161247,-9408,127634,275120,-8388607,0,2666,2666,2664,744,2477,-10110976,1,1,14,1,287,0,0,0,1
443353520,197743,201898,220187,184721,688974,587876,1380344,1464870,178778,219078,808301,847244,223703,148240,201026,194118,134501,228066,234846,161093,-9426,127745,275115,-8388607,0,2668,2662,2664,756,2477,-10110976,1,1,14,1,287,0,0,0,1
443353521,197934,202234,220289,184734,687060,585346,1382190,1465990,178250,218483,808738,848189,223804,148001,200749,193941,134473,228057,234739,161001,-9238,127685,275274,-8388607,0,2662,2666,2657,756,2482,-10110976,1,1,14,1,287,0,0,0,1
443353522,198045,202189,220172,184679,684899,583053,1384156,1467174,177601,217835,809487,848770,223469,147956,200586,193747,134391,227937,234571,160815,-9360,127807,275178,-8388607,0,2659,2665,2664,756,2481,-10110976,1,1,14,1,287,0,0,0,1
443353523,198071,202392,220414,184662,683111,581332,1385322,1468114,176700,217225,810615,849738,223623,148169,200880,193977,134343,227950,234494,160867,-9255,127903,275174,-8388607,0,2661,2662,2666,755,2478,-10110976,1,1,14,1,287,0,0,0,1
443353524,198060,202246,220482,184734,681294,580270,1386630,1469121,176192,216862,811333,850506,223495,148210,200930,194064,134176,227652,234594,160641,-9294,127860,275043,-8388607,0,2663,2664,2660,758,2478,-10110976,1,1,14,1,287,0,0,0,1
443353525,197986,202115,220188,184666,678960,579129,1387402,1469860,175777,216215,812336,851357,223791,148178,200754,194289,134333,227663,234540,160773,-9402,127834,275162,-8388607,0,2661,2666,2664,754,2482,-10110976,1,1,14,1,287,0,0,0,1
443353526,197855,202092,220232,184740,676593,577433,1388183,1470673,175110,215508,813504,852123,223729,148375,200872,194264,134057,227658,234592,160848,-9446,127646,275184,-8388607,0,2663,2664,2668,754,2480,-10110976,1,1,14,1,287,0,0,0,1
443353527,197618,201832,220167,184463,673957,575305,1389033,1471214,174640,214688,814721,852894,223960,148410,201045,194494,134271,227884,234754,160903,-9577,127551,275265,-8388607,0,2666,2665,2663,757,2475,-10110976,1,1,14,1,287,0,0,0,1
443353528,197401,201735,220191,184277,671558,572936,1390491,1471766,173982,214144,815763,853857,224046,148478,201170,194376,134559,227948,234715,161001,-9568,127642,275346,-8388607,0,2660,2666,2663,755,2480,-10110976,1,1,14,1,287,0,0,0,1
443353529,197411,201683,220048,184392,669525,570483,1391937,1472682,173560,213748,817103,854708,224039,148799,200968,194547,134691,228273,234927,161383,-9530,127540,275211,-8388607,0,2663,2662,2664,751,2479,-10110976,1,1,14,1,287,0,0,0,1
443353530,197287,201647,219983,184370,667894,568127,1393342,1473110,173130,213281,818184,855229,224228,148908,201003,194427,134761,228176,234774,161064,-9552,127435,275186,-8388607,0,2666,2662,2662,755,2476,-10110976,1,1,14,1,287,0,0,0,1
443353531,197244,201574,219990,184232,666787,566430,1394833,1474029,172853,213105,819359,856483,224157,148768,201160,194446,134899,228428,235291,161453,-9390,127719,275219,-8388607,0,2663,2665,2661,755,2479,-10110976,1,1,14,1,287,0,0,0,1
443353532,197333,201722,220116,184257,665559,564832,1396033,1475136,172347,212637,820584,857306,224012,148598,201266,194158,135006,228328,235161,161482,-9499,127518,275205,-8388607,0,2661,2663,2664,751,2482,-10110976,1,1,14,1,287,0,0,0,1
443353533,197221,201614,219902,184244,664277,563432,1397388,1476673,171964,212303,821888,858291,223805,148460,201106,194421,134792,228207,235169,161374,-9572,127519,275243,-8388607,0,2663,2663,2665,755,2478,-10110976,1,1,14,1,287,0,0,0,1
443353534,197568,201939,220091,184408,663180,562075,1399269,1478839,171580,211965,823279,859177,223810,148233,200895,194382,134903,228344,235287,161230,-9411,127760,275182,-8388607,0,2662,2663,2664,758,2478,-10110976,1,1,14,1,287,0,0,0,1
443353535,197615,201836,220072,184407,662010,560765,1401297,1481495,171138,211323,824187,859998,223594,148172,200789,194268,134841,228410,235063,161187,-9471,127763,275142,-8388607,0,2661,2664,2664,753,2482,-10110976,1,1,14,1,287,0,0,0,1
443353536,197918,201904,220265,184750,661140,559775,1403894,1484567,170669,210760,825039,860457,223719,148227,200791,194245,134690,228069,234893,161160,-9356,127846,275228,-8388607,0,2667,2663,2668,753,2478,-10110976,1,1,14,1,287,0,0,0,1
443353537,197861,201983,220265,184706,660538,558871,1406004,1487156,170049,210191,825613,860727,223622,148160,200942,194310,134559,228164,234734,160944,-9459,127781,275198,-8388607,0,2661,2665,2664,760,2475,-10110976,1,1,14,1,287,0,0,0,1
443353538,197817,202063,220250,184660,660129,557694,1408212,1489508,169666,209566,824857,860542,224587,148308,200900,194014,134561,227733,234871,160915,-9525,127665,275260,-8388607,0,2657,2668,2663,754,2481,-10110976,1,1,14,1,287,0,0,0,1
443353539,197754,201999,220186,184742,659841,556700,1410087,1491859,169174,209124,822504,860239,226637,148078,200433,194088,134287,227724,234744,161012,-9512,127780,275222,-8388607,0,2661,2665,2666,752,2478,-10110976,1,1,14,1,287,0,0,0,1
443353540,197689,201765,220259,184827,658914,555542,1411625,1494112,168763,208834,819753,858840,229938,148398,199504,194135,134221,227730,234705,160972,-9485,127689,275191,-8388607,0,2668,2667,2661,749,2473,-10110976,1,1,14,1,287,0,0,0,1
443353541,197644,201687,220228,184748,657563,554118,1413093,1496561,168504,208764,814965,856827,234796,149136,198885,193462,134188,227890,234838,161168,-9396,127721,275149,-8388607,0,2663,2668,2659,756,2477,-10110976,1,1,14,1,287,0,0,0,1
443353542,197487,201683,220152,184638,656224,552843,1414253,1499009,168512,208553,809289,852692,240616,151544,198747,192239,134300,227921,234757,161098,-9526,127540,275255,-8388607,0,2661,2662,2663,751,2481,-10110976,1,1,14,1,287,0,0,0,1
443353543,197351,201526,220138,184608,654964,551586,1415689,1501319,168096,208402,802385,847092,248380,156027,198852,190433,134480,227794,234953,161037,-9465,127490,275285,-8388607,0,2663,2662,2662,756,2478,-10110976,1,1,14,1,287,0,0,0,1
443353544,197193,201492,220192,184497,653689,550865,1417189,1503757,167821,208360,794389,840427,257251,162134,198153,188844,134557,227990,234915,161096,-9493,127538,275200,-8388607,0,2660,2666,2658,758,2479,-10110976,1,1,14,1,287,0,0,0,1
443353545,197609,201417,220107,184411,652983,550277,1418978,1506299,168030,208231,785827,832252,267408,170600,196956,187667,134754,228210,234998,161077,-9493,127643,275199,-8388607,0,2662,2664,2665,754,2482,-10110976,1,1,14,1,287,0,0,0,1
443353546,197614,201550,220161,184504,652290,549293,1421004,1508422,167776,208022,776387,823278,278427,181018,195547,186864,134874,228248,235022,161126,-9425,127562,275341,-8388607,0,2667,2659,2666,756,2478,-10110976,1,1,14,1,287,0,0,0,1
443353547,197652,201640,220433,184570,651670,548557,1423189,1510405,167133,207372,766658,813706,290157,193104,195439,187032,134955,228381,235230,161158,-9405,127588,275263,-8388607,0,2664,2664,2664,758,2479,-10110976,1,1,14,1,287,0,0,0,1
443353548,197634,201651,220266,184651,650901,547600,1425378,1512114,166583,206774,756785,803410,301991,206663,195682,188117,134952,228165,235155,161274,-9327,127700,275214,-8388607,0,2662,2665,2662,754,2481,-10110976,1,1,14,1,287,0,0,0,1
443353549,197884,201872,220192,184684,649677,546504,1427553,1513594,165972,206290,746233,793546,314431,220161,196611,190169,134939,228166,235190,161117,-9358,127851,275228,-8388607,0,2661,2664,2666,754,2479,-10110976,1,1,14,1,287,0,0,0,1
443353550,197897,202112,220427,184775,648491,545453,1430216,1515332,165301,205298,735560,783654,327165,233598,197779,192408,134698,228178,234983,160999,-9398,127794,275266,-8388607,0,2661,2667,2664,758,2473,-10110976,1,1,14,1,287,0,0,0,1
443353551,198059,202097,220327,184905,646849,544452,1433127,1517182,164811,204608,724589,773064,340353,246748,198796,195008,134499,228114,234789,161002,-9381,127728,275336,-8388607,0,2662,2668,2663,752,2477,-10110976,1,1,14,1,287,0,0,0,1
443353552,197928,202178,220346,184750,645265,543388,1435757,1518763,163922,203936,713047,762526,352935,259285,200002,196597,134372,227968,234671,160866,-9429,127673,275278,-8388607,0,2664,2663,2663,749,2479,-10110976,1,1,14,1,287,0,0,0,1
443353553,197851,202189,220366,184676,643587,542007,1438121,1519822,163420,203802,701903,751945,364889,271250,200881,196290,134181,227779,234537,160772,-9394,127584,275172,-8388607,0,2663,2666,2661,758,2478,-10110976,1,1,14,1,287,0,0,0,1
443353554,197975,202071,220365,184793,642139,540717,1440209,1520924,163646,203817,690536,741037,377003,282709,200981,195565,134079,227796,234323,160496,-9325,127593,275440,-8388607,0,2661,2665,2658,755,2479,-10110976,1,1,14,1,287,0,0,0,1
443353555,197844,202141,220451,184625,640515,539155,1442281,1521587,163827,203624,678589,730223,388670,293644,199687,194397,134006,227548,234432,160631,-9428,127707,275284,-8388607,0,2662,2666,2666,754,2482,-10110976,1,1,14,1,287,0,0,0,1
443353556,197630,201864,220110,184547,638775,537278,1444297,1522488,164027,203501,666885,719000,399419,304288,197702,192634,134076,227571,234597,160612,-9346,127619,275191,-8388607,0,2666,2661,2664,757,2478,-10110976,1,1,14,1,287,0,0,0,1
443353557,197669,201849,220069,184443,636924,535433,1446961,1523810,164376,203599,654965,707322,409628,314674,195603,190590,134160,227814,234680,160794,-9530,127618,275275,-8388607,0,2664,2667,2659,760,2477,-10110976,1,1,14,1,287,0,0,0,1
443353558,197395,201726,220096,184204,635084,533245,1449867,1525542,164781,203719,642937,695967,419236,325230,193690,188853,134433,228069,234985,161023,-9567,127567,275222,-8388607,0,2657,2668,2666,756,2482,-10110976,1,1,14,1,287,0,0,0,1
443353559,197563,201777,220097,184338,633295,531520,1452526,1527534,165009,204032,630886,684381,428637,335940,192272,187869,134686,228165,235305,161280,-9529,127599,275249,-8388607,0,2663,2664,2665,755,2477,-10110976,1,1,14,1,287,0,0,0,1
443353560,197618,201716,219965,184383,631469,529972,1454655,1529097,165246,204085,618613,672805,438569,346481,191431,187554,134995,228301,235286,161334,-9400,127508,275329,-8388607,0,2658,2665,2666,761,2475,-10110976,1,1,14,1,287,0,0,0,1
443353561,197664,201875,220129,184262,630171,528985,1456595,1530557,165174,204238,606294,660606,449647,357869,190588,187542,135210,228496,235617,161482,-9452,127627,275346,-8388607,0,2662,2665,2661,751,2481,-10110976,1,1,14,1,287,0,0,0,1
443353562,197776,202045,220233,184568,629120,528289,1458285,1532332,165068,204572,594466,648656,461774,370054,190988,188275,135428,228625,235575,161544,-9511,127625,275462,-8388607,0,2663,2662,2666,754,2478,-10110976,1,1,14,1,287,0,0,0,1
443353563,197763,202125,220361,184578,628102,527156,1460065,1534129,164999,204727,582197,636363,474820,382901,191923,188637,135446,228801,235505,161483,-9526,127638,275385,-8388607,0,2668,2666,2661,757,2475,-10110976,1,1,14,1,287,0,0,0,1
443353564,197997,202272,220410,184645,626802,525642,1462719,1536186,164714,204496,569657,623721,488737,396716,192845,189499,135437,228751,235374,161359,-9054,127491,275311,-8388607,0,2661,2668,2662,754,2477,-10110976,1,1,14,1,287,0,0,0,1
443353565,198365,202064,220393,184766,625415,523619,1465373,1538735,164308,204048,557462,611105,503190,410663,193793,190026,135191,228496,235213,161160,-2234,127935,275375,-8388607,0,2661,2665,2663,749,2481,-10110976,1,1,14,1,287,0,0,0,1
443353566,199957,201933,220524,184895,624043,521491,1468293,1541584,163912,203872,545249,598371,517893,424636,194331,190842,134874,228231,235054,161020,14218,132095,275390,-8388607,0,2664,2666,2666,757,2477,-10110976,1,1,14,1,287,0,0,0,1
443353567,203465,201762,220086,184917,622400,519365,1470651,1544236,163633,203496,533418,585643,531673,438447,194173,191732,134557,227854,234690,160792,40050,140850,275370,-8388607,0,2663,2666,2659,755,2479,-10110976,1,1,14,1,287,0,0,0,1
443353568,209559,201565,218550,184590,620800,517455,1471981,1546474,163463,203332,521387,573288,544789,451527,194537,192614,134053,227476,234286,160588,75340,156555,275392,-8388607,0,2662,2663,2665,751,2481,-10110976,1,1,14,1,287,0,0,0,1
443353569,218433,202364,216445,183170,619442,515895,1473185,1548482,163131,203139,509592,561117,557008,463635,194819,192945,133699,227397,234303,160447,113291,172910,275368,-8388607,0,2665,2663,2665,755,2478,-10110976,1,1,14,1,287,0,0,0,1
443353570,230138,204791,214745,180547,617761,514486,1474425,1550787,163462,203435,497539,548536,568767,474712,194563,193231,133430,227282,234200,160533,155481,192743,275408,-8388607,0,2659,2664,2659,760,2482,-10110976,1,1,14,1,287,0,0,0,1
443353571,244459,208968,214132,177452,616232,512646,1475879,1553446,163687,203839,485612,536308,580299,485199,194059,192706,133380,227103,234145,160281,201008,215738,275488,-8388607,0,2657,2664,2664,754,2482,-10110976,1,1,14,1,287,0,0,0,1
443353572,260820,214127,215114,175147,614475,510192,1477523,1556222,164137,204366,473754,523819,592329,495807,193343,191877,133482,227271,234022,160468,246598,238589,275387,-8388607,0,2661,2664,2666,755,2478,-10110976,1,1,14,1,287,0,0,0,1
443353573,278600,220395,216307,174503,612507,507774,1479551,1559247,164680,204756,461801,511359,604194,506429,192019,190188,133679,227556,234204,160595,295780,264603,275324,-8388607,0,2665,2665,2663,757,2474,-10110976,1,1,14,1,287,0,0,0,1
443353574,296791,227006,218533,175664,610394,505657,1481786,1561756,165460,205329,450186,498919,616397,517330,190600,188688,133998,227703,234343,160644,344782,290225,275475,-8388607,0,2661,2668,2659,755,2479,-10110976,1,1,14,1,287,0,0,0,1
443353575,314677,234131,221278,178141,608455,503576,1483621,1563811,165934,205923,438661,486784,629024,528602,189733,186982,134520,227910,234844,161099,394374,316230,275368,-8388607,0,2661,2666,2666,749,2479,-10110976,1,1,14,1,287,0,0,0,1
443353576,331335,241927,224177,181083,606995,501751,1485801,1566011,166457,206386,427111,474332,641602,539968,189057,185842,135019,228311,235338,161505,445315,343295,275332,-8388607,0,2662,2666,2659,756,2478,-10110976,1,1,14,1,287,0,0,0,1
443353577,346721,251137,226706,183983,605772,500390,1488047,1567625,166790,206660,415463,462072,654702,552402,189341,185789,135157,228541,235686,161720,494570,368372,275455,-8388607,0,2663,2665,2659,755,2480,-10110976,1,1,14,1,287,0,0,0,1
443353578,361049,262469,227614,185339,604939,499409,1490491,1569477,166921,206846,403406,450041,667761,564988,190232,187005,135527,228819,236003,161833,544602,394437,275506,-8388607,0,2663,2661,2659,751,2481,-10110976,1,1,14,1,287,0,0,0,1
443353579,375056,276505,226531,183479,604076,498448,1492882,1570815,166972,207077,391383,437183,681022,577496,191614,188828,135883,228982,235955,161839,594840,420894,275508,-8388607,0,2666,2661,2661,754,2476,-10110976,1,1,14,1,287,0,0,0,1
443353580,389698,293635,222732,178994,603337,497681,1495512,1572149,166856,207216,379242,424769,693966,590197,193347,190687,135882,229041,235865,161856,644348,447230,275519,-8388607,0,2661,2668,2659,759,2479,-10110976,1,1,14,1,287,0,0,0,1
443353581,406117,313512,216005,173841,602398,496862,1497526,1573252,166554,207338,367068,412399,706774,602658,194993,192390,135464,228910,235461,161605,696190,475713,275495,-8388607,0,2657,2665,2666,752,2484,-10110976,1,1,14,1,287,0,0,0,1
443353582,425006,335618,209432,170175,601325,495931,1499495,1573968,166601,207294,355118,400027,719231,615566,195831,193742,135365,228722,235272,161274,747966,504021,275403,-8388607,0,2663,2663,2665,756,2477,-10110976,1,1,14,1,287,0,0,0,1
443353583,445581,359812,205465,167963,599700,494807,1501283,1574789,166259,207334,342917,387916,731434,627570,195962,194101,134785,228196,235006,161073,801050,533852,275498,-8388607,0,2665,2665,2664,758,2477,-10110976,1,1,14,1,287,0,0,0,1
443353584,467400,385205,204834,168111,598088,493240,1503292,1575133,166405,207233,331318,376250,743111,638836,195603,193600,134483,227676,234521,160734,854098,563887,275406,-8388607,0,2659,2668,2661,751,2481,-10110976,1,1,14,1,287,0,0,0,1
443353585,490472,411175,207432,170842,596441,491426,1505053,1575578,166612,207208,319497,364409,753932,649819,195241,192819,133977,227349,234478,160508,905381,591956,275346,-8388607,0,2661,2663,2666,754,2477,-10110976,1,1,14,1,287,0,0,0,1
443353586,514489,437000,212655,175930,594449,489516,1506385,1575703,166858,207315,308101,352877,764212,659933,194559,191640,133648,227077,234380,160581,958825,622050,275436,-8388607,0,2661,2664,2662,756,2475,-10110976,1,1,14,1,287,0,0,0,1
443353587,539310,462345,218823,182282,592632,487468,1507621,1575442,167406,207816,297133,341766,773924,669506,193994,191021,133371,227110,234127,160634,1013083,652197,275491,-8388607,0,2663,2669,2664,754,2481,-10110976,1,1,14,1,287,0,0,0,1
443353588,564345,487487,223559,188374,590660,485691,1508414,1574979,167961,208318,286590,330881,783137,679255,193229,190471,133250,227265,234040,160624,1067527,682619,275472,-8388607,0,2663,2663,2667,752,2480,-10110976,1,1,14,1,287,0,0,0,1
443353589,588425,512524,225596,191848,589065,483690,1509129,1574672,168788,208961,275858,320140,791833,688806,192884,190242,133524,227523,234135,160635,1123285,713831,275485,-8388607,0,2668,2662,2663,755,2478,-10110976,1,1,14,1,287,0,0,0,1
443353590,611017,536845,225769,191865,587573,482268,1510418,1575034,169677,209457,266042,309793,800869,699569,192830,190462,134060,227679,234595,160863,1177458,743734,275557,-8388607,0,2661,2668,2659,757,2481,-10110976,1,1,14,1,287,0,0,0,1
443353591,631570,559639,223308,189551,586164,481041,1511993,1576169,170517,209968,256484,299446,809894,710828,192732,190565,134437,228077,234685,160968,1233435,775068,275523,-8388607,0,2657,2662,2664,753,2484,-10110976,1,1,14,1,287,0,0,0,1
443353592,650591,580196,218449,186619,585220,480139,1513811,1578436,170920,210380,247684,289121,818920,722337,193344,191426,135026,228420,235056,161207,1290446,806884,275628,-8388607,0,2666,2663,2664,757,2478,-10110976,1,1,14,1,287,0,0,0,1
443353593,667824,597694,213168,182934,585052,479824,1515969,1580606,171341,210574,239399,279267,828030,733976,194453,192792,135423,228642,235536,161388,1345951,836310,275802,-8388607,0,2662,2665,2662,760,2478,-10110976,1,1,14,1,287,0,0,0,1
443353594,683156,612798,209243,179186,584855,479683,1518051,1583292,171161,210296,231893,269319,836387,745146,195884,194108,135546,228698,235612,161450,1402438,866305,275665,-8388607,0,2661,2664,2664,753,2482,-10110976,1,1,14,1,287,0,0,0,1
443353595,697201,627379,207314,176572,584943,479737,1520112,1585551,171211,210213,225714,259665,843736,755664,197902,195930,135652,228952,235858,161650,1457902,895122,275663,-8388607,0,2661,2664,2664,754,2478,-10110976,1,1,14,1,287,0,0,0,1
443353596,712002,642646,207260,175264,584614,479371,1522005,1587967,170505,209798,220529,250695,849403,765425,199980,197530,135653,228830,235598,161656,1512779,923324,275599,-8388607,0,2661,2665,2664,758,2474,-10110976,1,1,14,1,287,0,0,0,1
443353597,729112,659893,207592,174906,584102,478738,1523231,1589976,170097,209443,216567,242350,853401,774048,201058,199064,135498,228832,235361,161435,1569004,953475,275517,-8388607,0,2659,2666,2660,754,2480,-10110976,1,1,14,1,287,0,0,0,1
443353598,749012,680313,207309,175273,582993,477811,1524340,1591570,169763,208988,213912,234359,856072,781832,201636,200194,135213,228615,235201,161181,1624480,983037,275675,-8388607,0,2661,2668,2666,751,2477,-10110976,1,1,14,1,287,0,0,0,1
443353599,772321,704965,206150,176331,581559,475962,1525070,1593089,169596,209071,212474,227366,856918,788822,201610,200558,134712,228288,234812,161030,1679843,1013400,275617,-8388607,0,2668,2665,2663,755,2472,-10110976,1,1,14,1,287,0,0,0,1
443353600,798005,733739,205628,177750,579669,473978,1525759,1592950,169775,209820,211605,221105,857268,794565,200895,200570,134275,227988,234717,160953,1735444,1045365,275712,-8388607,0,2662,2665,2659,756,2477,-10110976,1,1,14,1,287,0,0,0,1
443353601,824371,764723,206214,179379,577484,471353,1526004,1591447,170358,212091,211093,215326,856940,799337,200420,200233,133926,227556,234251,160489,1788751,1076077,275803,-8388607,0,2661,2662,2663,751,2482,-10110976,1,1,14,1,287,0,0,0,1
443353602,850034,795582,207152,182690,575235,468651,1525776,1587436,171156,216938,210325,210380,856997,803025,199555,199371,133726,227302,234179,160301,1839291,1105080,275700,-8388607,0,2664,2659,2666,754,2477,-10110976,1,1,14,1,287,0,0,0,1
443353603,874907,824273,209210,187980,572693,466059,1524638,1580569,172579,225024,209173,205390,856952,805541,199060,198910,133700,227234,234368,160422,1884704,1129599,275826,-8388607,0,2662,2667,2661,757,2479,-10110976,1,1,14,1,287,0,0,0,1
443353604,897910,849522,212443,193659,570187,463967,1522402,1571623,174863,235948,206977,200598,856979,807573,199204,198783,133570,227096,234389,160528,1923154,1149903,275711,-8388607,0,2661,2662,2664,754,2482,-10110976,1,1,14,1,287,0,0,0,1
443353605,917380,871676,216386,198298,568907,462398,1520125,1560816,178118,249299,203866,197093,856919,809349,199784,198748,133782,227449,234582,160738,1954131,1165894,275700,-8388607,0,2665,2665,2665,757,2476,-10110976,1,1,14,1,287,0,0,0,1
443353606,933874,891487,218854,200294,567703,460894,1517382,1549465,182518,264130,201131,195721,857166,810748,200320,199515,134051,227785,234867,160823,1977246,1176832,275748,-8388607,0,2664,2665,2659,757,2475,-10110976,1,1,14,1,287,0,0,0,1
443353607,949614,909416,218094,199371,566197,458968,1515760,1537617,187653,279972,200421,196812,857642,811640,201078,201358,134557,228167,234960,161087,1995448,1186111,275766,-8388607,0,2657,2666,2664,754,2483,-10110976,1,1,14,1,287,0,0,0,1
443353608,965640,926631,214028,196105,564385,457281,1514680,1525692,192699,295362,201938,198930,857609,812257,202095,203068,134987,228448,235135,161273,2009080,1194117,275541,-8388607,0,2663,2664,2664,752,2477,-10110976,1,1,14,1,287,0,0,0,1
443353609,982819,944351,207896,191325,562512,455306,1513749,1514104,197997,311032,205106,201638,857184,812880,203347,205074,135368,228822,235403,161597,2018687,1200458,275731,-8388607,0,2668,2665,2666,757,2471,-10110976,1,1,14,1,287,0,0,0,1
443353610,999894,963249,201809,185998,560283,453127,1511751,1501764,204033,326159,207884,204125,856666,813368,204728,206737,135429,229005,235598,161576,2025460,1205441,275650,-8388607,0,2664,2668,2663,754,2481,-10110976,1,1,14,1,287,0,0,0,1
443353611,1016755,982488,197799,181808,558177,451345,1508182,1488163,211118,341188,208562,205580,855994,812811,205453,207515,135573,228933,235584,161445,2027261,1207223,275670,-8388607,0,2666,2664,2666,752,2483,-10110976,1,1,14,1,287,0,0,0,1
443353612,1034448,1001842,196356,180808,557105,450165,1502031,1473306,220279,356674,207072,205072,855467,812000,205338,207696,135535,228731,235518,161159,2027593,1208052,275681,-8388607,0,2662,2661,2663,754,2477,-10110976,1,1,14,1,287,0,0,0,1
443353613,1053565,1021201,197825,184214,556633,449733,1493924,1457274,231216,372970,204142,202590,854645,810846,204778,207153,135348,228275,235306,161161,2026665,1208396,275755,-8388607,0,2660,2667,2659,755,2480,-10110976,1,1,14,1,287,0,0,0,1
443353614,1072561,1040654,201895,189768,555822,449213,1483610,1440263,244130,389652,200384,198894,853942,809595,204436,205972,134827,227908,234875,161029,2022146,1205635,275831,-8388607,0,2663,2665,2661,754,2482,-10110976,1,1,14,1,287,0,0,0,1
443353615,1091502,1060681,207574,195754,554817,448366,1471527,1423067,259073,407039,197818,195700,852907,807715,204171,205537,134423,227965,234703,160698,2015449,1201861,275802,-8388607,0,2669,2662,2665,753,2478,-10110976,1,1,14,1,287,0,0,0,1
443353616,1111133,1081393,212970,200846,552978,446871,1457964,1405960,275200,423723,196723,193448,851751,805281,204251,205192,133933,227770,234489,160841,2006692,1196545,275840,-8388607,0,2661,2665,2661,758,2479,-10110976,1,1,14,1,287,0,0,0,1
443353617,1131091,1102054,216173,205149,550204,444679,1442473,1388103,292629,440239,196819,192989,850895,802954,204772,205719,133625,227486,234213,160601,1995970,1190755,275731,-8388607,0,2657,2664,2666,754,2481,-10110976,1,1,14,1,287,0,0,0,1
443353618,1149929,1121434,216836,207224,547357,442274,1425292,1370098,311176,457827,198265,193882,850303,801317,205634,206693,133514,227419,234289,160672,1983825,1184313,275790,-8388607,0,2664,2666,2666,753,2478,-10110976,1,1,14,1,287,0,0,0,1
443353619,1165835,1138628,215369,206365,545251,440436,1406751,1351960,331109,476486,200120,194693,849748,799788,206623,207834,133513,227412,234326,160614,1967014,1174226,275803,-8388607,0,2666,2673,2661,758,2475,-10110976,1,1,14,1,287,0,0,0,1
443353620,1177050,1152643,212881,204432,544048,439205,1387511,1333588,352832,496951,201404,195915,850088,798959,207595,208513,133731,227343,234514,160551,1945515,1160966,275718,-8388607,0,2661,2669,2658,754,2479,-10110976,1,1,14,1,287,0,0,0,1
443353621,1184401,1162319,210103,202350,543787,438727,1367389,1316000,375704,518911,202030,197315,850903,798596,208088,208902,134049,227479,234553,160598,1916780,1144446,275702,-8388607,0,2664,2664,2668,752,2477,-10110976,1,1,14,1,287,0,0,0,1
443353622,1188206,1168794,207981,200495,544019,439144,1347112,1298216,400132,541713,202412,197891,852018,798249,209183,209789,134491,227885,234632,160752,1875286,1121208,275753,-8388607,0,2668,2663,2662,759,2473,-10110976,1,1,14,1,287,0,0,0,1
443353623,1187833,1173588,207082,199230,544776,439831,1326491,1281171,424733,564969,202969,198108,852902,797759,210544,210377,134871,228147,235034,160984,1823110,1090425,275719,-8388607,0,2663,2668,2661,754,2477,-10110976,1,1,14,1,287,0,0,0,1
443353624,1186974,1178224,208003,198584,545698,440767,1305286,1263760,447998,586175,203546,197754,853511,796859,212010,211564,135087,228546,235298,161221,1771697,1060428,275592,-8388607,0,2661,2662,2666,754,2484,-10110976,1,1,14,1,287,0,0,0,1
443353625,1188658,1182897,209674,199439,545920,440873,1283213,1246480,469830,605174,204074,196886,853995,795494,213246,212630,135319,228623,235286,161230,1720649,1031738,275788,-8388607,0,2665,2659,2662,755,2476,-10110976,1,1,14,1,287,0,0,0,1
443353626,1192476,1188898,210570,202051,545816,441046,1260779,1229024,490263,622477,203994,195527,853692,794232,213947,213443,135363,228845,235348,161472,1667357,1002487,275620,-8388607,0,2663,2666,2660,756,2479,-10110976,1,1,14,1,287,0,0,0,1
443353627,1196747,1196526,210978,204025,545978,441456,1238271,1211282,509099,638947,203329,193949,853093,793013,214300,214041,135382,228755,235373,161730,1613730,974094,275702,-8388607,0,2660,2665,2666,752,2481,-10110976,1,1,14,1,287,0,0,0,1
443353628,1200365,1204136,212303,205235,546347,441731,1215584,1193291,527665,655834,202323,192148,852768,792185,214032,213895,135144,228696,235436,161572,1556599,942771,275607,-8388607,0,2661,2659,2666,756,2478,-10110976,1,1,14,1,287,0,1,0,37
443353629,1201966,1210503,214464,207828,547030,441560,1192772,1174576,547398,674425,200214,190618,852803,792060,213364,213658,135046,228487,235247,161375,1497399,910499,275752,-8388607,0,2663,2666,2662,760,2476,-10110976,1,1,14,1,287,0,1,0,37
443353630,1202842,1214000,216816,212023,547772,441014,1169593,1155624,569040,694563,197913,189097,853223,791727,212774,213403,134828,228167,235209,161246,1439278,878947,275680,-8388607,0,2661,2666,2662,755,2482,-10110976,1,1,14,1,287,0,1,0,37
443353631,1201403,1214791,219590,215872,548264,440595,1146490,1136340,592695,715908,195952,187951,853738,791979,213321,213324,134753,227758,234992,160871,1380450,846134,275654,-8388607,0,2665,2664,2668,753,2477,-10110976,1,1,14,1,287,0,1,0,37
443353632,1197428,1213428,222100,217685,547759,439990,1123660,1117052,617198,737438,195163,187011,854200,791922,214282,213961,134221,227767,234853,161020,1319868,811131,275690,-8388607,0,2661,2665,2663,757,2477,-10110976,1,1,14,1,287,0,1,0,37
443353633,1193693,1211581,222448,216772,546889,439166,1100679,1098177,641794,758361,196434,186652,854397,792199,215695,214835,134022,227795,234676,160918,1260548,777110,275629,-8388607,0,2661,2666,2662,754,2479,-10110976,1,1,14,1,287,0,1,0,37
443353634,1191470,1210106,221091,214791,546474,438656,1078187,1079796,666252,778390,199094,187661,854469,792452,217083,216354,133920,227755,234538,160875,1204239,746430,275710,-8388607,0,2661,2663,2663,749,2479,-10110976,1,1,14,1,287,0,1,0,37
443353635,1191291,1209622,218641,212094,546922,438938,1056386,1061832,690642,797643,202069,190029,854245,793228,218233,218290,133947,227742,234356,160896,1149367,717200,275708,-8388607,0,2668,2671,2663,754,2476,-10110976,1,1,14,1,287,0,1,0,37
443353636,1190964,1210082,215676,208648,547877,439837,1035024,1043582,714820,817709,204699,192661,853859,794442,219111,219705,133979,227732,234486,160779,1095016,687662,275647,-8388607,0,2663,2667,2662,755,2478,-10110976,1,1,14,1,287,0,1,0,37
443353637,1189857,1211084,214486,206834,549380,440760,1013260,1024627,739199,838693,206181,194450,853629,796354,220174,220876,134103,227737,234591,160880,1040004,657598,275620,-8388607,0,2661,2664,2661,754,2484,-10110976,1,1,14,1,287,0,1,0,37
443353638,1189785,1211676,215941,208376,551132,441493,991180,1005586,763803,860140,205450,194974,853702,797699,220842,221493,134241,227800,234542,160876,986096,628453,275695,-8388607,0,2663,2663,2668,756,2478,-10110976,1,1,14,1,287,0,1,0,37
443353639,1190855,1211698,218866,212495,552151,441979,968830,986364,788174,880891,203354,193898,853709,798650,221516,221921,134461,227916,234646,160869,934885,601067,275673,-8388607,0,2660,2667,2659,760,2475,-10110976,1,1,14,1,287,0,1,0,37
443353640,1191426,1212104,222979,216904,551703,441645,946424,967044,811649,900124,200557,191578,853181,798896,222122,222277,134640,227894,234792,160838,881404,571828,275843,-8388607,0,2659,2667,2665,753,2481,-10110976,1,1,14,1,287,0,1,0,37
443353641,1192191,1213361,226987,220118,550093,440499,923842,947906,834142,917224,198436,189258,851779,798683,222643,222473,134741,227982,234938,160974,827164,542097,275539,-8388607,0,2665,2659,2664,756,2478,-10110976,1,1,14,1,287,0,1,0,37
443353642,1194513,1215122,230515,222324,548343,439175,901445,929172,855830,932362,197915,187446,849605,798030,223432,222729,134885,228142,235100,161154,775204,514906,275681,-8388607,0,2667,2665,2662,757,2475,-10110976,1,1,14,1,287,0,1,0,37
443353643,1197566,1216551,232001,223986,546310,437594,878768,910781,877421,947028,198492,186532,847393,796840,223655,223137,134891,228302,235220,161200,722739,487932,275607,-8388607,0,2661,2666,2662,754,2482,-10110976,1,1,14,1,287,0,1,0,37
443353644,1199412,1217027,232867,224392,544541,435883,855984,892108,899816,963059,199929,186960,845282,796306,223730,223702,134812,228474,235285,161342,670035,460705,275742,-8388607,0,2664,2664,2670,754,2477,-10110976,1,1,14,1,287,0,1,0,37
443353645,1198300,1216011,232793,223349,543317,435118,833279,873695,923317,981192,201346,188109,843352,795720,223747,223988,134766,228613,235242,161503,616403,432171,275626,-8388607,0,2665,2664,2664,758,2475,-10110976,1,1,14,1,287,0,1,0,37
443353646,1194541,1212778,232225,222669,542037,434581,811589,856448,947049,1000569,201951,189120,842203,795461,224166,224402,134859,228655,235067,161474,561105,402075,275708,-8388607,0,2663,2666,2658,754,2479,-10110976,1,1,14,1,287,0,1,0,37
443353647,1189969,1208141,231913,222754,541039,433969,791459,840418,970292,1020060,202199,190227,841422,795122,224336,224723,134838,228625,235191,161410,507479,373625,275617,-8388607,0,2665,2663,2663,748,2484,-10110976,1,1,14,1,287,0,1,0,37
443353648,1184744,1203145,231407,222695,539674,432759,772978,826350,991924,1037809,202665,191368,841181,794844,224846,225289,134991,228254,235146,161271,454607,345778,275696,-8388607,0,2663,2662,2662,756,2478,-10110976,1,1,14,1,287,0,1,0,37
443353649,1179674,1199365,230798,221887,538271,432038,757288,814631,1010926,1053258,204411,192940,840723,794048,225686,225576,134799,228151,235218,161063,400558,317188,275641,-8388607,0,2662,2667,2657,753,2481,-10110976,1,1,14,1,287,0,1,0,37
443353650,1176422,1196845,230957,221086,536593,431366,743483,805012,1027308,1065131,206743,195238,840398,793135,227087,226408,134703,227970,235266,160972,349060,290852,275629,-8388607,0,2659,2664,2663,754,2482,-10110976,1,1,14,1,287,0,1,0,37
443353651,1175813,1196481,232106,221947,534981,430881,730894,797961,1041051,1073232,209880,197031,839790,792150,227999,227376,134345,227800,234826,160981,302044,268426,275691,-8388607,0,2661,2659,2664,756,2478,-10110976,1,1,14,1,287,0,1,0,37
443353652,1176078,1197732,233770,224457,533619,430253,720439,792755,1052083,1079175,212157,198712,839310,791643,228920,228572,134233,227970,234642,160922,256456,247610,275673,-8388607,0,2665,2667,2662,759,2478,-10110976,1,1,14,1,287,0,1,0,37
443353653,1175392,1199130,236060,226861,532095,429399,712175,789080,1060817,1083075,212905,199045,838878,791071,229235,229329,133987,227799,234457,160734,212879,227566,275675,-8388607,0,2659,2668,2664,753,2482,-10110976,1,1,14,1,287,0,1,0,37
443353654,1173840,1200589,238509,229939,530533,428229,706135,787080,1066426,1085989,211685,197959,838738,790765,229265,230181,134065,227733,234389,160779,172239,208732,275749,-8388607,0,2661,2662,2666,752,2478,-10110976,1,1,14,1,287,0,1,0,37
443353655,1171261,1200889,240645,233924,529087,426547,702661,785940,1069910,1088041,209018,195539,838964,790206,229204,230462,133979,227528,234252,160701,134366,191707,275808,-8388607,0,2661,2665,2661,757,2475,-10110976,1,1,14,1,287,0,1,0,37
443353656,1168633,1199731,242429,237520,527910,425047,700868,785929,1071462,1089235,205822,193289,838730,789304,229424,230438,134067,227560,234301,160558,101519,178033,275658,-8388607,0,2662,2670,2659,754,2479,-10110976,1,1,14,1,287,0,1,0,37
443353657,1165581,1198217,243517,239026,527574,423875,700831,785949,1071691,1090010,203683,191784,839034,787729,229961,230446,134229,227633,234548,160767,72133,165602,275756,-8388607,0,2666,2663,2663,749,2475,-10110976,1,1,14,1,287,0,1,0,37
443353658,1161651,1196473,243502,238468,527500,423072,701320,786332,1071323,1090734,203798,191716,838945,785822,231035,230794,134185,227837,234727,160625,44100,153081,275745,-8388607,0,2668,2664,2661,756,2473,-10110976,1,1,14,1,287,0,1,0,37
443353659,1158518,1194318,242964,236802,527991,422905,702463,786580,1071138,1091553,205398,193157,838769,784120,232021,230756,134311,227933,234863,160777,22065,144463,275752,-8388607,0,2661,2668,2659,754,2479,-10110976,1,1,14,1,287,0,0,0,1
443353660,1156891,1191714,242137,235265,528921,423015,704553,787393,1071910,1092998,208312,195589,838374,782502,232963,231753,134548,228233,235142,161044,6996,140278,275767,-8388607,0,2659,2666,2666,753,2477,-10110976,1,1,14,1,287,0,0,0,1
443353661,1154666,1189177,241671,234464,529667,422984,706506,788645,1072995,1094991,211083,197839,837912,780979,233540,232563,134866,228230,235159,161236,-3734,136939,275703,-8388607,0,2663,2658,2664,756,2477,-10110976,1,1,14,1,287,0,0,0,1
443353662,1151027,1186278,241593,233830,529905,422426,708304,789876,1073848,1097967,213321,199512,837437,780228,233975,233000,135019,228460,235326,161469,-9540,134768,275796,-8388607,0,2663,2661,2664,759,2477,-10110976,1,1,14,1,287,0,0,0,1
443353663,1147439,1183415,242602,234551,529877,421672,710683,790849,1074379,1100603,214615,200805,836960,779481,234013,233656,135166,228678,235428,161613,-11841,133468,275801,-8388607,0,2661,2664,2664,754,2482,-10110976,1,1,14,1,287,0,0,0,1
443353664,1144990,1180932,244639,237401,529750,420553,713098,792056,1073863,1102569,214962,201963,836508,778785,234208,234057,135354,228751,235522,161477,-12483,133351,275937,-8388607,0,2663,2664,2666,755,2478,-10110976,1,1,14,1,287,0,0,0,1
443353665,1143407,1179453,247149,240607,529626,419058,715549,793122,1072147,1102652,215674,202710,836053,778087,235001,234403,135294,228626,235500,161371,-11814,134188,275851,-8388607,0,2661,2668,2666,759,2476,-10110976,1,1,14,1,287,0,0,0,1
443353666,1142496,1178810,249764,242153,529357,417686,717899,794374,1069627,1101452,216785,203641,835617,776929,235608,234813,135259,228391,235420,161376,-11949,134154,275893,-8388607,0,2661,2668,2663,754,2480,-10110976,1,1,14,1,287,0,0,0,1
443353667,1142388,1178208,252204,243238,529219,417121,720183,796003,1066522,1098379,217910,204644,835477,775912,236647,235496,135187,228291,235410,161275,-12562,133810,275956,-8388607,0,2665,2664,2668,750,2478,-10110976,1,1,14,1,287,0,0,0,1
443353668,1142743,1176891,253749,243783,528910,416956,722295,797787,1062831,1094611,218196,204605,834909,774730,237611,235967,134764,227986,235210,161248,-11462,135130,275831,-8388607,0,2668,2664,2662,756,2475,-10110976,1,1,14,1,287,0,0,0,1
443353669,1141970,1174835,254807,244338,528825,417644,724490,800373,1059552,1090829,217862,203782,834258,774412,238639,236807,134506,227720,234788,161033,-10363,136549,275809,-8388607,0,2660,2664,2662,753,2477,-10110976,1,1,14,1,287,0,0,0,1
443353670,1138459,1171184,255308,244074,528691,418366,726782,803341,1056634,1087164,216953,202515,833141,774045,239363,237675,134107,227748,234397,160969,-11029,135993,275983,-8388607,0,2661,2662,2666,751,2479,-10110976,1,1,14,1,287,0,0,0,1
443353671,1133030,1166545,255203,243634,528787,419357,729711,806667,1054569,1084579,215998,201974,832056,773684,239414,238591,133810,227848,234316,160757,-12017,134448,275992,-8388607,0,2663,2662,2662,755,2476,-10110976,1,1,14,1,287,0,0,0,1
443353672,1127517,1161364,254590,243603,529269,420022,732545,810245,1052820,1081911,215790,202295,830813,773388,239593,239379,133776,227503,234148,160511,-12769,133237,275828,-8388607,0,2663,2665,2659,758,2479,-10110976,1,1,14,1,287,0,0,0,1
443353673,1123095,1156427,254373,243767,529992,420970,736089,814171,1052016,1080156,216984,204351,829484,772940,239914,240450,133899,227387,234340,160586,-12668,133246,275877,-8388607,0,2671,2663,2664,752,2484,-10110976,1,1,14,1,287,0,0,0,1
443353674,1119467,1152760,253905,243269,530667,421660,739124,817774,1051325,1078312,219393,207151,828183,772098,240669,240873,133976,227443,234599,160545,-12139,133194,275844,-8388607,0,2666,2661,2665,751,2477,-10110976,1,1,14,1,287,0,0,0,1
443353675,1116217,1149899,253448,242386,531263,422708,741633,821512,1050980,1076441,222002,210219,827304,771125,241460,241223,134064,227464,234528,160581,-12986,132195,275820,-8388607,0,2659,2666,2666,759,2479,-10110976,1,1,14,1,287,0,0,0,1
443353676,1114577,1148481,254153,242150,531566,423615,743936,825398,1051187,1074097,224559,212660,827050,770296,242402,241686,134583,227918,234936,160842,-13076,132419,275927,-8388607,0,2657,2668,2664,754,2482,-10110976,1,1,14,1,287,0,0,0,1
443353677,1113629,1147232,255520,243383,531168,423912,745181,828807,1050887,1071937,225740,213555,826279,769835,242833,241785,134709,228224,235038,161166,-11356,133971,276067,-8388607,0,2664,2662,2664,756,2478,-10110976,1,1,14,1,287,0,0,0,1
443353678,1112164,1146428,257052,245999,530182,423985,745885,831786,1050447,1069303,225928,213301,825678,769934,243172,242188,134909,228206,235043,161339,-10851,134972,275925,-8388607,0,2668,2665,2662,758,2475,-10110976,1,1,14,1,287,0,0,0,1
443353679,1109421,1145240,259077,248988,528757,423597,746364,834617,1050264,1066622,225947,213167,825093,770613,243586,242710,135101,228616,235441,161546,-11777,133908,275978,-8388607,0,2663,2668,2659,755,2480,-10110976,1,1,14,1,287,0,0,0,1
443353680,1106149,1143486,261249,252110,527606,422907,747246,836886,1049376,1063963,225894,212736,824484,771129,243685,243538,135352,228676,235567,161639,-12041,133167,275870,-8388607,0,2660,2668,2666,751,2477,-10110976,1,1,14,1,287,0,0,0,1
443353681,1103121,1141796,262773,254878,526612,421618,748016,838615,1047760,1060904,226028,212695,823790,771390,244145,244881,135223,228855,235477,161516,-11888,133265,275958,-8388607,0,2664,2666,2663,755,2477,-10110976,1,1,14,1,287,0,0,0,1
443353682,1100591,1139579,263652,256564,526283,420441,749300,840109,1046222,1058560,226546,212961,823418,771768,245330,246233,135369,228658,235580,161578,-11600,133720,276007,-8388607,0,2663,2667,2659,755,2480,-10110976,1,1,14,1,287,0,0,0,1
443353683,1098056,1137002,263364,255852,526161,419372,750384,841006,1044941,1056130,226990,213540,823039,772025,246641,247545,135299,228467,235269,161537,-11464,133856,275890,-8388607,0,2663,2663,2667,754,2484,-10110976,1,1,14,1,287,0,0,0,1
443353684,1095196,1134262,262345,254043,526254,418827,751453,841671,1044497,1055003,227308,213637,823144,772211,248078,248565,135091,228317,235033,161180,-11852,133197,275958,-8388607,0,2668,2659,2664,756,2477,-10110976,1,1,14,1,287,0,0,0,1
443353685,1092400,1130759,261752,252683,526008,418415,752212,842166,1044722,1055378,227682,213710,823513,772378,249249,249385,134693,228070,234786,160772,-12004,132976,275894,-8388607,0,2661,2666,2658,756,2478,-10110976,1,1,14,1,287,0,0,0,1
443353686,1089710,1127121,261695,252137,525317,417999,753144,842664,1046466,1057030,228670,214389,823955,772777,249835,249883,134384,227867,234525,160577,-10941,134088,275925,-8388607,0,2657,2664,2659,754,2482,-10110976,1,1,14,1,287,0,0,0,1
443353687,1086013,1123643,262266,252492,524454,417509,754146,843175,1048702,1059687,230465,215822,823920,773213,250446,250638,134219,227859,234172,160629,-11475,133377,275961,-8388607,0,2663,2664,2666,754,2478,-10110976,1,1,14,1,287,0,0,0,1
443353688,1082100,1120568,263026,253364,523359,416015,755006,843045,1050686,1062713,232431,217915,823472,772919,250533,250821,133764,227538,234240,160632,-13113,131342,275961,-8388607,0,2665,2664,2662,759,2475,-10110976,1,1,14,1,287,0,0,0,1
443353689,1079741,1118765,264394,255145,521979,414446,755656,842460,1052193,1066005,234946,220688,822519,772073,250737,251409,133784,227581,234118,160577,-13166,131291,275865,-8388607,0,2661,2666,2664,754,2481,-10110976,1,1,14,1,287,0,0,0,1
443353690,1079373,1118212,266199,257168,520821,412388,756311,841218,1052615,1068591,236788,222836,820918,770778,251067,252047,133741,227466,234307,160746,-12310,132259,275903,-8388607,0,2664,2664,2668,754,2479,-10110976,1,1,14,1,287,0,0,0,1
443353691,1080258,1118263,267766,258752,519488,410110,756216,839631,1052316,1071083,237704,224441,819673,769146,251693,252590,133946,227260,234537,160767,-11761,133234,276026,-8388607,0,2663,2666,2662,756,2476,-10110976,1,1,14,1,287,0,0,0,1
443353692,1081223,1118469,269272,259515,517563,407973,755596,837598,1052242,1073248,237781,225019,818168,766910,252277,252989,134154,227932,234758,160838,-11563,133606,276019,-8388607,0,2660,2666,2658,754,2479,-10110976,1,1,14,1,287,0,0,0,1
443353693,1081781,1117827,271379,260351,515619,405321,754847,835846,1052150,1075177,237185,224407,816865,764653,252467,252705,134533,228016,234946,160913,-11512,133782,276053,-8388607,0,2664,2664,2665,749,2480,-10110976,1,1,14,1,287,0,0,0,1
443353694,1081820,1116314,273668,261760,513597,403148,754020,834219,1052070,1077041,236843,223719,815664,763389,252571,252357,134822,228220,235088,161171,-10935,134543,275995,-8388607,0,2668,2661,2664,756,2478,-10110976,1,1,14,1,287,0,0,0,1
443353695,1080348,1113467,274984,263167,511496,400991,753099,833024,1052085,1078683,236923,224054,814709,761996,252388,252153,135098,228392,235160,161097,-10645,134816,276003,-8388607,0,2661,2667,2659,755,2479,-10110976,1,1,14,1,287,0,0,0,1
443353696,1077100,1109768,275908,264034,509561,398765,752231,832130,1051932,1079826,237468,224826,814213,760802,252692,252336,135247,228546,235331,161299,-11394,133731,276022,-8388607,0,2661,2664,2664,752,2482,-10110976,1,1,14,1,287,0,0,0,1
443353697,1072996,1105684,275943,263910,508002,397194,751379,831519,1051498,1080954,238221,225894,813525,759750,253148,252762,135299,228421,235370,161478,-12510,132390,276095,-8388607,0,2659,2661,2666,756,2478,-10110976,1,1,14,1,287,0,0,0,1
443353698,1069430,1101531,275260,263777,506776,396188,750039,830924,1050981,1081805,239230,227188,813291,758851,254350,253876,135187,228428,235215,161304,-12275,132624,275974,-8388607,0,2662,2665,2658,759,2473,-10110976,1,1,14,1,287,0,0,0,1
443353699,1066737,1097692,274862,263327,505833,395354,749172,830278,1051361,1083008,240115,228321,812935,757751,255582,254968,134861,228164,235041,161050,-11654,133458,276041,-8388607,0,2663,2666,2664,755,2482,-10110976,1,1,14,1,287,0,0,0,1
443353700,1063792,1094100,274368,262271,505283,394585,747807,829734,1052863,1084408,241379,229249,812908,757075,256714,256353,134788,228225,235013,161238,-11559,133109,276024,-8388607,0,2666,2663,2666,753,2477,-10110976,1,1,14,1,287,0,0,0,1
443353701,1060782,1090621,274630,261463,504420,393786,746838,829276,1054847,1085594,242576,230417,812567,755919,257573,257588,134478,228146,234858,160975,-12011,132456,275931,-8388607,0,2664,2665,2663,756,2479,-10110976,1,1,14,1,287,0,0,0,1
443353702,1057746,1087576,275604,262021,503452,392941,746259,829743,1056800,1085878,244538,231984,812607,755191,258360,258094,134172,227957,234425,160931,-11946,132478,276068,-8388607,0,2660,2669,2666,755,2481,-10110976,1,1,14,1,287,0,0,0,1
443353703,1054652,1084759,276998,263944,501926,391673,745871,830200,1058266,1085560,246496,233375,811977,753818,258969,258419,133931,227679,234364,160604,-11322,133106,275966,-8388607,0,2661,2662,2664,752,2479,-10110976,1,1,14,1,287,0,0,0,1
443353704,1050773,1082212,278206,266090,500190,390610,745688,830822,1059339,1084079,248074,234873,811875,752195,259464,258400,133962,227543,234419,160720,-11171,133011,276060,-8388607,0,2669,2665,2662,757,2476,-10110976,1,1,14,1,287,0,0,0,1
443353705,1046089,1080380,279098,267927,498446,389325,745742,831443,1058955,1081180,249541,235894,811194,750407,259608,258625,134028,227472,234356,160791,-12172,131972,276122,-8388607,0,2666,2668,2657,753,2481,-10110976,1,1,14,1,287,0,0,0,1
443353706,1042237,1079101,279978,269629,497174,388157,745641,831953,1057629,1077637,250206,236075,810005,748807,259647,258463,134144,227750,234779,160838,-12497,131713,276049,-8388607,0,2657,2662,2664,752,2482,-10110976,1,1,14,1,287,0,0,0,1
443353707,1039296,1077794,280288,270755,496199,387180,745555,832667,1056082,1073775,250189,235879,808429,746942,260043,258424,134202,227649,235039,161112,-11429,132807,276128,-8388607,0,2662,2661,2663,756,2478,-10110976,1,1,14,1,287,0,0,0,1
443353708,1036583,1076310,280446,271294,495003,386463,746022,833748,1054159,1069877,250367,235911,806784,745141,260348,258821,134473,227789,235047,161238,-11129,133208,276086,-8388607,0,2661,2664,2659,758,2480,-10110976,1,1,14,1,287,0,0,0,1
443353709,1033493,1074170,280000,270898,494261,386309,746682,835482,1051981,1065978,250825,236040,805123,743728,260635,259037,134769,228178,235166,161382,-11366,132704,276133,-8388607,0,2663,2664,2664,754,2482,-10110976,1,1,14,1,287,0,0,0,1
443353710,1029880,1071714,279910,270395,493604,386156,748250,837811,1049089,1062167,251680,236833,803695,742936,261204,259540,134979,228258,235136,161444,-11722,132074,276068,-8388607,0,2663,2659,2662,756,2478,-10110976,1,1,14,1,287,0,0,0,1
443353711,1026865,1068940,280311,270618,493065,386318,750235,840538,1045532,1058055,252836,238020,802807,742590,261766,260133,135198,228532,235031,161302,-11998,131957,276104,-8388607,0,2663,2664,2660,759,2478,-10110976,1,1,14,1,287,0,0,0,1
443353712,1024352,1066063,280711,271049,492810,386570,752647,843673,1041182,1053860,253512,239231,802017,742905,262791,261066,135141,228651,234959,161124,-11634,132206,276067,-8388607,0,2657,2666,2659,754,2479,-10110976,1,1,14,1,287,0,0,0,1
443353713,1022049,1063611,281272,271803,492828,386751,755211,846338,1036228,1049441,254157,240332,801554,743490,263974,262252,135113,228527,235034,161065,-11979,131481,276116,-8388607,0,2661,2664,2666,753,2477,-10110976,1,1,14,1,287,0,0,0,1
443353714,1020750,1062323,282121,272607,493279,386945,757795,848797,1031537,1045334,254492,241068,801193,744201,265040,263319,135160,228213,234888,161014,-12832,130516,276127,-8388607,0,2664,2663,2663,756,2473,-10110976,1,1,14,1,287,0,0,0,1
443353715,1020933,1062059,283588,273815,493746,387199,760395,850964,1026520,1041614,254891,241739,801079,744984,266457,264857,134732,227967,234924,160879,-12367,131164,276131,-8388607,0,2661,2665,2662,754,2479,-10110976,1,1,14,1,287,0,0,0,1
443353716,1022203,1062113,285126,275235,494346,387306,762832,852794,1021820,1037955,255699,242556,800265,745456,267442,266099,134485,227929,234837,160946,-11178,132639,276109,-8388607,0,2661,2663,2666,751,2482,-10110976,1,1,14,1,287,0,0,0,1
443353717,1023607,1062346,286885,276819,494310,387150,765278,854600,1017072,1034443,256287,243072,799587,745707,268402,267412,134102,227704,234661,160990,-11197,132825,276082,-8388607,0,2668,2664,2664,756,2478,-10110976,1,1,14,1,287,0,0,0,1
443353718,1024577,1062107,288457,277645,494017,386779,767387,856438,1011982,1030889,256609,243364,798899,745634,268656,267955,134069,227967,234673,161007,-11612,132487,276006,-8388607,0,2661,2667,2661,758,2479,-10110976,1,1,14,1,287,0,0,0,1
443353719,1025368,1061496,290418,278949,493261,386155,769356,858039,1006695,1027374,257140,243721,798038,745157,269066,268477,134023,227808,234644,160997,-11340,132772,275978,-8388607,0,2662,2665,2664,754,2484,-10110976,1,1,14,1,287,0,0,0,1
443353720,1025928,1060676,292225,281093,492358,385211,771287,859373,1001554,1024414,257065,243737,797239,744778,269414,268638,134224,227899,234399,160850,-11193,133267,276039,-8388607,0,2672,2658,2666,756,2477,-10110976,1,1,14,1,287,0,0,0,1
443353721,1025808,1059170,293376,282065,491521,384018,772808,860453,997489,1021845,257187,243934,797010,743996,269799,268535,134283,227924,234657,161244,-11120,133106,275960,-8388607,0,2663,2665,2661,757,2477,-10110976,1,1,14,1,287,0,0,0,1
443353722,1025312,1057566,294116,282421,491055,383063,774190,861291,993662,1020007,256956,244176,796559,743257,269835,268094,134646,228097,234963,161141,-11556,132436,276086,-8388607,0,2662,2666,2665,754,2480,-10110976,1,1,14,1,287,0,0,0,1
443353723,1024861,1056441,294514,282492,490985,382391,775961,862140,991123,1018957,257459,245017,796083,742590,270173,268079,134926,228192,235085,161138,-11912,132005,276243,-8388607,0,2661,2668,2670,756,2477,-10110976,1,1,14,1,287,0,0,0,1
443353724,1024554,1055212,294759,282216,491186,381619,777740,862862,989434,1018632,258629,245980,795536,742301,270630,268532,135024,228202,235283,161245,-11540,132573,276072,-8388607,0,2661,2664,2662,759,2475,-10110976,1,1,14,1,287,0,0,0,1
443353725,1023640,1053917,294900,282338,491436,381224,779143,863633,988862,1018554,260129,247501,795131,742239,271254,269552,135183,228217,235289,161239,-10891,133231,276134,-8388607,0,2661,2666,2662,754,2479,-10110976,1,1,14,1,287,0,0,0,1
443353726,1022194,1052602,295231,282665,491291,380856,779811,864402,988282,1018220,261564,248718,794787,741877,272486,270650,135266,228472,235314,161405,-11509,132646,276080,-8388607,0,2665,2662,2664,753,2478,-10110976,1,1,14,1,287,0,0,0,1
443353727,1020003,1051120,295691,283408,490493,380417,780088,864743,987857,1018386,262657,249594,794777,741962,273535,272105,135197,228599,235066,161076,-12044,132073,276142,-8388607,0,2666,2666,2661,755,2477,-10110976,1,1,14,1,287,0,0,0,1
443353728,1018051,1049829,296938,284818,489290,379619,779974,864849,987485,1018194,263436,250616,794627,742001,274910,273087,134914,228366,234828,161014,-11456,132511,276175,-8388607,0,2659,2665,2661,753,2479,-10110976,1,1,14,1,287,0,0,0,1
443353729,1016268,1048361,298420,286727,487661,378356,779221,864561,987437,1018363,264120,251787,794388,742236,275773,274425,134623,228256,234619,161051,-11317,132609,276088,-8388607,0,2660,2662,2664,753,2482,-10110976,1,1,14,1,287,0,0,0,1
443353730,1014143,1047202,299670,288468,485975,376643,778072,863944,987718,1018186,264893,252676,794309,741598,276711,275362,134463,228055,234698,160851,-11368,132471,276134,-8388607,0,2668,2662,2659,756,2476,-10110976,1,1,14,1,287,0,0,0,1
443353731,1011608,1045737,300645,289383,484007,374692,776578,862925,988131,1018179,265737,253793,793317,740867,277015,275507,134035,227991,234695,160916,-11435,132044,276206,-8388607,0,2663,2663,2660,757,2479,-10110976,1,1,14,1,287,0,0,0,1
443353732,1008821,1044030,301168,290089,481867,372870,774586,861470,988728,1017721,266269,254074,792204,739436,277348,275799,133928,227394,234625,160708,-11503,132201,276160,-8388607,0,2659,2661,2664,751,2482,-10110976,1,1,14,1,287,0,0,0,1
443353733,1006094,1042196,301252,290802,479273,370546,772154,859786,989489,1017460,266768,254904,790826,737589,277593,276188,133836,227584,234699,160788,-10734,132911,276045,-8388607,0,2663,2662,2664,756,2478,-10110976,1,1,14,1,287,0,0,0,1
443353734,1002672,1039555,300941,290967,476753,368210,769102,858039,990289,1016762,267353,255070,789612,735361,277925,276043,134062,227634,234541,160725,-10570,132876,276156,-8388607,0,2658,2661,2663,758,2475,-10110976,1,1,14,1,287,0,0,0,1
443353735,998684,1036538,300789,290717,474099,365971,766077,856478,991180,1016092,267819,255502,788252,733362,278018,275758,134132,227683,234657,160711,-11523,131806,276261,-8388607,0,2661,2667,2661,753,2482,-10110976,1,1,14,1,287,0,0,0,1
443353736,994371,1033179,301072,290752,471624,363928,763675,855253,992379,1016048,268643,256134,786793,731735,278084,275876,134450,227991,234828,161056,-11592,131730,276158,-8388607,0,2664,2661,2666,752,2477,-10110976,1,1,14,1,287,0,0,0,1
443353737,990589,1029817,301431,291408,469539,362204,761834,854482,993512,1016150,269769,257162,785705,730145,278233,275813,134709,228209,235002,161217,-11201,131851,276197,-8388607,0,2665,2666,2662,756,2474,-10110976,1,1,14,1,287,0,0,0,1
443353738,986913,1026416,301737,291930,467838,360569,760102,853592,995158,1016999,271287,258838,785203,729239,278335,276334,135002,228388,235263,161451,-11477,131624,276200,-8388607,0,2661,2666,2658,754,2477,-10110976,1,1,14,1,287,0,0,0,1
443353739,983358,1023364,302067,291809,466725,359017,758640,852560,996335,1017540,272583,260181,784630,728152,278718,276630,135071,228351,235242,161302,-11709,131042,276221,-8388607,0,2662,2666,2666,751,2482,-10110976,1,1,14,1,287,0,0,0,1
443353740,980266,1020935,302598,292028,465853,357862,757415,851665,997152,1018275,274052,261138,784125,727563,279728,277656,135378,228655,235558,161540,-11914,130925,276223,-8388607,0,2665,2666,2664,763,2471,-10110976,1,1,14,1,287,0,0,0,1
443353741,978219,1018878,303402,292689,465053,356644,756279,850327,997457,1018186,275041,262046,783759,726807,280783,278617,135228,228697,235436,161376,-11671,131359,276149,-8388607,0,2663,2665,2659,755,2477,-10110976,1,1,14,1,287,0,0,0,1
443353742,976421,1016880,304212,293662,464261,355624,755175,849168,997392,1017497,275988,262643,783590,726200,281891,279739,135154,228519,235371,161284,-11081,131892,276169,-8388607,0,2662,2663,2666,751,2481,-10110976,1,1,14,1,287,0,0,0,1
443353743,974693,1015572,305261,294259,463213,354107,754112,848267,996740,1017017,276774,263186,783452,725039,283129,281065,135014,228390,235055,161243,-11370,131612,276168,-8388607,0,2665,2662,2665,755,2478,-10110976,1,1,14,1,287,0,0,0,1
443353744,973237,1014192,306389,295008,461807,352808,753828,847596,995825,1016052,277390,263402,783145,724054,284146,281879,134648,228144,234696,161127,-11930,131131,276233,-8388607,0,2661,2666,2661,758,2479,-10110976,1,1,14,1,287,0,0,0,1
443353745,972257,1012723,307506,295850,460452,351129,753813,847421,994478,1015424,278062,263823,782795,722893,284970,282006,134320,227840,234528,160822,-11509,131498,276308,-8388607,0,2659,2669,2661,748,2480,-10110976,1,1,14,1,287,0,0,0,1
443353746,971768,1011360,308563,296697,458946,349481,753889,846813,993008,1014990,278608,264802,781943,721853,285203,282139,134245,227679,234393,160707,-11158,132016,276191,-8388607,0,2667,2664,2668,754,2478,-10110976,1,1,14,1,287,0,0,0,1
443353747,971180,1010090,309511,297074,457376,347907,754046,846449,991087,1014586,279112,265251,781258,720157,285249,282163,134004,227545,234223,160785,-11426,131782,276212,-8388607,0,2665,2664,2662,759,2474,-10110976,1,1,14,1,287,0,0,0,1
443353748,970581,1008683,310486,297265,456530,346191,754324,845905,988676,1013927,279331,265919,779950,718571,285081,281962,133852,227349,234337,160876,-11500,131649,276249,-8388607,0,2661,2664,2662,754,2481,-10110976,1,1,14,1,287,0,0,0,1
443353749,969979,1007354,311596,297828,455792,344761,755002,845835,985951,1012859,280019,266620,778739,717168,285529,282149,133628,227295,234421,160787,-11530,131780,276102,-8388607,0,2660,2661,2668,749,2477,-10110976,1,1,14,1,287,0,0,0,1
443353750,969673,1005998,312601,298999,455150,343904,756362,846352,983228,1011831,280760,267672,777311,715865,286121,282428,133963,227512,234508,160814,-11106,132147,276123,-8388607,0,2661,2659,2662,757,2475,-10110976,1,1,14,1,287,0,0,0,1
443353751,969121,1004700,313720,299746,454750,343151,758137,847839,980349,1010965,281693,268691,776148,714730,286687,283188,134085,227750,234623,161025,-11039,132190,276138,-8388607,0,2661,2666,2656,756,2479,-10110976,1,1,14,1,287,0,0,0,1
443353752,967926,1003375,314376,300392,454447,343069,760349,850033,977312,1009799,282758,269886,775177,714155,287444,284088,134246,228079,234915,161137,-11614,131538,276121,-8388607,0,2663,2662,2662,749,2479,-10110976,1,1,14,1,287,0,0,0,1
443353753,966865,1002365,315181,301286,454288,343444,763067,852475,973846,1008716,283696,271158,774556,714164,287961,284816,134652,228319,234997,161213,-11826,131165,276211,-8388607,0,2666,2661,2665,755,2478,-10110976,1,1,14,1,287,0,0,0,1
443353754,966222,1001415,315682,302362,454644,343556,765437,855189,970132,1006762,283929,272287,773812,714597,288408,285808,135098,228411,235196,161321,-11253,131615,276207,-8388607,0,2659,2663,2659,755,2480,-10110976,1,1,14,1,287,0,0,0,1
443353755,965506,1000647,316109,303152,454914,343761,767773,857684,966161,1004611,283986,272920,773224,714907,289151,286446,135122,228397,235433,161430,-11312,131861,276211,-8388607,0,2658,2665,2664,752,2482,-10110976,1,1,14,1,287,0,0,0,1
443353756,964877,1000074,316422,303825,455217,344266,770205,860413,962015,1002053,284024,272807,772758,715180,289999,287737,135374,228517,235481,161407,-11538,131470,276126,-8388607,0,2663,2663,2666,755,2478,-10110976,1,1,14,1,287,0,0,0,1
443353757,964569,999508,317173,304642,455337,344530,772652,863282,957841,998761,283811,272828,772175,715137,290888,288573,135358,228513,235347,161375,-11290,131626,276125,-8388607,0,2662,2661,2662,758,2477,-10110976,1,1,14,1,287,0,0,0,1
443353758,964107,998726,318273,305916,455225,344743,775208,865986,954376,995204,283838,272825,771234,715057,292050,289823,135174,228551,235233,161514,-10911,132064,276269,-8388607,0,2661,2668,2662,754,2479,-10110976,1,1,14,1,287,0,0,0,1
443353759,962946,997562,319250,307196,454841,344257,777759,868878,951471,991627,284361,273167,769980,714287,292601,290793,134892,228403,234965,161249,-10843,132140,276215,-8388607,0,2659,2663,2670,752,2477,-10110976,1,1,14,1,287,0,0,0,1
443353760,961045,996297,320150,308346,454440,343837,779792,871416,949205,987891,285126,273649,768801,713601,292832,291225,134577,228432,234843,161171,-10730,131862,276259,-8388607,0,2663,2666,2661,761,2476,-10110976,1,1,14,1,287,0,0,0,1
443353761,958785,994978,320792,309335,453663,343370,781488,873705,947254,984673,286278,274117,767543,712905,293176,291621,134555,228122,234735,160848,-11269,131492,276159,-8388607,0,2664,2666,2659,754,2481,-10110976,1,1,14,1,287,0,0,0,1
443353762,956183,993310,320977,310324,453011,342694,782994,875582,945837,981282,286928,274721,766650,712142,293227,291520,134357,227582,234551,160848,-11382,131368,276182,-8388607,0,2665,2664,2663,745,2480,-10110976,1,1,14,1,287,0,0,0,1
443353763,953863,991650,321427,311152,452486,342468,784394,877841,944716,978166,287823,275475,766135,711866,293435,291255,134022,227539,234490,160669,-10754,131898,276148,-8388607,0,2667,2665,2662,757,2476,-10110976,1,1,14,1,287,0,0,0,1
443353764,951204,989825,321616,311485,451978,342094,786158,880477,943708,975299,288788,276533,766019,711572,293943,291376,133896,227554,234547,160651,-11003,131575,276252,-8388607,0,2662,2667,2659,755,2480,-10110976,1,1,14,1,287,0,0,0,1
443353765,948372,987769,321672,311368,451686,341907,787975,883215,942640,971851,289746,277368,765851,711243,294204,292087,133724,227543,234534,160638,-11384,131228,276160,-8388607,0,2662,2664,2664,754,2479,-10110976,1,1,14,1,287,0,0,0,1
443353766,945779,985573,322087,311575,451421,341974,789804,886285,942227,968727,291441,278581,766340,711334,295207,292626,133998,227677,234627,160774,-11189,131365,276216,-8388607,0,2664,2663,2664,756,2477,-10110976,1,1,14,1,287,0,0,0,1
443353767,943305,983141,322798,312209,451377,341881,791024,888097,941592,965832,292478,279404,766216,711500,296140,293830,134055,227671,234770,161102,-10917,131459,276102,-8388607,0,2663,2665,2662,759,2478,-10110976,1,1,14,1,287,0,0,0,1
443353768,940546,980645,323365,312490,451123,341736,791842,889618,940473,962981,293236,279828,766480,711631,297504,294935,134229,227883,235081,161330,-10898,131425,276151,-8388607,0,2663,2664,2664,754,2482,-10110976,1,1,14,1,287,0,0,0,1
443353769,938031,978205,323855,312589,450820,341282,792298,890850,939033,959883,293345,279701,766986,711540,298704,296088,134631,228238,235104,161289,-11503,130891,276177,-8388607,0,2663,2662,2664,756,2478,-10110976,1,1,14,1,287,0,0,0,1
443353770,935815,976085,324807,313092,450219,340943,792520,891478,937393,957581,293165,279683,767641,711410,299756,297127,134928,228304,235136,161451,-11564,130716,276212,-8388607,0,2664,2665,2664,758,2478,-10110976,1,1,14,1,287,0,0,0,1
443353771,934238,974404,325735,313934,449281,340010,792779,891932,935576,955767,292806,279678,768075,711210,300652,297752,135160,228471,235219,161383,-11314,131097,276049,-8388607,0,2660,2666,2662,754,2481,-10110976,1,1,14,1,287,0,0,0,1
443353772,933196,972874,326578,314691,448114,338800,792669,891854,933994,954709,292898,279671,768525,711087,301571,298231,135275,228606,235136,161347,-11139,131318,276134,-8388607,0,2663,2664,2666,751,2478,-10110976,1,1,14,1,287,0,0,0,1
443353773,931923,971615,327531,315178,446681,337233,792248,891458,932701,954379,293422,280508,768547,710669,302058,298402,135309,228525,235038,161241,-11325,131195,276201,-8388607,0,2666,2666,2664,757,2477,-10110976,1,1,14,1,287,0,0,0,1
443353774,931285,970379,328400,315418,444845,335749,791472,890741,932400,955074,294206,281496,768341,709563,302462,298584,135125,228442,235008,161104,-11542,130796,276156,-8388607,0,2662,2668,2659,753,2479,-10110976,1,1,14,1,287,0,0,0,1
443353775,931046,969422,329305,315982,442697,333944,790456,889855,932222,956438,295511,282946,767576,708513,302982,298580,134931,228374,235059,161042,-11365,131094,276276,-8388607,0,2662,2661,2666,750,2482,-10110976,1,1,14,1,287,0,0,0,1
443353776,931011,968379,330320,316694,440323,331841,789316,888450,932118,958684,296775,284386,766493,707251,303141,298859,134570,228047,235006,160973,-11194,131414,276228,-8388607,0,2662,2661,2663,754,2476,-10110976,1,1,14,1,287,0,0,0,1
443353777,931326,967570,331579,317674,438579,330106,788490,887538,932494,960804,298415,285690,765263,706144,303653,299402,134349,227947,234777,161124,-11014,131268,276205,-8388607,0,2661,2667,2661,760,2479,-10110976,1,1,14,1,287,0,0,0,1
443353778,931266,967011,332668,318467,436894,328112,788168,886440,933186,963511,299650,287559,763937,704813,304045,299758,133964,227826,234771,160840,-11436,130900,276200,-8388607,0,2663,2668,2664,754,2484,-10110976,1,1,14,1,287,0,0,0,1
443353779,931574,966847,334080,319599,435675,326502,787853,885147,933734,965877,301143,289491,762835,703813,304726,300490,134027,227705,234557,161056,-11701,130872,276276,-8388607,0,2665,2663,2668,756,2478,-10110976,1,1,14,1,287,0,0,0,1
443353780,932419,967059,335626,320857,434600,324880,787097,883419,934002,968550,302443,290924,761794,702666,305093,300798,134023,227578,234499,161055,-11184,131372,276153,-8388607,0,2661,2664,2664,758,2477,-10110976,1,1,14,1,287,0,0,0,1
443353781,933063,967120,336630,322206,433769,323770,786071,881622,934745,971065,303407,292375,761019,701811,305734,301215,134173,227707,234639,160947,-10834,131652,276209,-8388607,0,2657,2661,2661,754,2477,-10110976,1,1,14,1,287,0,0,0,1
443353782,932960,967077,337324,323361,433035,322728,785074,879883,935411,972940,304162,293268,760031,700736,306055,301561,134294,227565,234702,160968,-11092,131370,276268,-8388607,0,2657,2660,2665,754,2477,-10110976,1,1,14,1,287,0,0,0,1
443353783,932619,967159,338260,324432,432213,321700,784273,878511,935554,974479,304585,293970,759203,699534,306519,301836,134436,227870,234795,160954,-11206,131365,276294,-8388607,0,2665,2666,2661,750,2473,-10110976,1,1,14,1,287,0,0,0,1
443353784,931719,966971,339343,325866,431043,320456,783696,877581,936047,975467,304823,294130,757954,698442,307296,302546,134754,228071,234907,161142,-10739,131756,276204,-8388607,0,2664,2669,2661,752,2477,-10110976,1,1,14,1,287,0,0,0,1
443353785,930813,966469,340016,327314,429713,319296,783451,877062,936150,976180,305186,294653,756575,697249,307998,303150,134929,228400,234950,161075,-10954,131470,276292,-8388607,0,2665,2669,2663,751,2481,-10110976,1,1,14,1,287,0,0,0,1
443353786,929984,965540,340587,328025,428556,318266,783103,876635,936810,977057,305932,295459,755825,695847,308401,303853,134966,228549,235233,161271,-11176,131141,276172,-8388607,0,2665,2666,2663,755,2477,-10110976,1,1,14,1,287,0,0,0,1
443353787,928695,964919,341340,328818,427450,317074,782605,876084,937792,977843,306948,296606,754682,694611,308632,304030,135077,228540,235106,161277,-11080,131023,276355,-8388607,0,2660,2663,2659,754,2477,-10110976,1,1,14,1,287,0,0,0,1
443353788,927296,964413,341761,329716,426510,315984,781686,874795,939026,979114,308095,298191,753868,693260,309011,304528,134799,228420,235091,161241,-11101,131080,276247,-8388607,0,2663,2666,2664,753,2482,-10110976,1,1,14,1,287,0,0,0,1
443353789,925948,963486,341922,330095,425469,314939,780798,873702,940472,980593,309241,299729,753242,692178,309101,304585,135028,228418,235007,161090,-11077,131185,276191,-8388607,0,2668,2659,2662,755,2478,-10110976,1,1,14,1,287,0,0,0,1
443353790,924717,962614,342143,330817,424836,313920,780517,873128,942103,981144,310458,301157,752640,691223,309774,304686,134988,228403,235121,161048,-10804,131219,276299,-8388607,0,2662,2667,2664,756,2480,-10110976,1,1,14,1,287,0,0,0,1
443353791,923242,961591,342477,331486,424091,312552,780870,873302,943489,981173,312196,302068,751776,690068,310521,305058,134648,228024,234957,160984,-11203,130823,276216,-8388607,0,2655,2667,2665,753,2482,-10110976,1,1,14,1,287,0,0,0,1
443353792,921962,960639,343161,332316,423324,311636,781702,874095,944635,980221,313767,303354,751335,689177,311118,305621,134352,227851,234655,160947,-11272,130710,276230,-8388607,0,2661,2662,2666,750,2476,-10110976,1,1,14,1,287,0,0,0,1
443353793,921178,959565,344302,333361,422580,310821,782415,875531,945348,978707,315605,304238,750583,688005,312035,306390,134256,227870,234662,160997,-10886,131061,276232,-8388607,0,2661,2664,2662,758,2474,-10110976,1,1,14,1,287,0,0,0,1
443353794,920712,958607,345294,333952,421715,309997,783046,876634,944991,976277,317235,304930,749426,687011,312907,306901,134069,227564,234682,161022,-11283,130707,276350,-8388607,0,2661,2666,2662,754,2481,-10110976,1,1,14,1,287,0,0,0,1
443353795,920470,957955,345895,334460,420907,309632,783677,878282,944332,973860,318246,305472,748666,686678,313730,307575,134056,227767,234574,161054,-11584,130460,276251,-8388607,0,2664,2663,2666,751,2478,-10110976,1,1,14,1,287,0,0,0,1
443353796,920455,957457,346777,334995,420412,309393,784651,880258,943154,971117,318875,305687,747825,686448,314076,308608,134167,227730,234699,161044,-11394,130749,276319,-8388607,0,2668,2663,2663,755,2473,-10110976,1,1,14,1,287,0,0,0,1
443353797,920915,957132,347668,335624,420212,309398,785939,882731,941090,968220,318543,305589,747135,686247,314655,309255,134174,227854,234810,161064,-10878,131069,276255,-8388607,0,2661,2669,2657,753,2481,-10110976,1,1,14,1,287,0,0,0,1
443353798,921256,956811,348434,336219,420007,309286,787866,885616,938262,965136,318306,304966,746376,685840,315170,309889,134402,228105,234848,161214,-10852,131199,276291,-8388607,0,2661,2662,2663,752,2479,-10110976,1,1,14,1,287,0,0,0,1
443353799,921597,956404,349428,336968,419703,309430,790296,889073,934868,961752,318163,304978,745763,685518,315931,310379,134449,228223,234832,161022,-11146,130816,276346,-8388607,0,2670,2664,2661,757,2480,-10110976,1,1,14,1,287,0,0,0,1
443353800,922019,956276,350818,337881,419471,309196,793055,892355,931227,958328,318499,305385,745343,685635,316886,310851,134729,228227,234816,160853,-11183,130920,276384,-8388607,0,2663,2668,2661,755,2480,-10110976,1,1,14,1,287,0,0,0,1
443353801,922684,956116,352461,339022,419370,309063,795589,895423,927706,954689,319199,306181,744914,685316,317369,311720,134904,228204,234879,160903,-11081,131103,276273,-8388607,0,2659,2666,2664,753,2482,-10110976,1,1,14,1,287,0,0,0,1
443353802,923366,955625,353983,339900,419303,308895,798374,898533,924435,951803,320158,306958,744551,685490,318011,312632,135079,228405,235005,161033,-11026,131160,276298,-8388607,0,2661,2663,2664,756,2477,-10110976,1,1,14,1,287,0,0,0,1
443353803,923916,955252,355282,340700,419141,308917,800748,901892,921065,949262,320713,307563,744184,685701,318243,313360,134762,228152,234955,161122,-10938,131130,276394,-8388607,0,2662,2665,2664,759,2476,-10110976,1,1,14,1,287,0,0,0,1
443353804,924111,955096,356384,341241,419122,309348,804298,905646,917882,946871,321426,308558,743996,686642,318955,314593,134808,228191,235123,161209,-11125,131213,276388,-8388607,0,2661,2665,2664,754,2482,-10110976,1,1,14,1,287,0,0,0,1
443353805,923813,955146,357242,342061,419052,309372,807706,909302,914530,944286,321329,309014,744115,686776,319409,315315,134733,228171,235033,161155,-10927,131352,276423,-8388607,0,2667,2662,2668,750,2477,-10110976,1,1,14,1,287,0,0,0,1
443353806,923268,955356,357911,342981,419260,309716,811109,913126,910850,942105,321476,309636,744406,687224,319995,316136,134623,228210,234943,161247,-10858,131255,276433,-8388607,0,2664,2666,2661,752,2477,-10110976,1,1,14,1,287,0,0,0,1
443353807,922784,955592,358424,344138,419476,309780,814452,916105,907366,939644,321606,309998,744869,687470,320893,317026,134514,228055,235035,161173,-10889,131209,276414,-8388607,0,2659,2668,2659,754,2481,-10110976,1,1,14,1,287,0,0,0,1
443353808,921750,955877,358970,345388,419880,309847,817831,919000,904118,937215,321702,310416,745245,687419,322180,317685,134446,227927,234860,161152,-11103,130784,276432,-8388607,0,2661,2664,2666,750,2481,-10110976,1,1,14,1,287,0,0,0,1
443353809,920768,956204,359576,346390,420024,309407,820780,921243,901341,934811,321647,310946,745783,687257,323448,318483,134387,228007,234778,161080,-11229,130722,276419,-8388607,0,2668,2664,2662,755,2476,-10110976,1,1,14,1,287,0,0,0,1
443353810,920171,956435,360378,347525,420127,308868,823703,923281,898890,933358,322157,311087,745961,687074,324270,319312,134361,228022,234727,160901,-11117,130770,276437,-8388607,0,2663,2667,2664,756,2477,-10110976,1,1,14,1,287,0,0,0,1
443353811,919585,956465,360849,348613,420522,308240,826832,925055,896997,931897,322437,310965,745912,686672,325272,320066,134557,227871,234810,160992,-10958,130961,276427,-8388607,0,2663,2662,2664,753,2484,-10110976,1,1,14,1,287,0,0,0,1
443353812,919148,956495,361389,349445,420530,307510,829748,927059,895470,930626,322555,311248,745475,686124,325820,320594,134358,227800,234899,160746,-11146,130740,276369,-8388607,0,2665,2659,2664,755,2478,-10110976,1,1,14,1,287,0,0,0,1
443353813,918814,956726,362498,350740,420500,307058,831715,928658,894851,929999,323004,311827,744954,685702,326250,321268,134261,227706,234599,160900,-11097,131070,276406,-8388607,0,2660,2664,2662,760,2479,-10110976,1,1,14,1,287,0,0,0,1
443353814,918776,957065,363599,352232,420141,306719,833184,929444,894826,930565,323968,312999,744296,684943,326830,321882,134173,227779,234619,160704,-10797,131276,276536,-8388607,0,2659,2666,2669,753,2485,-10110976,1,1,14,1,287,0,0,0,1
443353815,918445,957289,364538,353674,419580,306085,833892,929870,895537,931452,325651,314479,743720,684097,327512,322270,134418,228072,234708,161060,-10919,130995,276405,-8388607,0,2665,2659,2668,756,2478,-10110976,1,1,14,1,287,0,0,0,1
443353816,917949,957022,365184,355062,418741,305245,834297,929941,897061,932595,327382,315943,742976,682854,328017,322393,134403,227867,234807,161106,-11063,130869,276314,-8388607,0,2662,2666,2664,759,2475,-10110976,1,1,14,1,287,0,0,0,1
443353817,917611,956711,365998,356217,417894,304135,834688,930133,899458,934675,328831,317835,742527,681809,328775,322901,134552,228109,234816,161064,-11277,130810,276450,-8388607,0,2661,2667,2662,754,2482,-10110976,1,1,14,1,287,0,0,0,1
443353818,917378,956585,367007,356880,416911,302721,835001,930230,902179,936496,330632,319551,741773,680538,329385,323110,134594,228228,235083,161190,-11242,130729,276371,-8388607,0,2661,2664,2666,752,2479,-10110976,1,1,14,1,287,0,0,0,1
443353819,917549,956021,367593,357225,415631,301295,835057,930033,904673,938029,332327,320647,740977,679506,329870,323236,134718,228255,235020,161156,-11073,130780,276463,-8388607,0,2662,2666,2662,756,2474,-10110976,1,1,14,1,287,0,0,0,1
443353820,918244,955459,368485,357683,414208,299908,834411,929896,907278,939298,334087,321854,740187,678308,330385,323748,134785,228166,235075,161118,-11180,130633,276423,-8388607,0,2663,2670,2657,752,2479,-10110976,1,1,14,1,287,0,0,0,1
443353821,919282,955144,369723,358213,412981,298494,833097,929204,909844,940319,335537,323155,739160,677383,330963,324297,134819,228335,235206,161187,-10991,130741,276499,-8388607,0,2666,2666,2666,751,2480,-10110976,1,1,14,1,287,0,0,0,1
443353822,920234,955239,371295,359050,411479,297104,831364,928123,911748,941145,336786,324232,738160,676529,331178,325000,135053,228342,235409,161409,-10958,130801,276417,-8388607,0,2666,2659,2662,757,2476,-10110976,1,1,14,1,287,0,0,0,1
443353823,921050,955474,372895,360235,409970,296078,829340,927438,913143,941999,337605,325060,737389,675971,331746,325705,135007,228394,235110,161490,-11076,130778,276448,-8388607,0,2660,2669,2659,758,2479,-10110976,1,1,14,1,287,0,0,0,1
443353824,922024,955528,373940,361456,408568,294778,827698,926622,914921,943132,338325,325617,736574,675411,332175,326364,134790,228143,235125,161255,-11154,130782,276535,-8388607,0,2659,2665,2666,752,2484,-10110976,1,1,14,1,287,0,0,0,1
443353825,922590,955840,375372,362652,407160,293312,826395,926075,916338,943942,338661,326524,735907,675023,332974,327087,134552,228136,234967,161171,-11183,130979,276439,-8388607,0,2663,2663,2666,757,2477,-10110976,1,1,14,1,287,0,0,0,1
443353826,923228,956186,376806,363956,405834,292059,825218,925575,917502,944433,339229,327139,734955,674259,333544,327571,134464,228250,234865,161160,-10982,131047,276520,-8388607,0,2662,2665,2664,758,2473,-10110976,1,1,14,1,287,0,0,0,1
443353827,923698,956595,378269,365149,404724,290839,823836,924946,918359,945082,339914,327572,733929,673223,333897,328417,134265,227869,234798,160982,-10819,131263,276556,-8388607,0,2661,2665,2665,754,2483,-10110976,1,1,14,1,287,0,0,0,1
443353828,923970,956559,379386,366085,403500,289396,822180,924202,919474,945381,341121,328295,733245,672393,334560,328950,134256,227643,234527,160870,-10881,131176,276493,-8388607,0,2663,2663,2666,754,2477,-10110976,1,1,14,1,287,0,0,0,1
443353829,924051,956477,380093,366938,402427,288451,820687,923276,920708,945977,342710,329588,732309,671361,335202,329443,134216,227752,234569,160785,-11021,131016,276577,-8388607,0,2663,2664,2662,758,2475,-10110976,1,1,14,1,287,0,0,0,1
443353830,923837,956385,380929,367558,401541,287525,819888,922471,921953,946686,344234,331104,731671,670303,335966,330243,134228,227814,234561,160853,-10748,131070,276543,-8388607,0,2661,2666,2662,754,2481,-10110976,1,1,14,1,287,0,0,0,1
443353831,923327,956103,381389,368064,400474,286635,819004,922005,923047,947911,345970,332514,730960,669125,336381,330528,134248,227697,234666,160651,-10663,131279,276556,-8388607,0,2665,2661,2665,750,2477,-10110976,1,1,14,1,287,0,0,0,1
443353832,922556,955486,381547,368632,399328,285393,818885,921602,924327,949345,346944,333584,730266,667864,336511,330700,134366,227760,234653,160854,-10826,130967,276582,-8388607,0,2668,2662,2662,755,2476,-10110976,1,1,14,1,287,0,0,0,1
443353833,921459,955044,381793,369500,398467,284285,819206,921771,925286,950744,348150,334729,729677,666666,337147,330802,134480,228230,234791,160954,-11147,130654,276598,-8388607,0,2661,2668,2659,755,2479,-10110976,1,1,14,1,287,0,0,0,1
443353834,920553,954651,382555,370510,397435,283228,819922,922172,925732,951736,349153,335733,729139,665576,337509,330891,134768,228181,234882,161223,-11050,130591,276587,-8388607,0,2662,2663,2663,750,2484,-10110976,1,1,14,1,287,0,0,0,1
443353835,919901,954130,383533,371656,396581,282068,821226,922159,925443,952851,350348,337050,728773,664719,338069,331192,134898,228377,235101,161153,-11141,130742,276670,-8388607,0,2666,2662,2664,757,2478,-10110976,1,1,14,1,287,0,0,0,1
443353836,919604,953904,384509,372769,396078,280962,822430,923136,925033,952735,351343,338055,728408,663738,338370,331395,135122,228421,235287,161394,-11032,130644,276691,-8388607,0,2663,2665,2661,760,2478,-10110976,1,1,14,1,287,0,0,0,1
443353837,919421,953614,385461,373871,395445,280352,824590,924460,924204,952549,352449,339328,728123,663338,339520,332294,135150,228523,235444,161408,-11093,130649,276776,-8388607,0,2662,2663,2665,753,2481,-10110976,1,1,14,1,287,0,0,0,1
443353838,919343,953557,386063,374639,395298,280021,827669,926384,922833,952160,353382,340285,727918,662949,340480,333366,135163,228428,235275,161483,-11002,130582,276682,-8388607,0,2664,2664,2665,758,2478,-10110976,1,1,14,1,287,0,0,0,1
443353839,918958,953459,386910,375770,394955,279581,830766,928925,921286,952054,353920,341178,727729,663093,341483,334065,135048,228515,235391,161460,-10693,130965,276717,-8388607,0,2661,2661,2662,759,2475,-10110976,1,1,14,1,287,0,0,0,1
443353840,918818,953279,387660,376939,394708,279490,834625,931750,919773,951802,353957,341692,727782,663275,342497,335044,134878,228366,235310,161331,-10889,131060,276722,-8388607,0,2659,2666,2668,754,2481,-10110976,1,1,14,1,287,0,0,0,1
443353841,918738,952544,388354,377955,394753,279309,838761,934970,918142,951433,353853,342171,727473,663577,343168,336038,134569,228100,234941,161135,-11035,130746,276686,-8388607,0,2665,2661,2668,754,2480,-10110976,1,1,14,1,287,0,0,0,1
443353842,918660,951586,389507,378837,394763,279333,842694,938291,916002,950575,353992,342904,727422,664103,343859,336757,134575,227904,234679,160944,-10949,130896,276723,-8388607,0,2668,2664,2666,758,2477,-10110976,1,1,14,1,287,0,0,0,1
443353843,918834,950590,391197,379779,394983,279485,846974,941658,913997,949798,354582,343649,727236,664119,344875,337554,134339,227821,234520,160726,-10942,130810,276744,-8388607,0,2661,2669,2659,756,2477,-10110976,1,1,14,1,287,0,0,0,1
443353844,918936,949436,392619,380540,394961,279246,851282,945091,911726,948114,355700,344757,726893,664136,345425,338262,133926,227589,234433,160577,-11013,130705,276696,-8388607,0,2660,2663,2665,753,2477,-10110976,1,1,14,1,287,0,0,0,1
443353845,918888,948127,393593,381147,395042,279563,855564,948737,909891,946098,356679,345850,726466,664178,346120,339119,133992,227579,234436,160655,-10907,130849,276654,-8388607,0,2663,2659,2662,756,2476,-10110976,1,1,14,1,287,0,0,0,1
443353846,918640,946865,394681,381874,395152,279847,859430,952574,908000,943888,357422,346570,725654,663943,346570,339500,134054,227594,234593,160806,-10701,130972,276751,-8388607,0,2662,2667,2660,754,2481,-10110976,1,1,14,1,287,0,0,0,1
443353847,918076,945814,395567,382569,395282,280006,862916,956503,905860,941842,357982,347062,725102,663600,347125,340196,134308,227731,234711,161027,-10885,131059,276817,-8388607,0,2663,2666,2665,751,2483,-10110976,1,1,14,1,287,0,0,0,1
443353848,917298,944472,396612,383319,394989,279938,866049,959732,904251,939312,358065,346926,724218,663150,347465,340570,134308,227926,234990,161024,-10738,131055,276594,-8388607,0,2661,2661,2666,756,2477,-10110976,1,1,14,1,287,0,0,0,1
443353849,916174,942927,397697,384455,394669,279692,868922,963468,902839,936357,357999,346758,723708,663170,347562,341119,134693,228137,235046,161113,-10773,130849,276726,-8388607,0,2662,2667,2662,759,2476,-10110976,1,1,14,1,287,0,0,0,1
443353850,915045,941420,398728,385416,394257,279231,871628,967414,901427,933291,358291,346479,723200,663161,347912,341381,134981,228485,235115,161194,-11019,130629,276794,-8388607,0,2655,2666,2664,755,2482,-10110976,1,1,14,1,287,0,0,0,1
443353851,913871,939997,399646,385930,393565,278744,874850,971396,900020,930335,359159,346528,723351,663579,348656,342179,135133,228680,235279,161392,-10986,130776,276836,-8388607,0,2663,2665,2666,752,2477,-10110976,1,1,14,1,287,0,0,0,1
443353852,912744,938677,400581,386514,393113,278396,877616,975493,898778,927141,359867,347013,723369,663711,349344,343170,135365,228851,235356,161317,-11003,130787,276790,-8388607,0,2663,2666,2662,758,2475,-10110976,1,1,14,1,287,0,0,0,1
443353853,911625,937376,401242,387041,392668,278102,880383,979529,897549,924102,361073,347677,723468,663772,350618,344162,135343,228706,235491,161455,-11082,130756,276919,-8388607,0,2659,2666,2662,754,2480,-10110976,1,1,14,1,287,0,0,0,1
443353854,910356,936266,401538,387361,392573,277872,882280,982604,896788,921067,361991,347895,723621,664081,351440,345148,135204,228652,235444,161247,-11096,130732,276813,-8388607,0,2661,2664,2665,750,2478,-10110976,1,1,14,1,287,0,0,0,1
443353855,908979,935400,401998,388262,392475,277747,883823,985302,896160,918640,363166,348374,723590,664178,352674,346368,134920,228179,235191,161295,-10944,130858,276843,-8388607,0,2661,2663,2662,757,2478,-10110976,1,1,14,1,287,0,0,0,1
443353856,907535,934484,402869,389192,392146,277687,885171,987162,895798,916743,364125,348906,723297,663802,353717,347188,134413,228053,235055,161163,-10950,130704,276761,-8388607,0,2662,2667,2659,755,2480,-10110976,1,1,14,1,287,0,0,0,1
443353857,906106,933866,403895,390509,391776,277176,886287,988864,895998,915387,364995,349623,723334,663509,354708,348100,134137,227818,234783,160979,-11063,130965,276738,-8388607,0,2661,2666,2665,750,2481,-10110976,1,1,14,1,287,0,0,0,1
443353858,904838,932671,404755,391537,390817,276329,887788,990558,895761,914593,366115,350520,723454,662950,355595,348831,133844,227319,234439,160712,-11175,130389,276808,-8388607,0,2665,2664,2664,756,2478,-10110976,1,1,14,1,287,0,0,0,1
443353859,903926,931679,405567,392622,389831,275387,889058,991947,895803,914047,367267,351494,723006,662090,356321,348956,133849,227591,234280,160488,-11226,130452,276875,-8388607,0,2662,2666,2659,758,2479,-10110976,1,1,14,1,287,0,0,0,1
443353860,903033,930554,406298,393240,388685,274140,889879,993095,895560,914208,368255,352471,722625,661032,356637,349035,133835,227654,234237,160499,-10870,130768,276786,-8388607,0,2660,2665,2661,752,2482,-10110976,1,1,14,1,287,0,0,0,1
443353861,902270,929258,407097,393685,387215,272882,890146,993311,895588,914273,369009,353668,722017,660066,356824,349118,133986,227627,234312,160708,-10946,130822,276793,-8388607,0,2663,2665,2665,755,2471,-10110976,1,1,14,1,287,0,0,0,1
443353862,901607,927849,407721,393804,385797,271602,890202,993058,895777,914707,369913,354718,721208,658631,357031,349080,134008,227487,234378,160608,-11086,130592,276884,-8388607,0,2661,2665,2664,760,2475,-10110976,1,1,14,1,287,0,0,0,1
443353863,901195,926544,408354,394050,384309,270493,890048,992513,896102,916060,370920,355765,720253,657430,357352,349404,134295,227826,234715,160912,-11108,130419,276757,-8388607,0,2661,2666,2662,754,2482,-10110976,1,1,14,1,287,0,0,0,1
443353864,900936,925315,409419,394596,383083,269231,890127,991795,896184,917985,371815,356897,719292,656277,357889,349946,134655,228145,234939,161017,-11230,130269,276753,-8388607,0,2664,2664,2668,752,2478,-10110976,1,1,14,1,287,0,0,0,1
443353865,900862,924469,410403,395430,382051,268000,890386,990874,896973,919980,372635,358431,718313,655133,358096,350395,135025,228286,235319,161300,-11023,130268,276830,-8388607,0,2660,2665,2662,759,2473,-10110976,1,1,14,1,287,0,0,0,1
443353866,900751,923920,411322,396142,381137,266703,890463,989710,897786,922579,373823,360153,717531,654461,358817,351164,135403,228650,235380,161415,-10870,130451,276776,-8388607,0,2660,2666,2658,755,2479,-10110976,1,1,14,1,287,0,0,0,1
443353867,900761,923149,412448,397129,380386,265236,890721,988315,898849,925624,375061,362053,716976,653916,359519,352218,135404,228750,235421,161451,-11011,130458,276711,-8388607,0,2661,2667,2666,751,2480,-10110976,1,1,14,1,287,0,0,0,1
443353868,900364,923101,413569,398149,379684,264204,890739,986769,900138,928742,376414,363622,716456,653270,360186,352615,135207,228798,235385,161534,-10916,130665,276773,-8388607,0,2666,2661,2663,756,2473,-10110976,1,1,14,1,287,0,0,0,1
443353869,900041,922544,414794,399296,379011,262819,890176,985186,901327,931010,377904,364987,716035,652570,360706,352920,135150,228594,235224,161252,-10766,130889,276756,-8388607,0,2664,2667,2661,758,2479,-10110976,1,1,14,1,287,0,0,0,1
443353870,899423,921896,416019,400682,378103,261684,889483,983752,902555,933502,379446,366662,715697,651787,361580,353546,135051,228397,235123,161264,-10676,130970,276713,-8388607,0,2664,2663,2666,751,2481,-10110976,1,1,14,1,287,0,0,0,1
443353871,898601,921118,417268,401698,377144,260607,888898,982428,904191,936202,380950,368276,715138,650823,362159,353898,134693,228026,234893,161003,-10684,131021,276671,-8388607,0,2663,2662,2666,757,2477,-10110976,1,1,14,1,287,0,0,0,1
443353872,897101,919990,418055,402535,375970,259753,888237,981226,905512,938608,382367,369807,714324,649828,362766,354239,134450,227592,234737,161051,-10572,130886,276696,-8388607,0,2661,2664,2660,758,2478,-10110976,1,1,14,1,287,0,0,0,1
443353873,895302,918740,418472,402913,374949,258463,887421,980037,907290,940768,383820,371276,713515,648640,363527,354902,134147,227495,234526,160782,-10834,130746,276700,-8388607,0,2659,2661,2664,752,2481,-10110976,1,1,14,1,287,0,0,0,1
443353874,893275,917257,418579,403122,373897,257309,886394,978811,908970,942704,385201,372956,712383,647715,363926,355257,133807,227475,234362,160685,-10813,130685,276681,-8388607,0,2665,2664,2666,754,2478,-10110976,1,1,14,1,287,0,0,0,1
443353875,891228,915479,418576,403263,372816,256025,885614,977421,910395,943922,386738,374334,711494,646737,364274,355758,133699,227475,234257,160656,-10600,130729,276695,-8388607,0,2662,2665,2662,755,2474,-10110976,1,1,14,1,287,0,0,0,1
443353876,888933,913734,418604,403457,371847,254738,884590,976360,911730,944852,387867,375302,710594,645819,364414,356194,133813,227513,234162,160668,-10716,130788,276671,-8388607,0,2657,2668,2663,754,2479,-10110976,1,1,14,1,287,0,0,0,1
443353877,886641,911636,419028,403867,370875,253595,884282,975706,913122,945106,389275,376645,709722,645101,364737,356454,133955,227816,234320,160650,-10876,130557,276702,-8388607,0,2661,2664,2665,752,2477,-10110976,1,1,14,1,287,0,0,0,1
443353878,884283,909546,419757,404430,369809,252206,884178,975311,914102,944864,390699,377925,709192,644168,365200,356792,134349,227956,234571,160789,-10898,130537,276565,-8388607,0,2668,2666,2659,756,2478,-10110976,1,1,14,1,287,0,0,0,1
443353879,881877,907210,420550,405109,368865,251164,884081,975872,914817,943970,392359,378984,708790,643232,365816,357153,134616,228234,234880,161079,-10963,130501,276676,-8388607,0,2661,2670,2662,755,2480,-10110976,1,1,14,1,287,0,0,0,1
443353880,879844,904540,420987,405622,367985,250341,884524,976904,915505,942472,393958,380054,708295,642753,366788,358013,134937,228270,235280,161140,-11073,130347,276511,-8388607,0,2663,2663,2667,751,2481,-10110976,1,1,14,1,287,0,0,0,1
443353881,878050,901812,421479,405999,366902,249577,885017,978159,915855,940217,395449,380676,707726,642108,367427,358487,135061,228382,235446,161414,-10865,130578,276572,-8388607,0,2664,2662,2664,755,2478,-10110976,1,1,14,1,287,0,0,0,1
443353882,876033,899214,421944,405979,365977,249041,885721,979748,915100,937955,396603,380987,707362,641895,368336,359496,135164,228449,235511,161475,-10764,130539,276663,-8388607,0,2660,2665,2666,758,2481,-10110976,1,1,14,1,287,0,0,0,1
443353883,874008,896657,422022,405728,365431,248514,886585,981751,913526,935363,397339,381160,706821,641583,368967,360216,135333,228728,235543,161588,-10924,130344,276646,-8388607,0,2661,2664,2664,753,2482,-10110976,1,1,14,1,287,0,0,0,1
443353884,872035,893856,422230,405661,364973,248112,887886,984169,911466,932047,397563,381292,706315,641690,369411,361015,135114,228489,235286,161431,-10977,130435,276671,-8388607,0,2665,2662,2664,755,2478,-10110976,1,1,14,1,287,0,0,0,1
443353885,870215,891202,422489,405821,364601,247928,889722,986883,908546,929117,397609,381495,705822,642037,369745,361994,134893,228473,235179,161417,-10974,130388,276589,-8388607,0,2662,2665,2663,757,2473,-10110976,1,1,14,1,287,0,0,0,1
443353886,868487,888698,422866,406149,364415,247422,891791,989912,905466,925728,397682,381386,705207,642176,370320,362837,134787,228410,235053,161159,-10938,130339,276610,-8388607,0,2661,2676,2666,756,2481,-10110976,1,1,14,1,287,0,0,0,1
443353887,866633,886696,423157,406629,364050,247203,893921,992858,901930,922233,397949,381180,704776,642142,371312,363386,134375,227961,234705,161003,-11178,129953,276621,-8388607,0,2661,2662,2666,751,2477,-10110976,1,1,14,1,287,0,0,0,1
443353888,865226,884702,423924,407116,363691,247024,896409,995994,898549,918620,397986,381024,704538,642284,371946,364337,134100,227800,234599,160807,-11518,129746,276537,-8388607,0,2665,2663,2663,757,2477,-10110976,1,1,14,1,287,0,0,0,1
443353889,864295,883338,424485,407728,363162,246550,898988,999022,894674,914977,398038,381005,703933,642567,372621,365311,134045,227540,234495,160527,-11161,129956,276634,-8388607,0,2664,2668,2662,754,2481,-10110976,1,1,14,1,287,0,0,0,1
443353890,863496,882151,425343,408600,362639,246005,901929,1002195,890512,911382,397868,380792,703779,642775,373197,366206,133861,227452,234550,160617,-10942,130233,276664,-8388607,0,2665,2663,2665,751,2480,-10110976,1,1,14,1,287,0,0,0,1
443353891,862881,881303,426167,409583,362379,245244,905256,1005675,886895,908218,398078,380616,703426,643176,373604,366913,133957,227463,234374,160680,-10909,130391,276575,-8388607,0,2660,2666,2664,754,2477,-10110976,1,1,14,1,287,0,0,0,1
443353892,862153,880849,427062,410307,361897,244803,908917,1008686,883206,905057,397851,380373,703127,643811,374237,367974,133794,227658,234391,160609,-10910,130309,276525,-8388607,0,2662,2667,2661,755,2481,-10110976,1,1,14,1,287,0,0,0,1
443353893,861303,880010,427966,411351,361711,244254,912678,1012058,879795,902312,398008,380908,703218,644060,375248,368983,134167,227921,234524,160858,-10773,130405,276499,-8388607,0,2663,2662,2662,754,2484,-10110976,1,1,14,1,287,0,0,0,1
443353894,860284,879459,428676,412568,361699,243984,916298,1015004,876452,900196,398029,381461,703257,644404,376049,369702,134499,228244,234950,161086,-10616,130662,276548,-8388607,0,2665,2659,2664,755,2478,-10110976,1,1,14,1,287,0,0,0,1
443353895,858701,878781,429107,413443,361624,243627,919684,1017662,873349,898491,398186,382056,703545,644331,377299,370928,134716,228243,235074,161264,-10473,130860,276539,-8388607,0,2661,2665,2664,757,2475,-10110976,1,1,14,1,287,0,0,0,1
443353896,856453,877789,429356,414280,361539,243428,923060,1019799,870620,896297,398226,382465,703523,644117,378145,371517,134913,228415,235224,161395,-10542,130711,276523,-8388607,0,2658,2665,2666,753,2481,-10110976,1,1,14,1,287,0,0,0,1
443353897,854160,876700,429477,414577,361419,242801,926274,1022083,868379,894505,398288,383027,703598,643499,379213,372035,135074,228404,235324,161260,-10869,130462,276454,-8388607,0,2659,2661,2666,756,2477,-10110976,1,1,14,1,287,0,0,0,1
443353898,851756,875428,429545,414936,361241,242454,929574,1023971,866339,892840,398827,383319,703232,642734,380157,372733,135088,228477,235450,161440,-10797,130444,276530,-8388607,0,2659,2665,2662,757,2475,-10110976,1,1,14,1,287,0,0,0,1
443353899,849292,873737,429444,415276,360576,241884,932159,1025263,864567,891693,399091,384061,702743,641784,380597,373189,135048,228495,235343,161303,-10567,130405,276461,-8388607,0,2661,2670,2663,754,2479,-10110976,1,1,14,1,287,0,0,0,1
443353900,846651,872123,429439,415538,360068,241275,934263,1026361,863508,890479,400122,384831,702341,640566,381198,373392,135022,228467,235158,161356,-10889,130243,276417,-8388607,0,2668,2661,2666,751,2477,-10110976,1,1,14,1,287,0,0,0,1
443353901,844210,870441,429545,415665,359408,240602,935619,1026588,862405,889896,400839,385841,701585,639267,381747,373601,134855,228515,235060,161239,-11054,129927,276424,-8388607,0,2668,2665,2662,756,2473,-10110976,1,1,14,1,287,0,0,0,1
443353902,842033,868853,429610,415875,358652,239824,936154,1026464,861338,889313,401473,386697,700961,638002,382410,373478,134862,228273,235019,161119,-10889,129985,276493,-8388607,0,2664,2666,2658,755,2480,-10110976,1,1,14,1,287,0,0,0,1
443353903,840182,867175,430052,416202,357698,238680,935861,1025901,860413,888975,402098,387713,700589,636877,382891,373348,134448,228067,234793,161061,-11006,130032,276436,-8388607,0,2664,2666,2664,752,2477,-10110976,1,1,14,1,287,0,0,0,1
443353904,838623,865546,430488,416618,356670,237463,934905,1025159,859931,888744,402635,388376,699986,635583,383530,373729,134239,227882,234676,160805,-11095,129985,276413,-8388607,0,2668,2659,2662,756,2476,-10110976,1,1,14,1,287,0,0,0,1
443353905,837397,864198,431292,417249,355650,236183,933518,1024194,859818,888488,403509,389327,699502,634628,384140,374079,134230,227821,234634,160824,-10783,130226,276514,-8388607,0,2666,2667,2661,757,2480,-10110976,1,1,14,1,287,0,0,0,1
443353906,836383,862523,432334,417892,354227,234776,931909,1023064,860391,888669,404716,390265,699112,633549,385096,374638,134182,227625,234603,160840,-11071,130158,276421,-8388607,0,2660,2663,2666,754,2481,-10110976,1,1,14,1,287,0,0,0,1
443353907,835685,861020,433569,418408,352766,233216,929318,1021800,860949,888831,406133,391274,698266,632680,385955,375258,133985,227794,234601,160822,-10924,130214,276341,-8388607,0,2663,2663,2665,756,2477,-10110976,1,1,14,1,287,0,0,0,1
443353908,835162,859257,434545,418843,351189,231697,926174,1019926,862206,889012,408018,392408,697670,632425,386690,376241,134180,227761,234663,160971,-10771,130138,276414,-8388607,0,2661,2665,2664,760,2476,-10110976,1,1,14,1,287,0,0,0,1
443353909,834435,857621,435337,419010,349613,230389,923033,1017947,863289,889386,409449,393510,697389,632027,387724,377099,134297,227778,234708,160917,-10799,130343,276405,-8388607,0,2659,2665,2666,755,2481,-10110976,1,1,14,1,287,0,0,0,1
443353910,833519,855745,436033,419227,348199,229188,919879,1015674,863952,889746,411036,394724,696526,631417,388430,377667,134481,227953,234976,161155,-10553,130444,276407,-8388607,0,2665,2663,2666,752,2477,-10110976,1,1,14,1,287,0,0,0,1
443353911,832324,853831,436473,419495,346864,228084,916671,1013235,864914,889690,412084,395843,695736,630926,388727,378366,134587,228257,235093,161197,-10551,130585,276433,-8388607,0,2667,2666,2663,758,2475,-10110976,1,1,14,1,287,0,0,0,1
443353912,830811,851916,436971,419856,345594,226845,913890,1010898,865208,889393,412848,396738,694729,629755,388807,378702,134716,228219,235067,161252,-10604,130461,276356,-8388607,0,2661,2667,2657,754,2477,-10110976,1,1,14,1,287,0,0,0,1
443353913,829019,849922,437512,420411,344820,225396,911403,1008844,866098,889343,414013,397695,693798,628849,389067,378934,134877,228206,235122,161097,-10496,130311,276381,-8388607,0,2661,2662,2664,751,2479,-10110976,1,1,14,1,287,0,0,0,1
443353914,826836,847847,437779,420886,343569,224125,908648,1006631,866943,889096,415127,397986,692531,627474,389353,379098,134865,228314,235170,161014,-10848,130055,276205,-8388607,0,2661,2662,2659,757,2477,-10110976,1,1,14,1,287,0,0,0,1
443353915,824978,845763,438088,421162,342351,222933,906787,1004349,867470,888554,416233,398859,691495,626162,389852,379311,135093,228234,235021,161082,-11018,130053,276286,-8388607,0,2663,2666,2659,757,2480,-10110976,1,1,14,1,287,0,0,0,1
443353916,823112,843974,438486,421590,341027,221850,905040,1002317,867774,887839,417116,399384,690296,624940,390128,379721,134813,228159,234990,161023,-10813,129919,276321,-8388607,0,2663,2663,2663,754,2482,-10110976,1,1,14,1,287,0,0,0,1
443353917,821281,842174,438520,421888,339820,220868,903056,1000543,867964,887227,418301,400179,688969,623949,390377,379918,134761,228344,234933,161075,-10782,129794,276249,-8388607,0,2663,2663,2664,756,2478,-10110976,1,1,14,1,287,0,0,0,1
443353918,819566,840723,438689,422048,338403,219780,902115,998874,867554,886565,418925,400941,687980,623283,390561,380561,134549,228115,234912,160800,-11097,129652,276276,-8388607,0,2659,2665,2659,758,2477,-10110976,1,1,14,1,287,0,0,0,1
443353919,818128,839647,439129,422822,337399,218825,901440,997285,867079,886098,420002,402142,687342,623049,390847,381316,134479,228081,234843,161057,-10974,129881,276344,-8388607,0,2659,2665,2664,756,2481,-10110976,1,1,14,1,287,0,0,0,1
443353920,816574,838588,439633,423625,336083,217565,901204,995954,866667,885368,420719,403132,686622,622752,391379,381724,134389,227910,234888,160980,-10763,129940,276305,-8388607,0,2661,2664,2666,755,2478,-10110976,1,1,14,1,287,0,0,0,1
443353921,815311,837519,440055,424519,335070,216188,901258,994563,865934,885099,421796,404341,686368,622683,392417,382521,134298,227916,234707,160805,-10889,129769,276293,-8388607,0,2666,2665,2662,759,2475,-10110976,1,1,14,1,287,0,0,0,1
443353922,814429,836708,440726,425506,334185,214885,901420,993677,865092,884822,422805,405263,686102,622482,393267,383210,134178,227822,234621,160918,-10848,129624,276350,-8388607,0,2661,2668,2663,755,2481,-10110976,1,1,14,1,287,0,0,0,1
443353923,813460,835915,441610,426329,333200,213608,902100,992923,864163,884513,423410,406163,686165,622400,394589,384196,134049,227745,234563,160914,-10869,129798,276275,-8388607,0,2666,2663,2667,755,2478,-10110976,1,1,14,1,287,0,0,0,1
443353924,812752,835031,442576,427013,332594,212549,902936,992660,862506,883733,424018,407089,686152,622096,395861,385259,134470,227716,234675,160979,-10873,130000,276311,-8388607,0,2672,2665,2663,759,2477,-10110976,1,1,14,1,287,0,0,0,1
443353925,812036,833958,443473,427540,331597,211561,904150,993085,860036,882665,424551,407874,685850,621688,396643,385968,134425,227855,234832,161067,-10501,130084,276247,-8388607,0,2661,2667,2659,753,2480,-10110976,1,1,14,1,287,0,0,0,1
443353926,811310,832936,444271,428147,331398,210852,905732,993914,857327,881511,424945,408244,685314,621757,397437,386657,134604,227857,234772,160936,-10546,130257,276227,-8388607,0,2666,2659,2663,749,2479,-10110976,1,1,14,1,287,0,0,0,1
443353927,810360,831851,444920,428622,330844,210456,907366,995460,854169,880190,424752,409116,684662,621597,397605,387273,134645,227973,234746,160989,-10514,130119,276200,-8388607,0,2668,2663,2666,757,2477,-10110976,1,1,14,1,287,0,0,0,1
443353928,809050,830873,445484,428985,330562,210116,909380,997288,850782,878710,424510,409674,683645,621268,397878,387906,134612,227950,234825,161053,-10664,129942,276308,-8388607,0,2661,2666,2659,758,2479,-10110976,1,1,14,1,287,0,0,0,1
443353929,807514,829737,445834,429402,329881,209892,911703,999076,847360,877344,424326,410201,682696,620575,397917,388332,134540,227998,234977,161165,-10808,129808,276228,-8388607,0,2657,2664,2664,752,2482,-10110976,1,1,14,1,287,0,0,0,1
443353930,806305,828621,446390,429949,329841,209643,913705,1001682,844193,875435,424196,410628,682016,619961,398615,388835,134759,228231,235170,161246,-10855,129892,276280,-8388607,0,2661,2659,2664,756,2478,-10110976,1,1,14,1,287,0,0,0,1
443353931,804907,827691,446782,430500,329625,209336,915784,1003947,840942,873033,424018,410943,681503,619614,399144,389333,134825,228172,235123,161196,-10965,129662,276272,-8388607,0,2665,2667,2661,759,2479,-10110976,1,1,14,1,287,0,0,0,1
443353932,803901,826885,447618,431122,329320,208737,917952,1006496,837843,869826,424012,410692,680817,618620,399728,389889,134765,228224,234979,161287,-10876,129670,276291,-8388607,0,2666,2661,2664,754,2481,-10110976,1,1,14,1,287,0,0,0,1
443353933,803317,826044,448513,431789,328862,208549,920098,1008947,834567,866674,424053,410497,680458,618301,400316,390337,134704,228325,234960,161245,-10865,129621,276155,-8388607,0,2664,2664,2668,751,2477,-10110976,1,1,14,1,287,0,0,0,1
443353934,802748,825285,449647,432651,327990,208217,922017,1011650,831799,863197,424184,410629,679975,618208,400881,391041,134584,228153,235044,161051,-10881,129814,276265,-8388607,0,2661,2664,2662,758,2477,-10110976,1,1,14,1,287,0,0,0,1
443353935,802232,824563,450710,433333,326991,207712,923944,1014263,828754,859672,424081,410738,679740,618330,401454,391906,134618,228188,235020,161060,-10651,129954,276183,-8388607,0,2658,2668,2663,752,2480,-10110976,1,1,14,1,287,0,0,0,1
443353936,801730,823999,451916,434273,325934,206865,925500,1016988,826121,856150,423924,410698,679507,618653,401923,392936,134657,228029,235015,161019,-10491,130156,276239,-8388607,0,2664,2663,2665,749,2477,-10110976,1,1,14,1,287,0,0,0,1
443353937,800733,823246,452575,435210,324803,206003,927038,1019823,823935,852634,423714,410505,679234,618881,402722,393956,134441,227725,234856,160899,-10584,130135,276191,-8388607,0,2668,2663,2662,757,2478,-10110976,1,1,14,1,287,0,0,0,1
443353938,799477,822701,453304,436171,323824,205042,929316,1022416,822091,848729,423968,410207,679136,619033,403676,395249,134614,228082,234960,161108,-10739,130204,276082,-8388607,0,2661,2667,2659,756,2479,-10110976,1,1,14,1,287,0,0,0,1
443353939,798253,821655,453668,436881,322646,204069,931376,1025216,820454,844829,424378,409767,678794,618767,404711,396127,134354,227790,234958,161142,-10699,130127,276145,-8388607,0,2661,2666,2661,754,2479,-10110976,1,1,14,1,287,0,0,0,1
443353940,797053,820229,453977,437559,322140,203309,933710,1027769,819114,840783,425271,409230,678870,618405,405878,396919,134581,228051,234907,161161,-10527,130164,276144,-8388607,0,2663,2661,2665,756,2478,-10110976,1,1,14,1,287,0,0,0,1
443353941,795885,818910,454319,437930,321673,202538,935260,1029998,817557,836811,425808,408723,678393,617730,406526,397480,134411,228137,234929,161050,-10630,130158,276173,-8388607,0,2663,2663,2662,756,2479,-10110976,1,1,14,1,287,0,0,0,1
443353942,794625,817242,454814,438155,321556,201840,936733,1030936,815897,832963,426597,408845,677839,616683,407315,398033,134522,227960,234758,160997,-10713,129849,276110,-8388607,0,2661,2666,2662,753,2481,-10110976,1,1,14,1,287,0,0,0,1
443353943,793440,815400,455352,438391,321530,201434,937682,1031800,813876,829707,427214,408793,676926,615422,407915,397946,134453,227844,234763,160865,-10705,129742,276158,-8388607,0,2665,2663,2668,754,2477,-10110976,1,1,14,1,287,0,0,0,1
443353944,792116,813464,455862,438584,321399,201060,938042,1031826,812105,827227,427524,409008,676366,614289,408461,398209,134364,228034,234616,160911,-10810,129799,276119,-8388607,0,2661,2664,2662,760,2475,-10110976,1,1,14,1,287,0,0,0,1
443353945,791127,811723,456499,439300,320965,200420,938492,1031889,810271,825246,428085,409070,675329,612842,409073,398422,134484,227837,234436,160598,-10886,129738,276068,-8388607,0,2659,2665,2666,754,2481,-10110976,1,1,14,1,287,0,0,0,1
443353946,789940,810260,457086,439894,320217,199678,938887,1031935,808553,823709,428108,409398,674929,611093,409278,398233,134374,228116,234654,160665,-10800,129764,276152,-8388607,0,2661,2662,2664,751,2478,-10110976,1,1,14,1,287,0,0,0,1
443353947,788851,808784,457859,440641,319207,198549,939019,1031841,807500,822960,428290,409467,674163,609842,410090,398184,134665,228124,234776,160795,-10850,129541,276228,-8388607,0,2664,2669,2666,757,2477,-10110976,1,1,14,1,287,0,0,0,1
443353948,787769,807579,458367,441243,318131,197081,938877,1031356,806312,822419,429098,410353,673261,608609,410553,398367,134535,228127,234927,161197,-10815,129665,276026,-8388607,0,2660,2665,2659,756,2480,-10110976,1,1,14,1,287,0,0,0,1
443353949,787376,806631,459057,442225,316836,195630,938554,1030582,805598,822585,430265,411659,672732,607662,411204,398989,134448,228154,234987,161095,-10823,129875,276197,-8388607,0,2663,2668,2665,749,2477,-10110976,1,1,14,1,287,0,0,0,1
443353950,786850,805549,459982,442884,315563,194317,937720,1029717,804919,822815,431376,412992,672223,606727,411695,399509,134671,228061,235118,161192,-10567,129914,276208,-8388607,0,2663,2662,2659,756,2478,-10110976,1,1,14,1,287,0,0,0,1
443353951,786251,804685,460783,443533,314436,192888,936838,1027976,804464,823777,432679,414802,671513,606108,412402,400334,134663,228248,235103,161363,-10809,129783,276138,-8388607,0,2660,2664,2659,755,2480,-10110976,1,1,14,1,287,0,0,0,1
443353952,785806,803967,461619,444291,313290,191926,935889,1026534,804467,825408,434023,416706,670819,605526,413015,401289,134628,228192,235060,161107,-10694,129856,276088,-8388607,0,2666,2665,2665,754,2480,-10110976,1,1,14,1,287,0,0,0,1
443353953,785249,803518,462459,445188,312256,190930,935126,1024972,804586,827264,434993,418731,670290,605259,413874,402196,134979,228294,235039,161195,-10570,129888,276143,-8388607,0,2667,2662,2666,756,2479,-10110976,1,1,14,1,287,0,0,0,1
443353954,784637,803101,463305,446342,311403,189916,934220,1023409,804926,829272,436074,420670,669410,604991,414355,402964,134929,228189,235268,161102,-10581,129970,276090,-8388607,0,2664,2665,2662,756,2477,-10110976,1,1,14,1,287,0,0,0,1
443353955,783924,803045,464271,447525,310583,188883,933564,1022093,805175,830864,437151,422307,668544,604173,414839,403841,134901,228213,235188,161111,-10756,129687,276220,-8388607,0,2661,2664,2662,754,2482,-10110976,1,1,14,1,287,0,0,0,1
443353956,783193,802994,465322,448762,309659,187948,932690,1020797,805106,831953,438033,423994,667307,603296,415128,404219,134983,228097,235028,161039,-10938,129694,276149,-8388607,0,2661,2662,2666,752,2478,-10110976,1,1,14,1,287,0,0,0,1
443353957,782678,803062,466384,449927,308908,187061,931701,1019290,804945,832897,438829,425362,666258,602338,415453,404318,134682,228009,234950,160966,-10800,129777,276245,-8388607,0,2664,2663,2663,756,2471,-10110976,1,1,14,1,287,0,0,0,1
443353958,782352,803065,467627,451233,307799,186257,930360,1017932,804920,833619,440023,426670,665027,601101,415817,404477,134352,227962,234860,160861,-10846,129731,276247,-8388607,0,2661,2668,2659,755,2482,-10110976,1,1,14,1,287,0,0,0,1
443353959,782248,803237,468668,452360,307398,185637,929378,1016596,805257,834334,440933,427945,663864,599916,416190,404559,134464,227999,234724,160952,-10543,129887,276223,-8388607,0,2661,2664,2667,750,2477,-10110976,1,1,14,1,287,0,0,0,1
443353960,781894,803317,469721,453218,306647,184963,928044,1015143,805525,835383,441682,429057,662576,598742,416273,404715,134241,227849,234481,160826,-10580,129997,276226,-8388607,0,2664,2666,2662,756,2478,-10110976,1,1,14,1,287,0,0,0,1
443353961,781267,803247,470600,454011,305894,184232,926417,1013533,806222,836399,442599,430121,661158,597682,416354,405198,134108,227686,234516,160795,-10608,130067,276170,-8388607,0,2661,2669,2660,755,2479,-10110976,1,1,14,1,287,0,0,0,1
443353962,780579,802883,471459,454894,305143,183345,925060,1011908,807081,837670,443646,431746,659927,596995,416608,405469,134363,227971,234596,160856,-10528,130108,276248,-8388607,0,2663,2663,2665,752,2484,-10110976,1,1,14,1,287,0,0,0,1
443353963,779515,802541,471977,455940,304087,182283,923691,1010716,808037,838656,445010,432944,659069,596288,416931,406102,134287,227696,234613,160911,-10564,129927,276251,-8388607,0,2667,2663,2663,757,2477,-10110976,1,1,14,1,287,0,0,0,1
443353964,778359,802030,472707,456780,303540,181399,922560,1009794,809088,838750,446996,434386,658376,596097,417532,406629,134367,227885,234724,160901,-10695,129950,276287,-8388607,0,2663,2664,2660,758,2478,-10110976,1,1,14,1,287,0,0,0,1
443353965,776974,801100,473140,457325,302555,180055,921989,1009108,810115,838750,448948,435635,658150,595969,418314,407554,134545,227911,234856,160939,-10771,129797,276207,-8388607,0,2657,2664,2664,754,2482,-10110976,1,1,14,1,287,0,0,0,1
443353966,776158,800334,473618,457934,301685,178774,921810,1008565,811175,838232,451038,436789,658141,595520,419199,408399,134554,228088,234987,161231,-10688,129764,276171,-8388607,0,2661,2662,2664,756,2478,-10110976,1,1,14,1,287,0,0,0,1
443353967,775345,799488,474244,458377,300835,177640,921675,1008664,811695,837365,452899,437640,658322,595441,419998,409235,134577,228050,235059,161194,-10698,129786,276343,-8388607,0,2661,2663,2661,757,2473,-10110976,1,1,14,1,287,0,0,0,1
443353968,774808,798225,474668,458566,300237,176756,921537,1008713,811961,836240,454014,438198,658397,595149,421226,409999,134767,228259,235114,161276,-10884,129755,276129,-8388607,0,2663,2669,2662,754,2481,-10110976,1,1,14,1,287,0,0,0,1
443353969,774540,796943,475459,458619,299722,176116,921869,1009468,811896,834619,455081,438634,658531,594802,422257,410554,134812,228299,235152,161368,-10758,129690,276234,-8388607,0,2665,2664,2668,751,2478,-10110976,1,1,14,1,287,0,0,0,1
443353970,774339,795697,476557,459077,298956,175668,922508,1010499,811075,832545,455917,438659,658248,594288,423058,411261,134804,228311,235111,161227,-10690,129862,276302,-8388607,0,2663,2663,2663,755,2471,-10110976,1,1,14,1,287,0,0,0,1
443353971,774170,794455,477525,459638,298278,175264,923417,1012206,809976,830086,456689,438702,657921,593887,423789,411888,134866,228296,234917,161283,-10721,129560,276413,-8388607,0,2660,2666,2662,756,2479,-10110976,1,1,14,1,287,0,0,0,1
443353972,774110,793645,478555,460429,297718,174719,925112,1014420,808070,827068,457197,438402,657308,593370,424551,412336,134629,228285,235001,161106,-10824,129680,276338,-8388607,0,2662,2665,2661,751,2484,-10110976,1,1,14,1,287,0,0,0,1
443353973,773982,792957,479398,461498,297040,174186,927622,1017164,805696,823795,457440,438456,656399,592883,425049,413020,134808,228111,234902,161051,-10788,129692,276349,-8388607,0,2668,2666,2664,755,2476,-10110976,1,1,14,1,287,0,0,0,1
443353974,773709,792510,480159,462408,296138,173514,930550,1020094,802904,820383,457540,438290,655791,592290,425482,413517,134551,228073,234763,160850,-10710,129608,276326,-8388607,0,2663,2667,2663,756,2477,-10110976,1,1,14,1,287,0,0,0,1
443353975,773777,792208,480917,463456,295434,172966,933720,1023363,800332,817593,457527,438368,654883,591750,426205,413924,134386,228009,234673,160913,-10701,129608,276348,-8388607,0,2662,2661,2664,751,2482,-10110976,1,1,14,1,287,0,0,0,1
443353976,773797,792116,481629,464561,294687,172373,937398,1026918,797756,815246,457587,438656,654282,591201,426763,414404,134357,228012,234711,160890,-10727,129607,276346,-8388607,0,2663,2661,2665,755,2477,-10110976,1,1,14,1,287,0,0,0,1
443353977,773909,792646,482858,465893,294214,172010,941466,1030443,795336,813464,457583,438696,653836,591082,427516,415287,134519,228033,234744,160990,-10893,129601,276447,-8388607,0,2661,2664,2660,760,2475,-10110976,1,1,14,1,287,0,0,0,1
443353978,774109,793107,484027,467243,293818,171507,945641,1034508,792851,811331,457402,438952,653239,590933,427948,416067,134486,227937,234742,160960,-10892,129584,276317,-8388607,0,2658,2665,2664,752,2482,-10110976,1,1,14,1,287,0,0,0,1
443353979,774508,793835,485242,468960,293547,171179,949712,1038384,789737,809135,457475,439155,652895,590931,428596,416891,134508,228098,235009,161173,-10705,129629,276347,-8388607,0,2663,2664,2665,756,2475,-10110976,1,1,14,1,287,0,0,0,1
443353980,774885,794432,486513,470692,293071,170872,953674,1042364,786245,806645,457211,439051,652215,591059,429026,417957,134533,228047,234984,161303,-10553,129651,276301,-8388607,0,2663,2665,2662,758,2474,-10110976,1,1,14,1,287,0,0,0,1
443353981,775238,795448,487663,472430,292828,170579,957701,1046167,782866,804453,456922,439219,651768,591085,429827,419157,134755,228100,235090,161269,-10598,129720,276359,-8388607,0,2661,2668,2663,754,2480,-10110976,1,1,14,1,287,0,0,0,1
443353982,775279,796590,488970,474136,292332,170247,961657,1049868,779289,802378,456665,439510,651063,590909,430297,420021,134925,228234,235323,161298,-10631,129799,276410,-8388607,0,2661,2665,2666,750,2479,-10110976,1,1,14,1,287,0,0,0,1
443353983,775377,797470,490469,475863,291823,169669,965608,1053483,776224,800772,456042,439665,650338,590315,430969,420722,134826,228156,235192,161145,-10517,130070,276326,-8388607,0,2664,2666,2664,757,2473,-10110976,1,1,14,1,287,0,0,0,1
443353984,775116,798135,491438,477593,291234,168921,969422,1056558,773870,799498,455808,439559,649348,589650,431477,421485,135016,228286,235083,161278,-10539,130073,276348,-8388607,0,2659,2672,2660,754,2477,-10110976,1,1,14,1,287,0,0,0,1
443353985,774847,798661,492208,479339,290939,168227,973110,1060007,772163,798690,455580,439647,648539,588610,431775,421960,134849,228250,234848,160822,-10504,130088,276227,-8388607,0,2664,2664,2665,751,2480,-10110976,1,1,14,1,287,0,0,0,1
443353986,774228,799105,493338,480555,290279,167383,976628,1062608,771014,798069,455615,439817,647522,587394,432179,422068,134817,228108,234791,160861,-10408,129985,276242,-8388607,0,2663,2659,2664,756,2478,-10110976,1,1,14,1,287,0,0,0,1
443353987,773346,799103,494252,481564,289675,166769,979352,1064940,770305,797583,456425,440605,646486,585840,432238,422050,134552,227927,234647,160840,-10622,129960,276231,-8388607,0,2660,2666,2659,758,2479,-10110976,1,1,14,1,287,0,0,0,1
443353988,772420,798839,494772,482452,289153,166184,981578,1066699,770256,797364,457679,441692,645379,584449,432608,421822,134262,227868,234594,160773,-10561,129904,276292,-8388607,0,2658,2661,2664,753,2481,-10110976,1,1,14,1,287,0,0,0,1
443353989,771507,798124,495461,483206,288699,165737,983347,1067816,770485,797491,459587,443556,644381,582963,433305,422059,134131,227792,234402,160765,-10549,129917,276347,-8388607,0,2663,2662,2666,754,2478,-10110976,1,1,14,1,287,0,0,0,1
443353990,770569,797334,496141,483839,287888,164987,984479,1068497,771117,797994,461453,445387,643188,581143,433660,421865,134037,227641,234488,160850,-10706,129943,276423,-8388607,0,2665,2661,2666,759,2471,-10110976,1,1,14,1,287,0,0,0,1
443353991,769952,796660,497188,484417,287235,164382,985305,1069109,772308,799276,463189,447347,642168,579652,434223,422024,134087,227663,234589,160927,-10850,129753,276392,-8388607,0,2662,2668,2664,754,2480,-10110976,1,1,14,1,287,0,0,0,1
443353992,769382,795817,498359,485039,286440,163487,986095,1069649,773752,800633,464620,449177,641182,578452,434636,422422,134203,227805,234476,160813,-11154,129233,276325,-8388607,0,2661,2662,2666,750,2478,-10110976,1,1,14,1,287,0,0,0,1
443353993,769190,795406,499473,485926,285432,162471,986429,1069880,775070,802085,466026,450579,640472,577372,435227,422595,134352,227975,234653,160995,-11098,129313,276381,-8388607,0,2663,2662,2658,758,2477,-10110976,1,1,14,1,287,0,0,0,1
443353994,769456,795122,500608,486749,284532,161484,986235,1069960,776331,802404,467240,451680,639791,576325,435644,422973,134494,227922,234790,161002,-10968,129390,276254,-8388607,0,2660,2668,2659,752,2481,-10110976,1,1,14,1,287,0,0,0,1
443353995,769651,795455,501611,487900,283493,160532,985243,1069499,777465,802437,468516,452722,639509,575971,436356,423746,134579,227978,234982,161052,-8844,131055,276303,-8388607,0,2666,2664,2667,752,2482,-10110976,1,1,14,1,287,0,0,0,1
443353996,771184,796002,502960,489138,282660,159723,984005,1068866,778162,802031,470104,453508,638753,575448,437037,424475,134901,228173,235198,161264,-1987,137022,276174,-8388607,0,2663,2662,2665,756,2478,-10110976,1,1,14,1,287,0,0,0,1
443353997,774441,796827,504210,490565,281775,158782,982367,1067892,779001,801587,471952,454536,638119,574706,437866,425145,135179,228270,235128,161255,8641,146202,276289,-8388607,0,2661,2667,2661,753,2479,-10110976,1,1,14,1,287,0,0,0,1
443353998,779350,798089,505104,491877,280919,157964,980485,1066758,780020,801780,473174,455586,637728,573900,438286,425638,135057,228264,235252,161184,23643,158653,276303,-8388607,0,2660,2664,2664,753,2482,-10110976,1,1,14,1,287,0,0,0,1
443353999,785958,800033,505991,492638,279975,157179,978754,1065442,781195,802127,474396,456798,637090,573113,438938,426173,134932,228239,235091,161139,43210,174648,276202,-8388607,0,2663,2661,2662,756,2478,-10110976,1,1,14,1,287,0,0,0,1
443354000,794146,802967,507226,492736,279293,156473,977382,1064279,782959,803660,475694,457993,636672,572502,439795,426676,134891,228233,235007,161203,64565,191910,276158,-8388607,0,2663,2665,2660,760,2475,-10110976,1,1,14,1,287,0,0,0,1
443354001,803265,806369,508193,493206,278156,155369,975835,1063220,784360,804683,477145,459412,636073,571885,440269,427260,134608,227950,234732,161011,89483,211318,276346,-8388607,0,2662,2667,2661,753,2479,-10110976,1,1,14,1,287,0,0,0,1
443354002,813430,809673,509378,494267,277440,154279,974586,1062253,786055,805722,478810,460768,635569,571560,440817,427969,134563,227951,234551,160854,121699,233099,276174,-8388607,0,2665,2663,2665,754,2477,-10110976,1,1,14,1,287,0,0,0,1
443354003,825082,812903,510736,495937,276474,153119,973446,1061134,787348,806321,480909,462361,635080,571121,441610,428542,134313,227726,234508,160726,163729,257986,276151,-8388607,0,2661,2663,2666,759,2471,-10110976,1,1,14,1,287,0,0,0,1
443354004,838351,816039,511221,497664,275512,152283,972394,1060377,788694,806737,483715,464164,634826,570873,442077,429356,134217,227706,234579,160863,214137,285501,276323,-8388607,0,2659,2670,2664,754,2480,-10110976,1,1,14,1,287,0,0,0,1
443354005,853826,819640,511202,498896,274497,151328,971978,1059874,789945,807588,485879,465940,634047,570431,442786,429932,134049,227576,234612,160839,270343,315233,276298,-8388607,0,2665,2662,2666,752,2477,-10110976,1,1,14,1,287,0,0,0,1
443354006,871076,824715,510800,498917,273689,150686,971870,1059259,791181,808293,487766,467535,633469,569824,443593,430715,134260,227509,234632,160951,330893,346518,276069,-8388607,0,2668,2661,2664,757,2476,-10110976,1,1,14,1,287,0,0,0,1
443354007,889800,833928,510890,497979,272899,149894,972296,1059147,791837,809276,489013,468931,633055,569238,444192,431023,134265,227908,234855,160938,392722,377557,276124,-8388607,0,2661,2663,2659,755,2479,-10110976,1,1,14,1,287,0,0,0,1
443354008,908463,846936,511546,496309,272088,149152,973056,1059316,792099,810089,489679,469795,632262,568627,444590,431449,134412,227995,234957,161119,454918,409814,276200,-8388607,0,2659,2665,2666,753,2481,-10110976,1,1,14,1,287,0,0,0,1
443354009,928712,862102,511875,495004,271736,148449,974290,1059683,792046,810265,490502,470784,631748,567768,445202,432112,134639,228177,235191,161335,518891,443280,276096,-8388607,0,2663,2659,2666,757,2477,-10110976,1,1,14,1,287,0,0,0,1
443354010,950820,878861,510395,496243,271157,147676,975676,1060135,791562,810377,491349,472180,631159,567193,445793,432348,134849,228532,235211,161450,583566,475767,276224,-8388607,0,2663,2664,2661,760,2479,-10110976,1,1,14,1,287,0,0,0,1
443354011,972342,896938,509532,499132,270455,146614,977734,1060929,790501,809698,492612,473485,630586,566486,446294,432632,135199,228508,235275,161667,648732,508403,276102,-8388607,0,2663,2664,2664,754,2482,-10110976,1,1,14,1,287,0,0,0,1
443354012,992546,916753,511330,502189,269629,145799,979958,1062500,789496,809186,493843,474999,629873,565635,446784,432863,135216,228482,235289,161370,712753,540475,276104,-8388607,0,2664,2661,2668,754,2477,-10110976,1,1,14,1,287,0,0,0,1
443354013,1013319,937185,513674,505053,269006,145093,982556,1064334,788484,809213,494919,476286,629230,564940,447226,433351,135175,228374,235120,161211,775970,571275,275976,-8388607,0,2661,2661,2664,760,2477,-10110976,1,1,14,1,287,0,0,0,1
443354014,1035881,956546,515521,507742,268451,144380,985367,1066552,787151,809125,495380,477430,628607,564273,447693,433905,135102,228313,235023,161130,840999,602985,276030,-8388607,0,2657,2669,2664,753,2477,-10110976,1,1,14,1,287,0,0,0,1
443354015,1059582,975964,516982,509148,267679,143833,988312,1069286,785865,809340,495136,478228,627629,563781,448085,434303,134802,228059,234988,160880,905838,634693,276036,-8388607,0,2665,2664,2668,750,2479,-10110976,1,1,14,1,287,0,0,0,1
443354016,1083281,997421,518095,508493,267032,143447,991693,1072022,784036,809398,495168,479194,627057,563565,448713,435026,134522,227899,234737,160757,970723,666338,276028,-8388607,0,2667,2666,2663,757,2476,-10110976,1,1,14,1,287,0,0,0,1
443354017,1106032,1019557,518562,507423,266203,142704,995262,1075145,782297,808933,495336,480127,626376,562722,449322,435805,134171,227657,234609,160740,1036679,699243,275997,-8388607,0,2661,2668,2659,754,2479,-10110976,1,1,14,1,287,0,0,0,1
443354018,1128907,1041304,517218,507326,265408,141915,999025,1078547,780082,807904,495860,481082,625805,562433,450107,436629,134002,227676,234339,160768,1102783,731558,276081,-8388607,0,2661,2664,2666,751,2478,-10110976,1,1,14,1,287,0,0,0,1
443354019,1151398,1062133,515006,508382,264782,141093,1002815,1082029,777443,805986,496030,481701,625264,561838,450423,437002,133845,227707,234386,160662,1169550,764191,275987,-8388607,0,2663,2659,2659,756,2477,-10110976,1,1,14,1,287,0,0,0,1
443354020,1172434,1083315,515068,510472,264327,140488,1006823,1085973,774855,803864,496480,481807,624495,561244,450800,437794,134012,227699,234473,160979,1236198,796569,276078,-8388607,0,2661,2667,2665,758,2479,-10110976,1,1,14,1,287,0,0,0,1
443354021,1192948,1104393,516677,512877,263852,139943,1010313,1089535,772200,801804,495926,481435,623453,560661,450930,438117,134027,227765,234476,160924,1301823,829021,276113,-8388607,0,2664,2664,2663,751,2484,-10110976,1,1,14,1,287,0,0,0,1
443354022,1215373,1124247,518673,515237,263561,139609,1013305,1093308,770000,799787,495212,481167,622646,560210,451126,438513,134353,227909,234760,160993,1369815,863152,276072,-8388607,0,2663,2661,2666,756,2478,-10110976,1,1,14,1,287,0,0,0,1
443354023,1240222,1143549,520543,517455,263075,139653,1016079,1096685,767639,797987,494651,480657,621460,559565,451220,438932,134670,228105,235014,161117,1437907,898048,276029,-8388607,0,2662,2666,2666,760,2477,-10110976,1,1,14,1,287,0,0,0,1
443354024,1265409,1164287,522516,519362,262643,139358,1018367,1100154,765581,795584,494642,480241,620400,558816,451659,439753,134798,228421,235350,161255,1505909,933803,275966,-8388607,0,2659,2663,2664,754,2481,-10110976,1,1,14,1,287,0,0,0,1
443354025,1289860,1186105,524467,520111,261964,138860,1020399,1103248,764053,792871,495316,480348,619791,558446,452143,440478,135072,228409,235242,161354,1573984,970288,275834,-8388607,0,2664,2664,2668,749,2476,-10110976,1,1,14,1,287,0,0,0,1
443354026,1313459,1207667,525234,521662,261127,138137,1022292,1106377,763052,790346,496693,480615,618922,557804,452794,441233,135318,228696,235439,161384,1640303,1005006,275961,-8388607,0,2664,2668,2664,760,2471,-10110976,1,1,14,1,287,0,0,0,1
443354027,1335970,1228236,524169,524849,260362,137270,1023985,1109322,762536,787556,498335,481178,618524,557557,453565,442005,135262,228663,235382,161496,1706527,1039607,275978,-8388607,0,2659,2667,2662,756,2481,-10110976,1,1,14,1,287,0,0,0,1
443354028,1356807,1248599,523788,527674,259536,136300,1025413,1112085,762584,785328,499692,481299,618231,557227,454318,442680,135145,228737,235263,161423,1771150,1072770,275957,-8388607,0,2665,2663,2663,749,2477,-10110976,1,1,14,1,287,0,0,0,1
443354029,1375846,1268881,524232,530081,258622,135338,1026891,1114219,763010,783212,501231,481646,618202,556872,455280,443355,135017,228511,235072,161297,1833407,1104778,275968,-8388607,0,2663,2668,2664,754,2477,-10110976,1,1,14,1,287,0,0,0,1
443354030,1395383,1288510,524272,531902,257744,134398,1028033,1116053,763568,781780,502653,481619,618081,556831,456162,444062,134759,228241,234870,161077,1892429,1135145,276002,-8388607,0,2660,2666,2659,755,2479,-10110976,1,1,14,1,287,0,0,0,1
443354031,1416761,1307613,524303,533047,256882,133306,1028942,1117298,763560,780533,503745,482064,617829,556223,457364,444892,134385,227986,234712,160875,1947153,1162320,275947,-8388607,0,2663,2664,2664,751,2484,-10110976,1,1,14,1,287,0,0,0,1
443354032,1437760,1328232,524843,533994,256125,132423,1029554,1118110,763061,779106,504533,482857,617540,555445,458096,445359,134072,227644,234360,160808,1997430,1187980,275838,-8388607,0,2668,2659,2666,756,2477,-10110976,1,1,14,1,287,0,0,0,1
443354033,1459234,1350330,526214,534711,255241,131575,1030333,1119046,761901,777408,505585,483270,617198,554780,458971,445708,134059,227481,234453,160585,2038906,1207787,275988,-8388607,0,2662,2663,2661,760,2478,-10110976,1,1,14,1,287,0,0,0,1
443354034,1480575,1372358,527362,536711,254504,130867,1031011,1119268,760537,775780,506405,484339,616692,553475,459799,446103,133834,227410,234360,160663,2073508,1223225,276049,-8388607,0,2657,2664,2659,752,2482,-10110976,1,1,14,1,287,0,0,0,1
443354035,1500449,1394054,527652,539865,253736,130025,1031489,1119425,758927,774345,506971,484787,616018,552069,460435,445815,133858,227637,234299,160505,2103955,1236536,276048,-8388607,0,2661,2663,2668,755,2477,-10110976,1,1,14,1,287,0,0,0,1
443354036,1519140,1415589,528654,542750,253025,129319,1031860,1119457,757844,773715,507492,484958,615777,550864,461206,445832,134040,227627,234507,160717,2125849,1244042,276145,-8388607,0,2664,2666,2663,758,2484,-10110976,1,1,14,1,287,0,0,0,1
443354037,1535997,1437007,530370,545619,252339,128734,1031999,1118913,756989,773632,507672,485197,615180,549742,461601,445964,134181,227804,234625,160796,2142854,1250140,275954,-8388607,0,2663,2669,2666,754,2481,-10110976,1,1,14,1,287,0,0,0,1
443354038,1553536,1456230,531882,547400,252108,128198,1031752,1118319,756534,774055,508116,486223,614628,548732,462131,446236,134468,228047,234933,161059,2153951,1253318,276053,-8388607,0,2664,2661,2666,751,2478,-10110976,1,1,14,1,287,0,0,0,1
443354039,1571121,1474610,533133,548440,251685,127790,1031764,1117525,755954,775442,508851,487804,614357,548162,462914,446756,134773,228376,235195,161214,2155123,1251286,276120,-8388607,0,2661,2666,2664,756,2475,-10110976,1,1,14,1,287,0,0,0,1
443354040,1586622,1492597,534940,548086,251127,127188,1031520,1116445,755003,777037,509777,489978,613706,547543,463453,447469,134988,228347,235146,161262,2146439,1245720,276074,-8388607,0,2661,2666,2659,754,2480,-10110976,1,1,14,1,287,0,0,0,1
443354041,1601292,1509686,537281,547081,250545,126537,1031075,1115273,754404,778758,511125,492777,613383,547400,464393,448367,135378,228654,235551,161647,2129006,1236393,275913,-8388607,0,2663,2663,2665,751,2479,-10110976,1,1,14,1,287,0,0,0,1
443354042,1613634,1525839,538257,548091,249569,125515,1030826,1113913,754089,780240,513018,495318,613084,546953,465221,449206,135343,228836,235505,161508,2102261,1223836,276040,-8388607,0,2666,2664,2661,756,2476,-10110976,1,1,14,1,287,0,0,0,1
443354043,1622331,1540866,539687,549545,248558,124487,1030373,1112743,753969,781663,514274,497684,612762,546770,466158,450084,135320,228612,235522,161561,2063759,1206059,276125,-8388607,0,2663,2662,2657,756,2478,-10110976,1,1,14,1,287,0,0,0,1
443354044,1627856,1555603,541613,550747,247549,123479,1029667,1111459,753890,783173,515587,499341,612641,546200,467031,450773,135283,228377,235328,161272,2017728,1183634,276078,-8388607,0,2662,2661,2665,754,2481,-10110976,1,1,14,1,287,0,0,0,1
443354045,1632421,1569369,543581,553255,246392,122157,1029234,1110255,754397,784510,516305,501065,611997,545649,467770,451101,135190,228338,235226,161360,1968213,1159768,275966,-8388607,0,2659,2663,2666,755,2477,-10110976,1,1,14,1,287,0,0,0,1
443354046,1637435,1581665,545544,556091,245268,120925,1028256,1108849,754631,785912,517441,502911,611261,544690,468159,451298,134736,228138,234984,161128,1913323,1132130,275981,-8388607,0,2660,2667,2663,759,2481,-10110976,1,1,14,1,287,0,0,0,1
443354047,1640428,1594499,547454,557506,244455,120114,1027559,1107812,755014,787044,518621,504688,610476,543696,468694,451592,134445,228074,234816,161157,1852606,1100692,276020,-8388607,0,2659,2667,2664,756,2481,-10110976,1,1,14,1,287,0,0,0,1
443354048,1642117,1606378,550036,558000,243478,119129,1026544,1106661,755045,787597,519882,506460,609272,542544,468638,451604,134060,227822,234660,160804,1788422,1066908,275946,-8388607,0,2665,2662,2665,754,2478,-10110976,1,1,14,1,287,0,0,0,1
443354049,1643370,1616661,551925,559512,242607,118323,1025769,1105914,755218,788048,521308,508457,607718,541188,468654,451567,133967,227582,234423,160533,1724076,1033601,276031,-8388607,0,2665,2665,2663,758,2478,-10110976,1,1,14,1,287,0,0,0,1
443354050,1643432,1625538,553227,561914,241988,117825,1025078,1105391,755470,788053,522810,510439,605951,539801,468438,451654,133759,227618,234321,160683,1657917,999366,275981,-8388607,0,2655,2668,2662,752,2481,-10110976,1,1,14,1,287,0,0,0,1
443354051,1640817,1633293,554800,563563,241472,117412,1024368,1104969,756176,788470,524281,511825,604742,538760,468342,451826,133884,227471,234260,160557,1589410,963585,275960,-8388607,0,2659,2663,2666,752,2479,-10110976,1,1,14,1,287,0,0,0,1
443354052,1636977,1640013,555447,565260,240711,116868,1023642,1104553,757418,789123,525919,513396,603708,537564,468533,451958,133953,227432,234500,160747,1520716,927387,275922,-8388607,0,2665,2659,2662,755,2475,-10110976,1,1,14,1,287,0,0,0,1
443354053,1633883,1645341,555520,567573,240169,116444,1023011,1104102,758715,789090,527664,514357,602931,536874,468998,452383,134251,227630,234556,160822,1451851,890783,275908,-8388607,0,2661,2667,2664,759,2480,-10110976,1,1,14,1,287,0,0,0,1
443354054,1631661,1649975,556224,569758,240159,116207,1022599,1104033,760168,788859,529606,515448,602669,536157,469480,452624,134468,227873,234924,160816,1384195,855583,275990,-8388607,0,2662,2661,2665,753,2482,-10110976,1,1,14,1,287,0,0,0,1
443354055,1630210,1654257,557902,571420,239664,115634,1022381,1103775,761124,788045,531682,516464,602361,535836,470091,453218,134671,227860,234914,161134,1317616,820943,275996,-8388607,0,2664,2662,2672,755,2477,-10110976,1,1,14,1,287,0,1,0,37
443354056,1629893,1657541,559580,573006,239466,114916,1022083,1103881,760917,786688,533410,516978,602269,535446,470774,453998,134857,228255,235203,161357,1250848,785466,275997,-8388607,0,2660,2666,2660,758,2480,-10110976,1,1,14,1,287,0,1,0,37
443354057,1629649,1660041,561508,575134,238911,114138,1021690,1104141,760134,784556,534778,517375,601812,535060,471489,454782,134922,228275,235248,161441,1184735,750444,275991,-8388607,0,2662,2661,2664,755,2484,-10110976,1,1,14,1,287,0,1,0,37
443354058,1629899,1661837,564123,577323,238368,113381,1021329,1104449,758469,781993,535380,517137,601455,534727,472324,455519,135201,228347,235357,161544,1120194,716807,276012,-8388607,0,2665,2663,2666,753,2478,-10110976,1,1,14,1,287,0,1,0,37
443354059,1629716,1663065,566549,579990,237180,112401,1020969,1105044,756827,779108,535706,516870,600700,534038,473092,456318,135090,228469,235308,161456,1056065,683747,276149,-8388607,0,2661,2666,2660,758,2475,-10110976,1,1,14,1,287,0,1,0,37
443354060,1629665,1663491,568005,582705,236309,111481,1021031,1105844,755268,776786,536368,516556,600687,534563,473853,457114,134796,228201,235308,161421,991755,649798,276188,-8388607,0,2657,2665,2663,755,2482,-10110976,1,1,14,1,287,0,1,0,37
443354061,1630117,1663011,569576,584877,235645,110614,1020910,1106935,753603,773716,535787,515428,599075,533073,474344,457500,134995,228518,235086,161152,928952,616333,275900,-8388607,0,2661,2662,2666,751,2477,-10110976,1,1,14,1,287,0,1,0,37
443354062,1630998,1662890,571767,587215,234574,109668,1021147,1108223,751652,771399,535916,514969,598388,532494,475236,458018,134914,228244,234904,161119,867344,584923,276049,-8388607,0,2668,2666,2663,758,2474,-10110976,1,1,14,1,287,0,1,0,37
443354063,1632252,1661870,573963,589164,233962,108861,1021800,1109340,748773,768994,535567,514963,597730,531914,475822,458841,134807,227907,234849,160897,805703,553358,275950,-8388607,0,2666,2668,2658,754,2479,-10110976,1,1,14,1,287,0,1,0,37
443354064,1633300,1660314,575269,590682,233325,108479,1022440,1110211,745552,766935,535320,515131,597142,531618,476444,459146,134499,228052,234595,160636,745534,522356,275943,-8388607,0,2664,2665,2666,750,2477,-10110976,1,1,14,1,287,0,1,0,37
443354065,1633605,1658874,577053,592109,232591,107734,1023800,1110341,742172,766015,535073,515642,596563,531617,477047,459895,134259,227751,234589,160778,685598,491521,275998,-8388607,0,2665,2659,2666,757,2471,-10110976,1,1,14,1,287,0,1,0,37
443354066,1633206,1657817,578938,594064,231986,107292,1025345,1108435,738662,767267,534722,515556,596488,531894,477817,460915,134109,227521,234615,160775,626024,461358,275998,-8388607,0,2661,2669,2662,753,2477,-10110976,1,1,14,1,287,0,1,0,37
443354067,1632849,1657141,580309,596795,231334,106872,1026985,1103983,735989,771883,533862,515062,596192,532218,478643,462290,134050,227630,234676,160926,568479,432482,275996,-8388607,0,2658,2667,2666,754,2481,-10110976,1,1,14,1,287,0,1,0,37
443354068,1632171,1657324,581915,599981,230740,106738,1028138,1096458,734256,780648,532438,513730,596032,532978,479856,464247,134037,227544,234574,160969,510991,403477,275958,-8388607,0,2665,2662,2665,755,2477,-10110976,1,1,14,1,287,0,1,0,37
443354069,1630808,1659322,583624,603017,230764,107068,1028260,1086742,734415,792606,529709,512027,596366,533592,481087,465772,134203,227685,234794,161217,453900,374345,276005,-8388607,0,2665,2667,2662,757,2478,-10110976,1,1,14,1,287,0,1,0,37
443354070,1630187,1661509,585632,606353,231024,107474,1027271,1074551,735825,807199,526274,511084,596812,533881,482282,467248,134448,227834,234833,161002,398892,346792,275979,-8388607,0,2662,2665,2665,752,2483,-10110976,1,1,14,1,287,0,1,0,37
443354071,1629712,1664004,587442,609897,231297,107611,1025860,1060298,737622,823697,524323,510807,596834,533792,483495,468371,134500,228138,234906,161118,346500,321104,275818,-8388607,0,2664,2664,2668,753,2485,-10110976,1,1,14,1,287,0,1,0,37
443354072,1629012,1667053,589362,612836,231035,107485,1023359,1045808,740384,841093,524567,511874,596757,533614,484442,469006,134872,228179,235153,161223,295706,295694,275835,-8388607,0,2659,2665,2661,757,2475,-10110976,1,1,14,1,287,0,1,0,37
443354073,1627427,1669547,591228,614665,230158,106709,1019697,1030011,744838,858310,526201,514438,596692,533002,485376,469472,134997,228353,235137,161266,246825,270760,275827,-8388607,0,2661,2666,2662,755,2479,-10110976,1,1,14,1,287,0,1,0,37
443354074,1625928,1671856,592889,616727,228821,105541,1013346,1013306,752839,875985,527448,516985,595848,531808,485938,469591,134970,228368,235144,161120,201261,247589,275802,-8388607,0,2663,2662,2664,750,2478,-10110976,1,1,14,1,287,0,1,0,37
443354075,1624979,1674238,594955,618967,227808,104448,1003060,995053,764876,895486,527774,518169,594993,530678,486285,469543,135166,228369,235193,161091,159359,226488,275866,-8388607,0,2664,2663,2662,757,2475,-10110976,1,1,14,1,287,0,1,0,37
443354076,1623246,1676609,596696,620896,227106,104161,989055,974606,781395,917390,526289,517115,593860,529028,486695,469553,135063,228469,235066,161104,121340,207564,275943,-8388607,0,2661,2666,2658,755,2480,-10110976,1,1,14,1,287,0,1,0,37
443354077,1621449,1678118,598172,622152,227534,104506,971548,951940,801450,941122,523375,514309,592347,527232,486975,469158,134940,228260,234893,161079,86461,189369,275827,-8388607,0,2661,2664,2666,753,2481,-10110976,1,1,14,1,287,0,1,0,37
443354078,1619804,1678829,599689,623463,228469,105517,952026,928021,823881,965457,520799,512311,591290,525525,487087,468786,134775,228056,234957,161174,57074,174421,275719,-8388607,0,2666,2661,2664,751,2478,-10110976,1,1,14,1,287,0,1,0,37
443354079,1618044,1678348,601348,624495,229594,106537,930909,903581,846605,989530,520415,512550,590045,523663,487157,468272,134518,227997,234780,160924,33440,162635,275657,-8388607,0,2663,2667,2659,757,2479,-10110976,1,1,14,1,287,0,1,0,37
443354080,1615958,1676898,603328,625284,230120,106636,909142,879341,868404,1012592,523048,514424,588896,521856,487731,468105,134244,227777,234901,160910,14796,152978,275812,-8388607,0,2666,2666,2661,755,2482,-10110976,1,1,14,1,287,0,1,0,37
443354081,1613832,1674833,605568,626130,229742,106068,886894,854839,889847,1034989,526863,518658,588163,520367,488390,468094,134331,227651,234852,161126,2229,146568,275889,-8388607,0,2663,2662,2669,758,2478,-10110976,1,1,14,1,287,0,1,0,37
443354082,1612134,1672621,607801,627017,228540,104856,863925,830020,912031,1057938,529948,522105,587597,519045,488936,468463,134088,227664,234671,160954,-5822,141657,275788,-8388607,0,2661,2664,2660,758,2471,-10110976,1,1,14,1,287,0,1,0,37
443354083,1611178,1670585,609876,627999,227296,103785,839676,804707,935575,1082079,531756,524336,587301,518383,490031,468855,134215,227686,234734,160944,-9815,139058,275695,-8388607,0,2661,2668,2668,755,2480,-10110976,1,1,14,1,287,0,1,0,37
443354084,1610478,1669072,611950,629082,226787,103272,814354,778653,960465,1107418,531907,524191,586882,517838,490476,469292,134090,227617,234803,161075,-11152,138152,275800,-8388607,0,2665,2668,2666,755,2477,-10110976,1,1,14,1,287,0,1,0,37
443354085,1609897,1667668,613629,630496,227155,103656,788069,752386,985923,1133209,531481,523231,586734,517509,491023,470130,134441,228016,234932,161171,-12308,137475,275755,-8388607,0,2665,2662,2662,757,2475,-10110976,1,1,14,1,287,0,1,0,37
443354086,1609103,1665989,615221,631806,228044,104695,761096,725787,1010471,1157326,531455,522673,586301,517197,491444,470397,134549,228048,234936,161015,-12552,137204,275563,-8388607,0,2661,2665,2663,755,2477,-10110976,1,1,14,1,287,0,0,0,1
443354087,1608051,1663833,617640,633666,229387,106290,734141,699088,1032883,1179955,532883,523580,585783,516710,491874,471025,134871,228094,235041,161214,-12383,137503,275617,-8388607,0,2664,2663,2665,749,2477,-10110976,1,1,14,1,287,0,0,0,1
443354088,1606575,1662029,620483,636146,230627,107659,706607,672421,1053308,1200952,535576,525242,584788,516027,492466,471658,134960,228332,235100,161464,-12234,137339,275670,-8388607,0,2663,2668,2666,757,2477,-10110976,1,1,14,1,287,0,0,0,1
443354089,1604756,1659810,622886,638425,231398,108166,678578,645780,1073377,1221746,537620,527309,584289,515220,493013,472256,135008,228452,235158,161347,-12486,136947,275686,-8388607,0,2660,2661,2662,757,2477,-10110976,1,1,14,1,287,0,0,0,1
443354090,1602997,1658201,624873,640627,231476,108211,650665,619372,1094023,1242991,538326,528208,583466,514461,493734,473199,135121,228561,235174,161231,-12807,136398,275811,-8388607,0,2663,2662,2664,751,2482,-10110976,1,1,14,1,287,0,0,0,1
443354091,1600735,1657561,626169,642977,231194,107697,623001,593272,1115854,1266925,538116,527642,582729,513514,494105,473608,135032,228490,234852,161003,-12751,136842,275729,-8388607,0,2665,2659,2664,756,2476,-10110976,1,1,14,1,287,0,0,0,1
443354092,1598324,1656702,626804,644912,230791,107358,595920,567484,1139438,1293065,537544,527480,581777,513155,494413,473855,134748,228142,234691,160897,-11988,137552,275511,-8388607,0,2662,2665,2661,757,2479,-10110976,1,1,14,1,287,0,0,0,1
443354093,1595035,1655804,627054,647024,231036,107609,569111,542383,1164594,1319530,538082,528332,581101,513186,494867,474449,134653,228059,234619,160969,-11890,137458,275585,-8388607,0,2656,2665,2664,753,2482,-10110976,1,1,14,1,287,0,0,0,1
443354094,1590833,1654173,627454,649157,231714,107848,542753,517340,1189363,1344157,541088,530837,580522,513257,495204,475079,134556,227971,234784,160967,-12648,136770,275687,-8388607,0,2664,2659,2664,756,2478,-10110976,1,1,14,1,287,0,0,0,1
443354095,1586634,1651697,628640,651385,232728,108565,516296,492407,1212289,1366561,545525,533866,579918,512985,495566,475555,134380,227809,234961,161097,-12598,136569,275836,-8388607,0,2666,2664,2664,759,2475,-10110976,1,1,14,1,287,0,0,0,1
443354096,1582845,1648687,629966,653435,233293,109179,489908,467205,1233446,1388193,550254,536501,579486,512754,496181,476555,134115,227685,234923,161135,-12400,136522,275588,-8388607,0,2659,2668,2664,755,2481,-10110976,1,1,14,1,287,0,0,0,1
443354097,1579397,1645612,631574,654759,233505,109620,463909,442345,1254580,1409555,553593,538862,578589,512315,497096,477780,134050,227634,234837,160947,-12752,136016,275667,-8388607,0,2664,2663,2665,750,2478,-10110976,1,1,14,1,287,0,0,0,1
443354098,1576424,1642569,632865,655549,233802,109704,439177,418387,1276709,1432014,553632,539896,578130,512096,498040,478720,134063,227622,234768,161011,-12743,135781,275606,-8388607,0,2664,2663,2662,756,2478,-10110976,1,1,14,1,287,0,0,0,1
443354099,1574303,1639891,633591,655824,234001,109790,415593,396212,1299318,1455677,552496,539612,577805,512060,499069,479633,134351,227771,234879,161034,-12759,135911,275627,-8388607,0,2661,2670,2663,754,2478,-10110976,1,1,14,1,287,0,0,0,1
443354100,1572395,1637211,634564,656545,234326,110023,393589,375442,1322514,1479656,551629,539604,577623,511874,499662,480158,134453,228001,234841,161054,-12475,136108,275528,-8388607,0,2663,2663,2659,752,2479,-10110976,1,1,14,1,287,0,0,0,1
443354101,1570399,1634640,635590,657286,234998,110791,372775,355345,1344938,1500841,551829,540404,577517,511713,500077,480694,134660,228219,234818,161019,-12124,136637,275611,-8388607,0,2668,2663,2662,757,2477,-10110976,1,1,14,1,287,0,0,0,1
443354102,1568081,1631898,636909,658050,236117,111748,351724,336298,1366380,1519067,553409,541656,577282,511320,500349,481200,134798,228212,235061,161144,-12422,135960,275685,-8388607,0,2661,2668,2659,757,2479,-10110976,1,1,14,1,287,0,0,0,1
443354103,1565645,1629284,638209,658652,237065,112724,330653,317857,1385833,1535581,555654,543528,576730,511023,501044,481625,134921,228183,235301,161165,-13145,135326,275510,-8388607,0,2657,2664,2664,755,2481,-10110976,1,1,14,1,287,0,0,0,1
443354104,1564388,1627106,639855,659521,238028,113776,309974,300363,1405178,1550561,557179,545071,576067,510551,501677,482618,134983,228372,235170,161261,-12790,135612,275686,-8388607,0,2659,2663,2660,757,2476,-10110976,1,1,14,1,287,0,0,0,1
443354105,1563374,1625534,641340,659902,238376,114521,289666,284259,1425267,1566449,557472,546574,575139,509676,502716,483457,134973,228178,235136,161116,-12517,135814,275767,-8388607,0,2662,2661,2664,760,2477,-10110976,1,1,14,1,287,0,0,0,1
443354106,1562362,1624517,642385,660088,237933,114353,270911,270628,1446066,1582671,557570,548187,574511,509094,503332,484458,134860,228195,234905,160998,-12520,135779,275719,-8388607,0,2661,2665,2661,752,2481,-10110976,1,1,14,1,287,0,0,0,1
443354107,1561471,1623927,643603,660523,237157,113758,253903,259764,1466162,1597664,557850,549164,573893,508628,503832,485173,134808,228389,234705,161000,-12554,136117,275690,-8388607,0,2660,2664,2670,755,2477,-10110976,1,1,14,1,287,0,0,0,1
443354108,1560233,1623046,644998,661548,236543,113155,238574,251381,1483829,1608782,557850,550497,573202,508216,504306,485655,134490,228227,234581,160807,-12096,136537,275493,-8388607,0,2661,2665,2664,759,2471,-10110976,1,1,14,1,287,0,0,0,1
443354109,1558507,1621217,646448,662806,235832,112174,224412,244813,1498494,1616141,559104,551633,572714,507935,505083,485898,134370,228037,234412,160854,-12062,136556,275696,-8388607,0,2660,2670,2662,756,2477,-10110976,1,1,14,1,287,0,0,0,1
443354110,1555931,1618643,647979,664151,235402,111940,210972,239568,1509814,1620399,559416,552075,572649,507626,505498,486429,134228,227828,234723,160954,-12161,136539,275636,-8388607,0,2663,2666,2666,748,2481,-10110976,1,1,14,1,287,0,0,0,1
443354111,1553302,1615656,649677,665421,235279,112078,198915,235267,1518820,1622372,558592,551584,572183,507242,505955,487151,134190,227628,234729,161003,-12436,136080,275574,-8388607,0,2668,2662,2663,756,2477,-10110976,1,1,14,1,287,0,0,0,1
443354112,1550896,1612056,650788,666529,235759,112405,189105,232214,1526123,1624292,557239,550185,571943,506816,506796,487932,134268,227509,235000,161061,-12775,135674,275657,-8388607,0,2668,2665,2666,756,2480,-10110976,1,1,14,1,287,0,0,0,1
443354113,1548599,1608583,651243,667344,236042,112898,181172,229885,1533000,1627156,555670,548454,571354,506360,507376,488820,134130,227712,234886,161164,-12443,136017,275653,-8388607,0,2662,2665,2666,752,2481,-10110976,1,1,14,1,287,0,0,0,1
443354114,1545990,1605519,651683,667884,236538,113526,176088,228758,1539033,1629660,554501,547338,570628,505860,507984,489631,134417,228018,235047,161218,-12301,135961,275693,-8388607,0,2663,2659,2666,757,2477,-10110976,1,1,14,1,287,0,0,0,1
443354115,1543308,1602615,651823,668655,237170,114486,173733,228669,1542917,1630965,554055,547174,570040,505532,508910,490667,134599,228342,235041,161358,-12724,135449,275507,-8388607,0,2661,2664,2659,760,2478,-10110976,1,1,14,1,287,0,0,0,1
443354116,1540887,1599667,652040,670313,238024,115046,173215,229043,1544367,1631083,555398,547917,569378,504990,509772,491409,134876,228624,235108,161249,-12672,135482,275589,-8388607,0,2661,2664,2664,754,2481,-10110976,1,1,14,1,287,0,0,0,1
443354117,1538468,1597192,653006,672595,238937,115388,173313,229459,1543983,1629491,557386,549237,568882,504383,510137,492094,134984,228474,235169,161156,-12478,135494,275630,-8388607,0,2664,2661,2667,754,2477,-10110976,1,1,14,1,287,0,0,0,1
443354118,1536025,1594937,654201,675101,239743,115527,174157,229974,1543201,1627480,559348,550745,568703,503786,511035,492655,135214,228654,235301,161344,-12872,135070,275691,-8388607,0,2664,2661,2664,757,2475,-10110976,1,1,14,1,287,0,0,0,1
443354119,1534218,1592499,655814,677203,240184,115407,174630,230106,1542195,1626022,561219,551310,568117,503085,511917,493099,135230,228458,235195,161011,-13066,134604,275646,-8388607,0,2657,2668,2664,754,2480,-10110976,1,1,14,1,287,0,0,0,1
443354120,1533464,1590656,657578,679493,240291,115618,174514,230043,1541949,1626120,562410,551984,567735,502078,512492,492987,135002,228252,235143,160993,-12701,135268,275545,-8388607,0,2664,2664,2664,755,2477,-10110976,1,1,14,1,287,0,0,0,1
443354121,1532794,1588848,659456,681656,240130,115921,174434,229939,1542056,1626156,563139,552795,567015,500987,513060,493014,134932,228194,235140,161039,-12209,135891,275524,-8388607,0,2668,2666,2667,756,2475,-10110976,1,1,14,1,287,0,0,0,1
443354122,1531557,1586737,661089,683344,239893,116084,174014,230086,1539996,1625599,564320,553799,566508,500048,513941,493120,134672,228093,234924,161167,-11895,136387,275704,-8388607,0,2663,2668,2662,757,2480,-10110976,1,1,14,1,287,0,0,0,1
443354123,1529351,1583966,661890,684858,239407,116284,173589,229811,1536463,1623999,565967,555059,565810,498735,514468,493359,134444,228135,234707,161184,-11968,136023,275681,-8388607,0,2663,2663,2663,752,2479,-10110976,1,1,14,1,287,0,0,0,1
443354124,1526128,1580491,662648,686229,238721,116164,173328,229388,1532094,1620625,567744,556821,564993,497447,515319,493460,134255,228015,234770,161102,-12165,135770,275703,-8388607,0,2665,2662,2666,756,2477,-10110976,1,1,14,1,287,0,0,0,1
443354125,1522160,1576262,662567,687115,238124,115380,173027,228802,1527927,1617964,570193,558725,564544,496661,516027,493671,134090,227785,234587,160780,-12280,135448,275663,-8388607,0,2658,2669,2661,759,2477,-10110976,1,1,14,1,287,0,0,0,1
443354126,1518404,1571792,662767,687331,237501,114616,172625,228368,1525166,1616709,572595,560781,563997,495672,516673,494139,134076,227727,234549,160813,-12444,135135,275602,-8388607,0,2663,2661,2664,754,2484,-10110976,1,1,14,1,287,0,0,0,1
443354127,1514746,1566984,662798,686689,237026,113652,172499,227635,1524176,1617215,574961,563031,563552,495172,517141,494377,134064,227522,234544,160739,-12692,135002,275596,-8388607,0,2663,2659,2664,756,2477,-10110976,1,1,14,1,287,0,0,0,1
443354128,1511635,1562454,663194,685644,236939,113355,172850,227617,1523799,1618560,577281,566462,563390,494890,517707,495104,134069,227640,234525,160769,-12513,134962,275572,-8388607,0,2662,2665,2664,760,2477,-10110976,1,1,14,1,287,0,0,0,1
443354129,1508715,1557594,664352,685126,237043,113699,173518,227929,1522928,1619809,580334,570443,562833,494603,518326,495786,134465,227634,234950,160892,-12336,135214,275661,-8388607,0,2657,2667,2664,756,2480,-10110976,1,1,14,1,287,0,0,0,1
443354130,1505633,1552911,666446,685312,237810,114460,174110,228601,1521340,1619542,584258,575162,562673,494448,519068,496817,134625,227776,234951,161122,-12037,135560,275653,-8388607,0,2660,2663,2668,755,2475,-10110976,1,1,14,1,287,0,0,0,1
443354131,1501807,1548299,668523,686165,238246,115136,174523,228987,1519087,1617489,587938,579847,562151,494236,519734,497583,134637,228127,234968,161142,-12094,135333,275522,-8388607,0,2661,2664,2662,757,2475,-10110976,1,1,14,1,287,0,0,0,1
443354132,1497367,1543783,670490,687534,238623,116175,174621,229330,1516742,1614798,591240,583330,561608,494220,520348,498950,134663,228412,234912,161227,-12582,134760,275597,-8388607,0,2661,2664,2666,756,2477,-10110976,1,1,14,1,287,0,0,0,1
443354133,1493117,1539597,672788,688846,239258,116800,174552,229336,1515381,1613202,594352,586638,561018,494071,521466,500128,134737,228523,234936,161236,-12467,134862,275560,-8388607,0,2663,2662,2666,751,2477,-10110976,1,1,14,1,287,0,0,0,1
443354134,1488958,1535190,673966,689774,239504,116920,174635,229209,1514809,1611942,596653,589618,560247,493797,521977,500756,134867,228224,234776,161336,-12170,135428,275506,-8388607,0,2668,2664,2662,755,2476,-10110976,1,1,14,1,287,0,0,0,1
443354135,1484569,1530228,674719,689847,239379,116552,174564,229115,1513960,1610205,598320,592697,559663,493244,522338,501249,134827,228409,234960,161276,-12067,135611,275569,-8388607,0,2660,2667,2659,753,2482,-10110976,1,1,14,1,287,0,0,0,1
443354136,1479676,1524932,675895,689490,239187,116180,174645,228879,1512128,1607824,600406,595678,558941,492687,522804,501677,134871,228152,234911,161156,-12003,135547,275591,-8388607,0,2663,2662,2664,752,2482,-10110976,1,1,14,1,287,0,0,0,1
443354137,1474280,1519028,676642,689696,238957,115505,174808,229038,1509504,1603823,602849,598611,558245,492112,523003,501773,134742,228043,234913,161139,-11836,135536,275567,-8388607,0,2668,2659,2664,756,2477,-10110976,1,1,14,1,287,0,0,0,1
443354138,1468092,1512271,677692,690392,238489,115213,174823,228868,1506698,1599579,605525,602350,557282,491461,523167,502361,134854,228177,235051,160972,-12143,135053,275586,-8388607,0,2668,2663,2659,757,2481,-10110976,1,1,14,1,287,0,0,0,1
443354139,1461458,1505903,678329,691518,238177,114822,174465,228381,1504300,1595932,608347,605669,556245,490836,523559,503196,134692,228123,234995,161117,-12315,134619,275573,-8388607,0,2658,2665,2664,753,2481,-10110976,1,1,14,1,287,0,0,0,1
443354140,1454567,1499586,679100,692698,237765,114358,173523,227647,1502990,1593040,610937,608534,555015,490260,523758,503937,134568,227865,234675,160847,-12558,134397,275633,-8388607,0,2662,2661,2666,754,2478,-10110976,1,1,14,1,287,0,0,0,1
443354141,1448259,1493793,679220,694075,237334,114561,172837,227175,1502681,1590877,613245,611345,554117,489861,523899,504634,134396,227856,234664,160913,-12702,134407,275585,-8388607,0,2664,2666,2662,760,2475,-10110976,1,1,14,1,287,0,0,0,1
443354142,1442828,1488432,679495,695496,237165,114808,172728,226895,1502322,1588524,615684,613835,553076,489233,524295,505392,134373,227896,234671,160885,-12428,134661,275495,-8388607,0,2661,2669,2658,754,2482,-10110976,1,1,14,1,287,0,0,0,1
443354143,1437483,1483155,680182,696787,237258,114723,173203,227168,1501174,1585650,617858,615740,552253,488816,524344,506051,134219,227879,234718,161042,-12149,135043,275589,-8388607,0,2667,2662,2666,754,2475,-10110976,1,1,14,1,287,0,0,0,1
443354144,1432086,1477598,680878,697898,237458,115205,174175,227675,1499136,1581722,619833,616761,552018,488590,524591,506518,134325,227986,234635,161047,-12494,134447,275620,-8388607,0,2662,2666,2662,756,2476,-10110976,1,1,14,1,287,0,0,0,1
443354145,1427365,1471548,681820,698577,238000,115566,175016,228452,1496031,1577464,620868,617437,551669,488078,525266,507043,134240,227874,234855,161099,-12687,133992,275604,-8388607,0,2661,2669,2659,754,2481,-10110976,1,1,14,1,287,0,0,0,1
443354146,1422886,1465703,682439,699326,238450,115885,175764,228908,1493108,1573811,621361,616642,551321,487341,525906,507567,134360,227931,234913,161092,-12237,134181,275463,-8388607,0,2659,2668,2666,753,2481,-10110976,1,1,14,1,287,0,0,0,1
443354147,1418491,1460807,682514,699422,238651,116216,175968,229052,1490826,1571578,621288,616245,550838,486757,526687,508262,134675,227884,235011,160899,-12435,134010,275583,-8388607,0,2665,2663,2666,755,2473,-10110976,1,1,14,1,287,0,0,0,1
443354148,1414274,1456136,681589,698736,238798,116333,175448,228399,1489060,1570339,620759,615410,550310,486169,527396,508592,134657,228095,234864,160771,-12834,133515,275537,-8388607,0,2664,2667,2661,758,2479,-10110976,1,1,14,1,287,0,0,0,1
443354149,1411154,1451698,681012,698393,238807,116603,175070,228109,1487353,1569768,620591,614816,549462,485414,527940,509432,134803,228332,234920,160943,-12477,133989,275566,-8388607,0,2663,2663,2666,749,2481,-10110976,1,1,14,1,287,0,0,0,1
443354150,1408553,1447631,681162,698394,238681,116429,175013,228085,1484824,1569537,620827,614917,548905,484839,528341,509800,134970,228391,234861,161020,-12027,134297,275486,-8388607,0,2665,2663,2665,756,2479,-10110976,1,1,14,1,287,0,0,0,1
443354151,1405998,1443246,681981,698577,238186,116062,174736,227829,1482639,1569318,621172,615112,547854,484267,529271,510295,135015,228335,234917,161150,-12015,134442,275519,-8388607,0,2659,2665,2664,760,2475,-10110976,1,1,14,1,287,0,0,0,1
443354152,1403818,1438789,683520,698868,237659,115436,174662,227752,1480957,1569590,621586,615319,547336,483808,530192,511307,134823,228365,234946,161233,-12442,133782,275500,-8388607,0,2661,2664,2664,754,2482,-10110976,1,1,14,1,287,0,0,0,1
443354153,1401898,1434865,685361,699497,236982,114830,174589,227553,1479748,1570566,621538,615352,546806,483279,530925,512016,134709,228133,234883,161131,-12803,133141,275544,-8388607,0,2663,2661,2664,754,2479,-10110976,1,1,14,1,287,0,0,0,1
443354154,1400426,1431896,686941,700453,236734,114316,174355,227272,1479692,1572485,621535,615469,546550,482933,531924,512743,134577,228127,235072,161231,-12502,133463,275638,-8388607,0,2665,2664,2662,758,2475,-10110976,1,1,14,1,287,0,0,0,1
443354155,1398988,1429977,688237,701040,236578,114205,173852,226890,1480281,1575090,621705,616176,546525,482931,533119,513596,134710,227943,234849,161122,-12286,133828,275521,-8388607,0,2661,2666,2662,754,2479,-10110976,1,1,14,1,287,0,0,0,1
443354156,1398164,1429072,688915,701769,236653,114212,173542,226481,1480200,1577065,621896,616670,546583,482779,534204,514396,134547,228082,234897,160939,-12109,133997,275431,-8388607,0,2661,2664,2665,751,2478,-10110976,1,1,14,1,287,0,0,0,1
443354157,1396787,1428553,689655,703035,237040,114656,173656,226525,1479220,1577824,622063,617393,546748,483033,535637,515838,134536,228048,234997,160982,-11940,134149,275497,-8388607,0,2663,2662,2662,755,2476,-10110976,1,1,14,1,287,0,0,0,1
443354158,1395288,1427853,690772,704238,237431,115199,174059,226834,1477466,1577801,622416,618128,547003,483076,537146,517165,134329,227954,234808,160777,-12044,134156,275426,-8388607,0,2662,2665,2659,753,2479,-10110976,1,1,14,1,287,0,0,0,1
443354159,1393369,1426785,692481,706264,237879,115763,174787,227483,1476205,1576825,622647,618824,547192,483156,538610,518395,134285,227901,234863,160839,-11871,134509,275573,-8388607,0,2672,2663,2664,753,2481,-10110976,1,1,14,1,287,0,0,0,1
443354160,1391167,1425039,694175,708145,238102,116127,175024,227885,1475252,1576186,622795,618962,547387,483451,539778,519892,134256,227723,234609,160994,-11826,134233,275481,-8388607,0,2668,2662,2664,753,2476,-10110976,1,1,14,1,287,0,0,0,1
443354161,1388292,1423049,695529,709470,238150,116257,175313,228041,1475091,1575792,623604,619528,547403,483458,541015,521293,134269,227894,234639,160907,-12287,133845,275407,-8388607,0,2661,2665,2658,755,2478,-10110976,1,1,14,1,287,0,0,0,1
443354162,1385318,1421280,696949,710512,238003,116230,175257,227938,1475794,1575391,624600,620867,546989,483220,541830,521907,134407,227773,234807,160839,-12475,133726,275412,-8388607,0,2659,2666,2661,756,2489,-10110976,1,1,14,1,287,0,0,0,1
443354163,1382681,1419359,697413,711649,237884,116228,175197,227598,1475812,1574873,626297,623003,546441,482740,542485,522382,134351,227904,234608,160800,-11871,134275,275431,-8388607,0,2659,2659,2660,756,2478,-10110976,1,1,14,1,287,0,0,0,1
443354164,1379265,1417619,697527,712808,237885,115891,175188,227583,1475299,1573314,628811,625641,545677,481828,543085,522570,134632,228040,234744,160984,-11529,134777,275385,-8388607,0,2666,2662,2664,759,2475,-10110976,1,1,14,1,287,0,0,0,1
443354165,1374964,1415239,697567,713776,237693,115987,175192,227447,1474412,1570607,631049,628257,544811,480515,543279,522578,134674,228157,234786,161062,-11767,134615,275503,-8388607,0,2661,2666,2663,754,2480,-10110976,1,1,14,1,287,0,0,0,1
443354166,1369727,1411895,697913,715236,237389,115653,175131,227286,1473252,1566925,633416,630473,543595,479021,543907,522621,134663,228205,234769,161231,-11638,134377,275473,-8388607,0,2661,2665,2666,752,2477,-10110976,1,1,14,1,287,0,0,0,1
443354167,1364224,1407346,698030,716320,237389,115381,175003,227303,1471836,1563740,635851,632194,542624,477369,544385,522409,134985,228334,235023,161175,-11708,134339,275500,-8388607,0,2663,2666,2662,758,2475,-10110976,1,1,14,1,287,0,0,0,1
443354168,1358168,1401909,698032,716822,237073,115103,174689,227020,1470679,1560487,637501,634176,541223,475665,544675,522171,134784,228107,234939,161119,-12178,133618,275314,-8388607,0,2661,2666,2658,754,2479,-10110976,1,1,14,1,287,0,0,0,1
443354169,1352223,1396576,698476,716817,237050,115026,174393,226806,1469291,1557099,639141,636691,540100,474364,544981,522107,134831,228295,235050,161172,-12261,133444,275553,-8388607,0,2664,2662,2666,749,2477,-10110976,1,1,14,1,287,0,0,0,1
443354170,1346978,1391258,698342,716485,236896,115103,174371,226791,1466760,1552963,640958,639134,539147,473292,545061,522183,134882,228314,235140,161218,-12424,133169,275474,-8388607,0,2667,2662,2664,755,2476,-10110976,1,1,14,1,287,0,0,0,1
443354171,1342484,1386618,698073,716747,237118,115210,174411,226974,1463055,1548201,642976,641592,538329,472387,545556,522602,134673,228206,235236,161184,-12424,133126,275440,-8388607,0,2662,2668,2659,755,2480,-10110976,1,1,14,1,287,0,0,0,1
443354172,1338868,1382872,698561,717395,237542,115473,174807,227497,1458910,1542628,644824,643573,537451,472088,545676,523169,134598,228229,235180,161358,-12077,133585,275467,-8388607,0,2659,2664,2664,753,2483,-10110976,1,1,14,1,287,0,0,0,1
443354173,1335042,1379227,699544,718385,237871,115536,175054,227684,1454346,1537514,646498,645396,536687,471909,546018,523991,134591,228133,235103,161250,-12132,133243,275384,-8388607,0,2665,2659,2666,756,2478,-10110976,1,1,14,1,287,0,0,0,1
443354174,1331859,1375532,701072,719752,238209,115961,175260,227850,1449964,1533453,648260,647531,536594,471817,546735,525260,134453,228127,235218,161113,-12301,133206,275449,-8388607,0,2663,2665,2664,758,2477,-10110976,1,1,14,1,287,0,0,0,1
443354175,1329155,1371737,702898,721215,238284,116130,175272,227761,1446960,1530006,650267,649805,535830,471656,547133,526175,134297,228035,234804,160964,-12197,133124,275372,-8388607,0,2661,2664,2664,754,2481,-10110976,1,1,14,1,287,0,0,0,1
443354176,1326707,1368307,704719,722370,238318,116066,175085,227543,1444137,1527378,653124,652701,535479,471494,547819,526980,134288,227858,234692,160751,-12058,133304,275402,-8388607,0,2661,2662,2666,753,2478,-10110976,1,1,14,1,287,0,0,0,1
443354177,1324381,1365159,706495,723101,238170,116075,174585,227399,1440859,1524870,656461,655426,535052,470960,548087,527555,134334,227995,234597,160766,-12189,133154,275414,-8388607,0,2661,2665,2662,758,2475,-10110976,1,1,14,1,287,0,0,0,1
443354178,1322630,1362434,707748,723814,237805,115818,174563,227042,1437113,1521864,659579,658111,533970,470168,548410,528144,134582,227916,234439,160628,-12127,133271,275423,-8388607,0,2658,2668,2663,753,2481,-10110976,1,1,14,1,287,0,0,0,1
443354179,1321013,1360135,709220,724968,237629,115567,174721,227194,1433482,1518808,662176,660832,533319,469492,548696,528958,134391,227879,234260,160888,-11661,133710,275326,-8388607,0,2664,2663,2663,751,2481,-10110976,1,1,14,1,287,0,0,0,1
443354180,1318946,1358102,710267,725896,237368,115509,174842,227521,1429650,1516575,664475,662851,532214,468655,548804,529260,134377,227807,234730,160781,-11780,133781,275367,-8388607,0,2668,2662,2663,755,2477,-10110976,1,1,14,1,287,0,0,0,1
443354181,1316462,1355404,711111,726545,237028,115192,174890,227543,1426396,1515001,666325,664521,531138,468104,549090,529793,134387,227962,234773,160844,-11899,133475,275362,-8388607,0,2661,2667,2662,753,2479,-10110976,1,1,14,1,287,0,0,0,1
443354182,1313680,1352423,711800,727446,237060,114972,174677,227471,1424676,1513686,668130,666179,530248,467488,549077,530280,134497,227864,234877,160992,-12067,133225,275245,-8388607,0,2661,2664,2659,750,2479,-10110976,1,1,14,1,287,0,0,0,1
443354183,1310894,1349433,712388,728052,237081,115118,174321,227260,1423639,1512527,670301,667648,529609,467318,549136,530589,134273,227613,235134,161226,-12238,133078,275439,-8388607,0,2664,2662,2664,756,2478,-10110976,1,1,14,1,287,0,0,0,1
443354184,1308201,1346598,713180,728723,237435,115188,174148,227096,1422424,1511570,672920,669019,528041,466098,549603,530766,134842,228146,235051,161144,-12126,133102,275434,-8388607,0,2663,2667,2663,758,2480,-10110976,1,1,14,1,287,0,0,0,1
443354185,1306134,1343965,714391,729433,237610,115114,174030,226901,1421441,1510401,675535,670845,527249,465206,549942,531112,134665,228118,234900,161221,-12017,133044,275439,-8388607,0,2666,2661,2664,752,2484,-10110976,1,1,14,1,287,0,0,0,1
443354186,1304516,1341506,715655,730420,237703,115221,174255,227390,1420433,1509645,677466,672970,526753,464918,551142,531846,134715,228218,235150,161204,-12112,133024,275283,-8388607,0,2664,2663,2666,754,2476,-10110976,1,1,14,1,287,0,0,0,1
443354187,1303007,1339326,717095,731577,238118,115524,174769,227937,1419798,1509406,679032,674590,526431,464312,552181,532713,134844,228390,235227,161278,-11979,133105,275346,-8388607,0,2661,2668,2664,760,2473,-10110976,1,1,14,1,287,0,0,0,1
443354188,1301204,1337160,718517,733150,238061,115497,174949,228265,1420080,1509895,680656,676548,526559,464121,553420,533326,134773,228156,234985,161168,-11891,133178,275345,-8388607,0,2660,2667,2661,752,2481,-10110976,1,1,14,1,287,0,0,0,1
443354189,1298971,1334682,719682,734349,238320,115680,174985,228383,1421808,1510722,682608,678805,526704,463998,554542,534603,134663,228045,234915,161150,-11731,133529,275380,-8388607,0,2664,2661,2666,752,2477,-10110976,1,1,14,1,287,0,0,0,1
443354190,1296427,1331844,720116,735417,238382,115726,174671,228414,1423724,1511581,684650,680586,526601,463962,555744,535318,134664,228012,234922,161044,-11954,133167,275351,-8388607,0,2668,2668,2663,759,2477,-10110976,1,1,14,1,287,0,0,0,1
443354191,1293869,1328830,720758,736389,238597,115785,174450,228090,1425066,1512147,686753,682369,526731,463888,556609,535890,134608,228063,235075,161061,-12063,133131,275427,-8388607,0,2664,2668,2661,754,2481,-10110976,1,1,14,1,287,0,0,0,1
443354192,1291581,1325982,721778,737571,238498,115625,174233,227830,1425922,1512043,687385,683827,526568,463504,557237,536441,134569,227957,234749,160937,-11640,133168,275394,-8388607,0,2664,2663,2663,747,2477,-10110976,1,1,14,1,287,0,0,0,1
443354193,1289153,1323097,722665,738762,238414,115717,174282,228001,1426388,1511809,687842,684971,526225,463079,558090,537163,134614,228148,234850,161163,-11987,132837,275425,-8388607,0,2668,2666,2664,757,2476,-10110976,1,1,14,1,287,0,0,0,1
443354194,1286985,1320674,723898,740267,238330,115519,174475,228066,1426610,1511746,687600,685179,525782,462263,558913,537911,134563,227978,234672,161151,-12328,132587,275261,-8388607,0,2661,2664,2659,757,2479,-10110976,1,1,14,1,287,0,0,0,1
443354195,1285068,1318532,724920,741818,238092,115124,174599,228344,1427018,1511399,687216,685372,525205,461377,559956,538433,134393,227945,234547,160950,-12079,132579,275270,-8388607,0,2663,2662,2664,754,2484,-10110976,1,1,14,1,287,0,0,0,1
443354196,1283362,1316416,725855,743457,238063,115057,174449,228352,1427843,1511412,687345,685966,524472,460579,560486,539065,134523,228009,234627,161088,-11701,132894,275357,-8388607,0,2665,2659,2666,755,2478,-10110976,1,1,14,1,287,0,0,0,1
443354197,1281725,1314260,727107,744931,237700,115027,174098,228407,1428687,1512012,687828,686931,523548,459862,561223,539260,134517,227787,234744,160875,-11889,132878,275374,-8388607,0,2663,2664,2660,757,2478,-10110976,1,1,14,1,287,0,0,0,1
443354198,1280070,1311783,728901,746701,237726,114905,173868,228187,1428708,1512343,688472,687947,522893,458888,561440,539640,134456,227959,234783,160783,-11708,133100,275314,-8388607,0,2658,2665,2664,753,2481,-10110976,1,1,14,1,287,0,0,0,1
443354199,1278463,1309018,731310,748483,237770,114922,173586,228109,1428818,1511877,689020,688802,522388,458377,561881,539852,134581,228066,234749,161008,-11656,133075,275283,-8388607,0,2661,2664,2666,755,2478,-10110976,1,1,14,1,287,0,0,0,1
443354200,1276940,1306179,734096,750223,237976,115266,173790,228286,1428387,1511419,689634,690112,522025,457955,562500,540580,134682,228151,234925,161154,-11727,132935,275373,-8388607,0,2661,2666,2663,757,2475,-10110976,1,1,14,1,287,0,0,0,1
443354201,1275175,1303041,736549,751696,238350,115252,173978,228472,1428268,1511375,690503,690719,521246,457444,563323,541583,134525,228231,234952,161202,-11389,133117,275376,-8388607,0,2664,2667,2658,754,2481,-10110976,1,1,14,1,287,0,0,0,1
443354202,1272929,1300043,738533,752677,238466,115102,174179,228578,1427997,1511247,691519,691681,520875,457511,564654,542856,134543,228093,235004,161137,-11456,133167,275283,-8388607,0,2661,2663,2666,751,2480,-10110976,1,1,14,1,287,0,0,0,1
443354203,1269910,1296974,739403,752905,238610,115338,174373,228860,1428167,1511238,692835,692785,520683,457344,565658,544254,134630,227860,234826,161141,-11910,132902,275239,-8388607,0,2668,2664,2662,755,2475,-10110976,1,1,14,1,287,0,0,0,1
443354204,1266544,1294027,740094,753283,238767,115394,174306,228781,1428490,1511244,694677,693988,520557,457537,566760,545706,134530,228090,234837,161066,-11634,133169,275394,-8388607,0,2662,2668,2659,755,2484,-10110976,1,1,14,1,287,0,0,0,1
443354205,1263017,1290831,741139,754062,238778,115481,173945,228677,1427724,1510761,696575,695543,520297,457624,567558,546824,134492,228005,234811,161081,-11418,133330,275264,-8388607,0,2663,2663,2661,752,2481,-10110976,1,1,14,1,287,0,0,0,1
443354206,1259247,1287781,742172,755011,238969,115424,173821,228812,1426612,1509392,698427,696715,520049,457722,568309,547785,134534,227986,234883,161007,-11903,132479,275213,-8388607,0,2663,2661,2664,757,2476,-10110976,1,1,14,1,287,0,0,0,1
443354207,1256077,1285488,743938,755960,238952,115576,173967,228906,1425327,1507819,699769,697529,519620,457634,569202,548459,134673,228015,234999,161181,-12481,131887,275218,-8388607,0,2664,2665,2661,755,2477,-10110976,1,1,14,1,287,0,0,0,1
443354208,1254132,1283655,746059,757242,238695,115580,174020,229062,1423678,1506392,701189,698691,519103,457119,569691,548935,134740,228149,234874,161199,-12419,131895,275260,-8388607,0,2661,2664,2664,754,2482,-10110976,1,1,14,1,287,0,0,0,1
443354209,1253167,1282506,748056,759036,238895,115522,174110,229012,1422591,1505042,703174,700368,518707,456301,570523,549331,134710,228159,234902,161223,-12044,132327,275444,-8388607,0,2666,2665,2663,751,2476,-10110976,1,1,14,1,287,0,0,0,1
443354210,1252391,1281779,749685,760609,238886,115221,174008,229115,1422075,1504285,705876,702438,517474,455013,570783,549223,134661,228006,235002,161018,-11962,132723,275120,-8388607,0,2661,2664,2660,759,2479,-10110976,1,1,14,1,287,0,0,0,1
443354211,1251832,1281560,751604,762420,238822,115068,173509,228950,1421785,1503075,708972,705332,516217,453536,570855,549283,134694,228143,234821,160913,-11841,132772,275237,-8388607,0,2661,2672,2666,754,2481,-10110976,1,1,14,1,287,0,0,0,1
443354212,1251241,1281273,753273,764550,238399,114864,173274,228575,1420921,1502228,712508,708229,515043,452029,571176,548834,134652,228105,234795,160847,-12045,132872,275177,-8388607,0,2665,2668,2670,752,2477,-10110976,1,1,14,1,287,0,0,0,1
443354213,1251158,1280576,755162,766912,238464,114848,172969,228576,1420066,1500696,716447,711447,513856,450699,571459,548852,134864,228124,234855,160998,-11736,133099,275270,-8388607,0,2665,2665,2668,755,2475,-10110976,1,1,14,1,287,0,0,0,1
443354214,1251110,1279870,757274,769072,238186,114788,173188,228966,1418805,1499058,719863,714340,512695,449634,571606,549125,134719,228089,235024,161217,-11673,133127,275400,-8388607,0,2662,2668,2664,755,2481,-10110976,1,1,14,1,287,0,0,0,1
443354215,1250978,1278904,758740,770654,238136,114838,173266,229058,1417719,1497752,722943,717306,511718,448758,572083,549743,134589,228059,234920,161242,-11848,132770,275270,-8388607,0,2660,2663,2666,751,2480,-10110976,1,1,14,1,287,0,0,0,1
443354216,1250890,1277581,759870,771765,238315,114789,173333,229323,1416978,1497000,726261,720676,511302,448561,572630,550666,134556,227935,234781,161037,-11977,132676,275203,-8388607,0,2668,2659,2662,756,2475,-10110976,1,1,14,1,287,0,0,0,1
443354217,1250713,1275779,760980,772542,238557,114965,173496,229446,1416360,1496473,729971,724035,510862,448551,573500,551672,134493,227863,234769,160957,-11520,133008,275357,-8388607,0,2663,2664,2659,757,2478,-10110976,1,1,14,1,287,0,0,0,1
443354218,1250358,1273826,761964,773383,238533,115088,173495,229440,1416157,1495317,733607,727741,510770,448765,574001,552563,134525,227983,234670,160787,-11294,133311,275258,-8388607,0,2662,2661,2664,751,2484,-10110976,1,1,14,1,287,0,0,0,1
443354219,1249327,1271593,763097,774366,238838,115069,173439,229280,1414857,1493398,737271,731041,510529,448875,574692,553840,134484,227970,234623,161011,-11783,132882,275260,-8388607,0,2662,2661,2666,755,2478,-10110976,1,1,14,1,287,0,0,0,1
443354220,1248185,1269344,764720,775812,239036,115119,173194,229145,1413352,1491116,740028,734122,510116,448800,575434,554393,134401,227926,234822,160999,-11923,132497,275106,-8388607,0,2658,2663,2664,760,2478,-10110976,1,1,14,1,287,0,0,0,1
443354221,1247297,1267616,767059,778093,238999,115392,173235,229439,1411489,1488978,743000,737211,509968,448438,576261,555070,134521,227996,235033,160971,-11634,132524,275267,-8388607,0,2661,2667,2664,753,2482,-10110976,1,1,14,1,287,0,0,0,1
443354222,1246022,1266202,769022,780112,239079,115356,173522,229554,1410026,1486666,745066,740199,509277,447570,577074,555485,134582,227996,235010,161232,-11733,132386,275168,-8388607,0,2665,2662,2668,753,2478,-10110976,1,1,14,1,287,0,0,0,1
443354223,1244780,1265100,770906,781643,239031,115368,173686,229767,1408507,1485235,747670,743296,508600,446584,577795,555519,134663,228051,234925,161138,-11907,132011,275253,-8388607,0,2661,2665,2663,759,2475,-10110976,1,1,14,1,287,0,0,0,1
443354224,1243768,1264360,772426,783148,239041,115363,173653,229687,1407442,1483570,750268,746273,507808,445409,578446,555715,134692,228026,234747,160818,-11881,132271,275185,-8388607,0,2659,2667,2660,754,2480,-10110976,1,1,14,1,287,0,0,0,1
443354225,1242814,1263990,773651,784633,239335,115123,173346,229768,1406419,1481345,752784,749334,506771,444012,578410,555633,134693,228154,234691,160887,-11701,132705,275270,-8388607,0,2664,2663,2666,752,2480,-10110976,1,1,14,1,287,0,0,0,1
443354226,1241817,1263729,775373,785928,239147,115077,172895,229603,1404866,1478945,755246,751866,505650,442681,578529,555318,134712,228162,234583,160831,-11605,132638,275159,-8388607,0,2668,2666,2661,756,2476,-10110976,1,1,14,1,287,0,0,0,1
443354227,1240696,1263763,777487,788036,238882,115139,172774,229307,1403117,1476400,757025,754119,504677,441540,578523,555055,134669,228093,234757,160856,-11737,132641,275163,-8388607,0,2663,2668,2659,755,2477,-10110976,1,1,14,1,287,0,0,0,1
443354228,1239888,1263781,779529,790553,238786,115040,172590,229170,1401197,1473661,758485,755856,503722,440386,578899,555324,134491,227943,234967,160920,-11809,132120,275118,-8388607,0,2663,2662,2666,752,2484,-10110976,1,1,14,1,287,0,0,0,1
443354229,1239166,1264074,781947,793013,238721,114748,172797,229544,1400037,1471049,759904,757411,502659,439544,579300,555735,134511,227717,234999,160967,-12088,131807,275159,-8388607,0,2664,2663,2666,757,2477,-10110976,1,1,14,1,287,0,0,0,1
443354230,1238785,1264558,784283,795304,238766,114724,172942,229584,1399566,1468865,761575,758735,501984,439085,580034,556411,134289,227757,234789,160928,-11915,132010,275129,-8388607,0,2660,2667,2664,756,2477,-10110976,1,1,14,1,287,0,0,0,1
443354231,1239082,1264946,786556,797534,238644,114678,172891,229716,1399726,1467257,763657,760078,501738,438946,581190,557515,134204,227858,234647,160917,-11586,132629,275152,-8388607,0,2657,2662,2664,753,2482,-10110976,1,1,14,1,287,0,0,0,1
443354232,1239406,1265415,788631,799400,238587,114783,172878,229608,1399887,1465478,765269,761196,501798,438703,581972,558358,134299,227890,234681,160853,-11615,132684,274968,-8388607,0,2663,2659,2664,756,2478,-10110976,1,1,14,1,287,0,0,0,1
443354233,1239547,1265815,790710,801449,238735,114761,172679,229377,1399454,1463531,766446,762072,501965,438569,582557,558931,134140,227946,234529,161059,-11938,132657,275043,-8388607,0,2665,2666,2662,760,2478,-10110976,1,1,14,1,287,0,0,0,1
443354234,1239952,1266123,793110,803993,239005,114912,172619,229373,1398898,1461917,767558,762546,501937,438351,583416,559399,134527,228154,234842,161247,-11694,132867,275157,-8388607,0,2662,2668,2664,754,2481,-10110976,1,1,14,1,287,0,0,0,1
443354235,1240524,1265911,795231,806136,239074,114998,172764,229396,1398372,1460774,768666,763167,501641,437963,584341,559690,134431,228106,235050,161282,-11542,132778,275114,-8388607,0,2661,2661,2666,754,2477,-10110976,1,1,14,1,287,0,0,0,1
443354236,1240736,1265253,797226,807689,239123,115167,172915,229581,1398051,1459961,769881,763299,501510,437238,585318,560121,134658,228075,235032,161203,-11938,132321,275104,-8388607,0,2662,2665,2664,755,2473,-10110976,1,1,14,1,287,0,0,0,1
443354237,1241473,1264651,798856,808646,239002,115313,173003,229832,1398086,1459871,771157,763427,500879,436334,586087,560649,134831,228103,235204,161224,-12204,132128,275228,-8388607,0,2658,2668,2662,752,2481,-10110976,1,1,14,1,287,0,0,0,1
443354238,1242390,1263933,800266,809527,239205,115462,173327,230058,1398069,1460731,772238,763910,499794,434962,586758,561075,134891,228282,235083,160996,-11727,132447,275145,-8388607,0,2665,2663,2665,750,2477,-10110976,1,1,14,1,287,0,0,0,1
443354239,1243799,1263391,801794,810998,239275,115442,173294,230162,1397602,1461777,773147,765098,498777,434337,587398,561625,134968,228486,235003,161241,-11754,132673,275155,-8388607,0,2668,2666,2662,755,2475,-10110976,1,1,14,1,287,0,0,0,1
443354240,1244836,1263195,803554,812844,239144,115171,173104,229972,1396471,1462869,773496,765789,497650,433627,587698,562342,135022,228394,234902,161141,-11875,132442,275075,-8388607,0,2661,2667,2659,756,2480,-10110976,1,1,14,1,287,0,0,0,1
443354241,1246196,1263407,806066,815164,239144,115107,172805,229608,1395101,1463589,773751,766028,496438,432960,588081,562820,134934,228459,234929,161238,-11929,132240,275153,-8388607,0,2661,2666,2661,754,2488,-10110976,1,1,14,1,287,0,0,0,1
443354242,1247866,1263972,808989,818096,239177,115033,172553,229269,1393804,1463864,774227,766368,496064,432579,588771,563720,134738,228188,235019,161074,-12177,131817,274963,-8388607,0,2667,2661,2664,756,2476,-10110976,1,1,14,1,287,0,0,0,1
443354243,1249894,1265173,812084,821557,238796,114750,172667,229410,1393160,1464089,775110,766703,495900,432343,589678,564713,134475,227931,234882,161326,-11720,132302,275005,-8388607,0,2663,2672,2661,760,2477,-10110976,1,1,14,1,287,0,0,0,1
443354244,1251603,1266794,815322,824819,238768,114805,172832,229608,1392850,1464983,776424,767693,496123,432754,590857,566183,134476,227843,234844,161268,-11563,132519,275023,-8388607,0,2659,2665,2664,754,2482,-10110976,1,1,14,1,287,0,0,0,1
443354245,1252821,1268436,818394,827981,238747,114611,172601,229582,1392708,1465946,777268,768796,496323,433088,592119,567723,134388,227714,234881,160834,-11496,132544,275049,-8388607,0,2661,2666,2668,754,2477,-10110976,1,1,14,1,287,0,0,0,1
443354246,1253575,1269793,821033,831456,238388,114541,172555,229650,1391877,1466132,778267,770204,496590,433528,593721,569417,134250,227678,234679,160944,-11212,132957,275180,-8388607,0,2663,2664,2662,757,2478,-10110976,1,1,14,1,287,0,0,0,1
443354247,1254020,1271104,823906,834657,238359,114585,172569,229492,1390392,1465902,778989,771811,496794,433999,595000,571196,134255,227729,234636,160841,-11112,133143,275071,-8388607,0,2661,2669,2664,753,2477,-10110976,1,1,14,1,287,0,0,0,1
443354248,1253414,1271663,826425,837558,238507,114596,172493,229306,1388564,1464109,779727,772975,496722,434408,596093,572879,134319,227814,234691,161031,-11263,132852,275070,-8388607,0,2669,2663,2666,751,2477,-10110976,1,1,14,1,287,0,0,0,1
443354249,1252249,1271409,828549,839598,238826,114795,172730,229517,1386385,1461615,780627,774283,496132,434536,596861,574255,134563,227989,234794,161111,-11577,132317,275047,-8388607,0,2668,2663,2661,755,2477,-10110976,1,1,14,1,287,0,0,0,1
443354250,1251508,1271169,830114,841247,238979,114923,172779,229610,1384313,1458387,781953,775440,495601,434559,597873,575160,134661,228032,235001,161185,-11802,132277,274940,-8388607,0,2661,2666,2658,755,2479,-10110976,1,1,14,1,287,0,0,0,1
443354251,1250438,1270575,832046,842676,239237,115540,173285,229688,1383010,1455226,783947,777131,494933,433998,598758,575753,134759,228343,235122,161178,-11458,132638,275013,-8388607,0,2660,2663,2666,751,2481,-10110976,1,1,14,1,287,0,0,0,1
443354252,1249155,1269826,833704,843920,239281,115517,173389,230034,1381675,1451751,786099,778802,494161,433136,599098,576109,134958,228290,234943,161180,-11604,132526,275002,-8388607,0,2663,2659,2662,756,2478,-10110976,1,1,14,1,287,0,0,0,1
443354253,1247979,1269185,835486,845739,239252,115649,173502,230093,1380117,1447368,788231,780407,493238,431757,599340,575726,134951,228178,234941,161152,-11821,131976,274924,-8388607,0,2663,2665,2662,759,2477,-10110976,1,1,14,1,287,0,0,0,1
443354254,1247179,1268822,838014,848249,239218,115595,173490,229735,1377830,1442498,790273,782050,491885,430048,599454,574971,134829,228190,234942,161116,-11907,132070,275071,-8388607,0,2663,2664,2664,753,2484,-10110976,1,1,14,1,287,0,0,0,1
443354255,1246719,1268539,840529,851213,239259,115592,173363,229729,1374952,1437487,792374,784131,490825,428423,599905,574639,134914,228392,235120,161098,-11745,132201,274987,-8388607,0,2666,2663,2663,754,2472,-10110976,1,1,14,1,287,0,0,0,1
443354256,1246428,1268909,843139,854227,239218,115588,173171,229595,1372047,1432118,794983,786615,489371,426525,599895,574359,134591,228181,235033,161067,-11966,132160,274979,-8388607,0,2658,2661,2663,755,2471,-10110976,1,1,14,1,287,0,0,0,1
443354257,1246933,1268961,845762,856589,238976,115189,173170,229687,1369295,1427003,797413,788825,488376,425211,600112,573835,134671,228065,234801,161109,-11779,132251,274914,-8388607,0,2655,2664,2664,754,2480,-10110976,1,1,14,1,287,0,0,0,1
443354258,1247442,1268607,848338,858608,238724,114977,173023,229444,1366550,1422325,800122,791488,487438,423876,600500,573781,134613,227957,234782,161089,-11499,132673,275030,-8388607,0,2663,2661,2666,750,2478,-10110976,1,1,14,1,287,0,0,0,1
443354259,1247752,1268046,850774,860550,238594,114851,173092,229512,1363936,1417904,802699,793984,486737,423293,601084,574360,134466,227814,234788,160821,-11263,132988,275005,-8388607,0,2666,2665,2662,759,2475,-10110976,1,1,14,1,287,0,0,0,1
443354260,1247504,1267137,853178,862490,238647,114580,172904,229170,1361129,1414003,804991,796169,486013,422603,601651,574495,134400,227620,234711,160900,-11120,133130,275047,-8388607,0,2661,2668,2664,754,2479,-10110976,1,1,14,1,287,0,0,0,1
443354261,1246621,1266086,855341,864605,238323,114756,172910,228999,1357283,1409441,806625,797913,485933,422152,602096,574844,134313,227694,234770,160977,-11419,132779,274997,-8388607,0,2661,2663,2666,749,2479,-10110976,1,1,14,1,287,0,0,0,1
443354262,1245154,1264460,856998,866905,238447,114545,173010,228979,1352945,1405159,807715,799626,485895,421993,602768,575512,134410,227849,234899,161041,-11754,132219,274946,-8388607,0,2664,2666,2663,755,2475,-10110976,1,1,14,1,287,0,0,0,1
443354263,1243931,1263062,858718,869276,238630,114628,172960,229114,1348301,1401110,809041,801285,485761,421481,603099,575835,134457,227911,234865,161121,-11842,132314,274910,-8388607,0,2661,2667,2662,758,2479,-10110976,1,1,14,1,287,0,0,0,1
443354264,1243017,1262147,860356,871211,238992,114998,173308,229324,1343920,1397479,810746,803405,485742,421018,603687,576215,134682,228139,234895,161071,-11618,132388,274972,-8388607,0,2663,2666,2665,751,2484,-10110976,1,1,14,1,287,0,0,0,1
443354265,1242201,1261157,861700,872707,239069,115546,173687,229547,1339766,1394610,812432,805146,485042,420288,604232,576428,134737,228262,234900,161127,-11805,132335,274949,-8388607,0,2668,2661,2666,760,2476,-10110976,1,1,14,1,287,0,0,0,1
443354266,1241735,1260282,863422,874085,239203,115729,173967,229735,1336080,1392207,814327,807208,484275,419793,604659,576895,134852,228217,234859,160913,-11662,132341,274804,-8388607,0,2661,2666,2661,757,2479,-10110976,1,1,14,1,287,0,0,0,1
443354267,1241750,1259356,865232,876085,239447,115917,173849,229650,1332706,1390126,815846,809169,483310,418894,605191,577508,134847,228152,234835,160925,-11617,132683,274972,-8388607,0,2657,2667,2664,753,2481,-10110976,1,1,14,1,287,0,0,0,1
443354268,1241143,1258687,867188,878201,239275,115859,173844,229307,1329117,1388374,817053,810772,482247,417700,605493,577854,134791,228092,234872,160797,-11308,132903,274829,-8388607,0,2663,2665,2668,753,2478,-10110976,1,1,14,1,287,0,0,0,1
443354269,1240076,1258021,869037,880660,239260,115831,173798,229302,1325635,1386772,818373,812442,481042,417059,605702,578014,134722,228189,234966,160979,-11309,132845,274714,-8388607,0,2664,2663,2664,759,2477,-10110976,1,1,14,1,287,0,0,0,1
443354270,1238271,1257314,870500,883549,238948,115681,173750,229087,1322266,1384521,820081,813811,479965,416122,606030,578252,134704,228036,234836,161125,-11556,132499,274732,-8388607,0,2664,2669,2663,751,2481,-10110976,1,1,14,1,287,0,0,0,1
443354271,1236155,1256410,871293,885869,238659,115167,173510,228799,1319475,1382262,821676,814759,478752,415310,605852,578208,134522,227953,234911,160851,-11486,132386,274790,-8388607,0,2663,2662,2664,752,2478,-10110976,1,1,14,1,287,0,0,0,1
443354272,1233996,1255367,872406,887803,238149,114862,173371,228926,1317361,1380297,823391,815654,478070,414523,606146,578481,134425,227869,234827,160819,-11443,132480,274754,-8388607,0,2660,2668,2662,757,2477,-10110976,1,1,14,1,287,0,0,0,1
443354273,1231892,1253806,873334,889085,237963,114529,173347,228712,1315860,1378321,825061,816542,477515,414110,606606,579013,134292,227959,234539,160890,-11496,132450,274776,-8388607,0,2659,2668,2664,755,2477,-10110976,1,1,14,1,287,0,0,0,1
443354274,1230361,1252072,874580,889954,237858,114570,173050,228622,1314034,1376761,825890,816858,476655,413741,607243,579686,134255,227782,234585,160834,-11476,132402,274730,-8388607,0,2663,2662,2663,753,2479,-10110976,1,1,14,1,287,0,0,0,1
443354275,1228620,1249821,876373,891021,237626,114517,173003,228335,1312501,1374891,826404,817295,476588,413242,608197,580355,134335,227893,234738,161077,-11494,132321,274782,-8388607,0,2668,2662,2663,755,2477,-10110976,1,1,14,1,287,0,0,0,1
443354276,1226967,1247725,878461,892257,237770,114641,173060,228199,1310475,1372671,826531,817411,476395,412713,609080,580988,134193,227703,234801,161002,-11442,132196,274718,-8388607,0,2667,2667,2662,756,2477,-10110976,1,1,14,1,287,0,0,0,1
443354277,1225064,1245713,880556,893917,238150,114978,173424,228363,1308882,1370175,827201,817702,476367,412667,610037,581960,134457,227798,234927,161164,-11584,132196,274741,-8388607,0,2659,2665,2661,754,2484,-10110976,1,1,14,1,287,0,0,0,1
443354278,1222822,1244263,882330,895554,238476,115048,173736,228701,1307617,1367908,828038,817945,476219,412359,610915,582600,134508,227977,234833,161212,-11788,131655,274762,-8388607,0,2663,2661,2666,754,2477,-10110976,1,1,14,1,287,0,0,0,1
443354279,1220713,1243531,883787,897592,238751,115349,174283,228732,1307174,1365976,828490,818483,475911,412184,611523,583114,134547,228117,234822,161041,-11898,131660,274736,-8388607,0,2661,2664,2660,758,2474,-10110976,1,1,14,1,287,0,0,0,1
443354280,1219034,1243156,885078,899595,238972,115687,174525,229079,1306893,1364234,829095,818771,475454,411862,612216,583758,134879,228120,234968,160966,-11719,132067,274735,-8388607,0,2661,2667,2665,753,2481,-10110976,1,1,14,1,287,0,0,0,1
443354281,1217890,1242790,886200,901147,239023,115899,174551,229004,1306567,1362488,829392,818711,475185,411511,612843,584274,134784,228318,234844,161030,-11603,132351,274695,-8388607,0,2661,2664,2664,751,2478,-10110976,1,1,14,1,287,0,0,0,1
443354282,1216836,1242110,887750,902745,239025,115976,174440,228962,1305862,1360598,828923,818308,474744,410740,613740,584857,134800,228224,234779,160878,-11414,132341,274685,-8388607,0,2663,2666,2663,758,2474,-10110976,1,1,14,1,287,0,0,0,1
443354283,1215868,1240917,889482,904102,238857,115912,174210,228666,1304760,1358270,828065,817374,473877,409946,614436,585419,134898,228147,234968,161096,-11434,132215,274643,-8388607,0,2660,2670,2658,755,2479,-10110976,1,1,14,1,287,0,0,0,1
443354284,1214815,1239442,891136,905584,238626,115497,173952,228399,1302809,1355562,827012,816847,473305,409485,615195,586184,134780,228216,235114,161357,-11597,132218,274742,-8388607,0,2668,2666,2663,752,2483,-10110976,1,1,14,1,287,0,0,0,1
443354285,1213642,1237869,892696,906801,238038,115201,173783,227951,1300292,1353304,826207,816874,472447,408780,615752,586874,134663,227979,234972,161229,-11729,131915,274558,-8388607,0,2668,2663,2663,755,2478,-10110976,1,1,14,1,287,0,0,0,1
443354286,1212535,1236348,894176,908155,237539,115001,173784,228097,1297810,1350947,825282,817161,471865,408194,616583,587456,134419,228090,235010,161234,-11790,131949,274730,-8388607,0,2664,2668,2661,753,2479,-10110976,1,1,14,1,287,0,0,0,1
443354287,1211502,1235092,895273,909364,237263,114594,173699,227742,1294989,1348402,824864,817231,471158,407830,617209,587997,134509,228130,234801,161184,-11729,131860,274753,-8388607,0,2663,2667,2661,749,2484,-10110976,1,1,14,1,287,0,0,0,1
443354288,1210698,1234179,896696,911014,237138,114265,173751,227704,1292567,1345889,824444,817273,470858,407240,617980,588956,134394,227968,234692,161002,-11674,131895,274575,-8388607,0,2658,2663,2664,756,2477,-10110976,1,1,14,1,287,0,0,0,1
443354289,1210042,1233430,898496,912913,237187,114284,173824,227592,1289757,1343702,823933,817487,470534,407099,618913,589951,134471,228043,234536,161054,-11451,132317,274767,-8388607,0,2660,2665,2664,760,2477,-10110976,1,1,14,1,287,0,0,0,1
443354290,1208867,1232304,899974,914698,237189,114530,173672,227540,1286898,1341063,824021,817785,470212,406860,619635,591104,134667,227987,234764,160931,-11192,132356,274693,-8388607,0,2663,2667,2665,754,2483,-10110976,1,1,14,1,287,0,0,0,1
443354291,1207143,1231049,901493,916769,237499,114792,173949,227750,1284149,1338578,824770,818164,469955,406717,620668,592195,134492,227987,234884,161013,-11327,132427,274681,-8388607,0,2665,2662,2666,753,2478,-10110976,1,1,14,1,287,0,0,0,1
443354292,1204585,1229164,902659,918595,237942,115188,174081,227893,1281270,1336756,825948,819779,469587,406724,621487,593225,134401,227975,234999,161034,-11234,132440,274671,-8388607,0,2666,2666,2662,760,2475,-10110976,1,1,14,1,287,0,0,0,1
443354293,1201499,1227046,903368,920390,238508,115839,174563,228259,1278583,1334839,827574,821753,469417,406336,622119,594421,134538,227951,235032,161061,-11194,132356,274623,-8388607,0,2660,2669,2661,752,2480,-10110976,1,1,14,1,287,0,0,0,1
443354294,1197792,1224679,903591,921793,238779,116190,174917,228523,1276685,1333047,829847,823711,469042,406280,623003,595319,134711,228018,234946,161109,-11480,132168,274571,-8388607,0,2661,2665,2666,751,2477,-10110976,1,1,14,1,287,0,0,0,1
443354295,1194294,1222166,903917,922915,238770,116274,175058,228872,1274511,1331149,832229,825269,468546,405639,623540,596119,134792,228090,234902,161113,-11703,131810,274675,-8388607,0,2665,2662,2662,755,2475,-10110976,1,1,14,1,287,0,0,0,1
443354296,1190891,1219689,904537,924016,238726,116291,175016,228664,1272217,1328607,834360,826749,467828,405139,623874,596553,134483,228066,234800,160993,-11760,131626,274492,-8388607,0,2665,2668,2662,755,2480,-10110976,1,1,14,1,287,0,0,0,1
443354297,1188158,1217120,905589,925095,238482,116057,174896,228391,1269872,1326596,836465,828198,467087,404476,624608,596980,134523,228196,234957,161156,-11775,131555,274558,-8388607,0,2664,2663,2661,748,2484,-10110976,1,1,14,1,287,0,0,0,1
443354298,1186059,1214954,907027,926017,238416,116001,174735,228260,1267621,1323988,838856,830484,466197,403596,624965,597267,134676,228176,234963,161299,-11888,131462,274717,-8388607,0,2664,2662,2664,756,2478,-10110976,1,1,14,1,287,0,0,0,1
443354299,1184400,1213190,908962,927239,237980,115503,174460,227786,1264963,1321750,841461,832750,464931,402237,625027,596737,134625,227918,234809,161028,-11653,131535,274513,-8388607,0,2660,2666,2658,756,2480,-10110976,1,1,14,1,287,0,0,0,1
443354300,1182940,1211626,910834,928805,237643,115230,174313,227466,1262729,1319079,844388,835024,463736,400890,625210,596090,134678,228046,234876,161019,-11540,131727,274593,-8388607,0,2660,2664,2664,754,2482,-10110976,1,1,14,1,287,0,0,0,1
443354301,1181389,1210289,912777,930687,237239,114859,174088,227158,1260363,1316577,847358,837802,462766,399469,625467,595539,134685,227740,234910,160951,-11515,131858,274489,-8388607,0,2663,2663,2664,756,2478,-10110976,1,1,14,1,287,0,0,0,1
443354302,1179795,1209208,915137,932836,237146,114905,173967,227062,1258755,1314249,850259,840592,461479,398222,625883,595539,134499,227716,234798,160888,-11298,132322,274475,-8388607,0,2663,2665,2668,760,2475,-10110976,1,1,14,1,287,0,0,0,1
443354303,1178026,1207594,916903,934805,237130,114841,173952,226961,1255860,1311829,852416,843122,460679,396878,626285,595438,134485,227834,234887,160956,-11293,132151,274484,-8388607,0,2659,2661,2668,753,2481,-10110976,1,1,14,1,287,0,0,0,1
443354304,1176021,1205445,918228,936334,237169,114969,174105,227209,1253120,1309562,854394,845474,459842,395618,626693,595585,134493,227920,234974,161163,-11165,132331,274595,-8388607,0,2661,2664,2662,755,2477,-10110976,1,1,14,1,287,0,0,0,1
443354305,1173721,1202717,919788,936676,237372,115075,174203,227313,1250205,1306853,856198,847561,459038,395107,626731,595923,134303,228024,234751,161196,-11059,132688,274574,-8388607,0,2668,2666,2661,755,2475,-10110976,1,1,14,1,287,0,0,0,1
443354306,1171413,1199235,920945,936360,237751,115560,174526,227590,1247689,1304062,858358,849992,458333,394722,627120,596214,134460,228175,234626,161017,-11013,132426,274553,-8388607,0,2662,2668,2659,755,2477,-10110976,1,1,14,1,287,0,0,0,1
443354307,1168775,1194673,922026,935832,238091,115728,174812,227805,1245133,1301279,860228,852125,457710,394163,626976,596515,134471,227956,234777,161183,-11490,132083,274455,-8388607,0,2663,2662,2666,751,2481,-10110976,1,1,14,1,287,0,0,0,1
443354308,1166097,1190280,923428,935301,238314,115865,175055,228043,1242292,1298572,861836,854458,457187,393712,627085,596779,134433,228057,234920,161062,-11624,131763,274431,-8388607,0,2663,2662,2662,755,2477,-10110976,1,1,14,1,287,0,0,0,1
443354309,1163375,1186640,924726,935453,238612,116317,175044,228026,1239987,1296089,863160,856605,456803,393221,627474,597158,134497,228120,234704,161074,-11842,131339,274401,-8388607,0,2660,2664,2664,756,2477,-10110976,1,1,14,1,287,0,0,0,1
443354310,1160567,1183688,925845,935936,238681,116385,175150,227997,1237777,1293660,864256,858745,456401,392789,628117,597649,134633,228077,235029,161185,-11956,131198,274505,-8388607,0,2659,2663,2666,754,2484,-10110976,1,1,14,1,287,0,0,0,1
443354311,1158109,1181129,926695,937020,238284,116134,174880,227905,1235353,1291060,865750,860641,455796,392191,628738,597800,134872,228042,235019,161049,-11833,131142,274473,-8388607,0,2665,2662,2664,756,2474,-10110976,1,1,14,1,287,0,0,0,1
443354312,1156037,1179619,927554,938337,238173,115753,174894,227863,1233458,1288444,867452,862798,455235,391106,629495,598055,134898,228063,235177,161021,-11510,131391,274512,-8388607,0,2663,2664,2659,759,2479,-10110976,1,1,14,1,287,0,0,0,1
443354313,1153841,1178303,928656,939892,237689,115457,174662,227594,1231742,1285849,869203,864985,454744,390264,629957,598274,134804,228214,235030,161193,-11640,131681,274447,-8388607,0,2661,2666,2664,754,2481,-10110976,1,1,14,1,287,0,0,0,1
443354314,1151720,1177069,929791,941479,237649,114972,174300,227203,1230419,1284192,871081,867291,453796,389350,630222,598176,134641,228261,234983,161316,-11373,131946,274351,-8388607,0,2661,2662,2666,756,2478,-10110976,1,1,14,1,287,0,0,0,1
443354315,1149792,1175128,930984,943425,237215,114676,174108,227106,1229123,1282091,872926,869250,452801,388508,630583,598261,134523,228062,234834,161253,-11066,132152,274578,-8388607,0,2661,2668,2659,758,2475,-10110976,1,1,14,1,287,0,0,0,1
443354316,1147393,1172975,932295,944944,237125,114935,174197,227061,1227853,1280140,873772,870835,451640,387647,630635,598381,134667,228217,234733,161150,-11214,132027,274471,-8388607,0,2661,2669,2661,753,2481,-10110976,1,1,14,1,287,0,0,0,1
443354317,1144568,1170635,932799,945860,236930,114932,173879,227048,1226556,1278302,874832,871855,450718,386877,630840,598740,134524,228070,234819,161058,-11287,132131,274416,-8388607,0,2664,2661,2667,751,2477,-10110976,1,1,14,1,287,0,0,0,1
443354318,1141586,1167622,933230,946615,237131,115026,173930,226980,1225232,1276481,876005,872530,449660,386236,631336,599389,134578,227921,234822,160846,-11271,131984,274432,-8388607,0,2667,2664,2662,756,2477,-10110976,1,1,14,1,287,0,0,0,1
443354319,1137888,1164429,932681,946976,237243,115362,174215,227252,1224217,1274747,877147,873485,448959,385509,631684,599927,134507,227961,234911,161005,-11334,132035,274492,-8388607,0,2661,2668,2659,755,2479,-10110976,1,1,14,1,287,0,0,0,1
443354320,1134324,1161189,932209,946930,237592,115492,174457,227645,1223679,1273255,878721,874375,448325,384946,632222,600561,134607,227906,234866,160978,-11429,131719,274438,-8388607,0,2661,2663,2665,749,2482,-10110976,1,1,14,1,287,0,0,0,1
443354321,1130491,1157452,931867,946640,238046,115761,174809,227688,1223259,1272034,879825,875117,447911,384582,632784,601242,134452,227974,234813,160929,-11715,131519,274378,-8388607,0,2668,2662,2664,755,2478,-10110976,1,1,14,1,287,0,0,0,1
443354322,1127137,1153841,932053,946531,238327,115828,175030,228053,1222945,1271578,880948,876044,447676,384323,633412,601994,134453,227991,234859,161133,-11822,131465,274400,-8388607,0,2663,2665,2661,760,2479,-10110976,1,1,14,1,287,0,0,0,1
443354323,1124279,1150072,932351,946589,238531,116113,175226,228109,1222991,1271389,882091,876422,447496,383886,633903,602944,134465,228163,234806,161160,-11733,131418,274462,-8388607,0,2662,2666,2664,756,2482,-10110976,1,1,14,1,287,0,0,0,1
443354324,1121574,1146603,933084,946527,238744,116004,175182,228056,1223048,1271048,883180,876838,447266,383904,634645,603543,134589,228121,234824,161104,-11761,131194,274388,-8388607,0,2663,2661,2666,755,2477,-10110976,1,1,14,1,287,0,0,0,1
443354325,1118979,1143245,933821,946838,238607,115978,174874,227926,1223197,1271108,884531,877486,446943,383428,635687,604398,134679,228219,234888,161186,-11737,131521,274436,-8388607,0,2664,2666,2662,752,2477,-10110976,1,1,14,1,287,0,0,0,1
443354326,1116527,1140447,934482,946951,238274,115836,174627,227841,1222906,1271691,886135,878313,446426,382905,636813,605096,134485,228123,234970,161241,-11453,131400,274405,-8388607,0,2660,2668,2666,754,2482,-10110976,1,1,14,1,287,0,0,0,1
443354327,1113815,1137749,934976,947055,237876,115638,174204,227775,1222758,1272732,887521,879848,446062,382271,637708,605859,134686,228098,234907,161241,-11531,131675,274250,-8388607,0,2665,2664,2668,752,2477,-10110976,1,1,14,1,287,0,0,0,1
443354328,1111240,1135011,935414,947732,237691,115518,174240,227825,1222414,1274276,888929,881385,445611,381704,638655,606580,134725,228182,235078,161185,-11482,131719,274297,-8388607,0,2664,2665,2666,757,2477,-10110976,1,1,14,1,287,0,0,0,1
443354329,1108614,1131933,935590,948134,237615,115092,174199,227689,1222005,1275678,889835,882739,444997,381214,639604,607387,134771,228113,234872,160989,-11387,131830,274323,-8388607,0,2664,2668,2657,748,2479,-10110976,1,1,14,1,287,0,0,0,1
443354330,1106032,1128575,936628,948169,237478,114857,173927,227712,1221551,1277204,890878,883868,444196,380724,640538,608024,134665,228065,234841,160939,-11564,131609,274357,-8388607,0,2664,2661,2667,749,2481,-10110976,1,1,14,1,287,0,0,0,1
443354331,1103585,1124996,937545,948329,237547,114602,174042,227478,1221322,1277949,891950,885036,443464,380453,641340,609027,134693,228038,234747,161037,-11534,131354,274438,-8388607,0,2664,2667,2664,757,2477,-10110976,1,1,14,1,287,0,0,0,1
443354332,1101006,1121555,938407,948601,237701,114795,174065,227485,1220654,1278820,892970,886168,443130,379866,642300,609892,134469,228002,234670,161005,-11558,131310,274359,-8388607,0,2663,2667,2658,756,2481,-10110976,1,1,14,1,287,0,0,0,1
443354333,1098679,1118322,939494,949109,237966,115054,174080,227524,1219597,1279289,894525,887687,442615,379790,643251,611057,134347,227861,234672,160882,-11708,131120,274285,-8388607,0,2665,2664,2661,749,2484,-10110976,1,1,14,1,287,0,0,0,1
443354334,1096109,1115625,940398,950478,238087,115341,174015,227791,1218853,1279784,896329,889386,442169,379411,644201,612192,134301,228034,234841,161172,-11733,130985,274365,-8388607,0,2666,2664,2666,754,2477,-10110976,1,1,14,1,287,0,0,0,1
443354335,1093773,1113552,941431,952107,238271,115512,174295,228086,1218068,1280046,897712,891904,441723,379311,645335,613358,134248,227700,234991,160949,-11704,131112,274311,-8388607,0,2661,2672,2666,760,2477,-10110976,1,1,14,1,287,0,0,0,1
443354336,1091758,1111911,942537,953646,238414,115801,174409,228415,1217078,1280074,899169,894566,441547,379365,646650,614927,134442,227702,234951,160930,-11675,131185,274360,-8388607,0,2657,2666,2664,755,2482,-10110976,1,1,14,1,287,0,0,0,1
443354337,1089775,1110671,943496,955255,238609,115852,174701,228723,1215638,1279768,900831,896476,440917,378955,647318,616257,134369,227890,234792,161082,-11652,131435,274403,-8388607,0,2659,2665,2666,750,2477,-10110976,1,1,14,1,287,0,0,0,1
443354338,1088373,1109184,944576,956561,238683,115900,174728,228830,1214566,1278386,902469,898824,440785,379032,647846,617390,134666,228024,234850,160856,-11635,131480,274318,-8388607,0,2665,2666,2662,755,2477,-10110976,1,1,14,1,287,0,0,0,1
443354339,1086844,1107433,945583,957514,238632,115655,174681,228668,1213329,1275855,904125,901299,439978,378765,648277,618424,134753,228090,234817,160905,-11321,131901,274323,-8388607,0,2664,2668,2663,754,2481,-10110976,1,1,14,1,287,0,0,0,1
443354340,1085130,1105258,946261,958150,238735,115644,174596,228579,1211827,1273142,906939,903657,439332,378326,648773,618878,134912,228295,234894,161149,-11262,131843,274284,-8388607,0,2664,2661,2668,750,2478,-10110976,1,1,14,1,287,0,0,0,1
443354341,1082589,1102826,946901,958689,238602,115419,174234,228410,1210811,1269710,909406,905788,438681,377814,648958,619199,134968,228252,234969,161021,-11350,131567,274300,-8388607,0,2663,2661,2663,757,2478,-10110976,1,1,14,1,287,0,0,0,1
443354342,1079947,1100152,947459,959298,238540,115222,174017,228362,1209722,1266494,911897,908433,438000,376894,649155,619060,134843,228281,235159,161196,-11440,131603,274187,-8388607,0,2660,2668,2659,755,2481,-10110976,1,1,14,1,287,0,0,0,1
443354343,1077474,1097526,947816,959906,238302,115197,173907,228378,1208765,1263212,914497,911163,437115,375633,649126,618660,134755,228309,235241,161284,-11629,131093,274230,-8388607,0,2665,2663,2664,752,2481,-10110976,1,1,14,1,287,0,0,0,1
443354344,1074840,1095002,948494,960466,238091,114921,173806,228356,1207404,1260470,917216,913819,436105,374114,649228,617898,134615,228103,235007,161292,-11799,131170,274144,-8388607,0,2670,2661,2662,756,2476,-10110976,1,1,14,1,287,0,0,0,1
443354345,1072636,1092777,949279,960842,238136,115000,173654,228181,1205777,1257384,920022,916764,434904,372362,649682,617362,134597,228053,235077,161308,-11622,131234,274250,-8388607,0,2661,2665,2659,756,2479,-10110976,1,1,14,1,287,0,0,0,1
443354346,1070881,1090698,950094,961259,238117,114696,173542,228294,1204171,1253996,923039,920048,433838,370758,650009,616577,134568,228084,235001,161110,-11641,131076,274321,-8388607,0,2658,2663,2666,754,2484,-10110976,1,1,14,1,287,0,0,0,1
443354347,1068915,1088819,951105,962167,238211,114878,173731,228494,1202520,1250830,926341,922900,432633,369007,650075,616175,134503,228002,234811,161060,-11618,131180,274212,-8388607,0,2665,2664,2666,761,2476,-10110976,1,1,14,1,287,0,0,0,1
443354348,1066700,1087201,952713,963613,238446,114865,173887,228450,1201001,1248111,929799,925804,431505,367708,650100,615997,134444,227890,234654,160960,-11373,131446,274190,-8388607,0,2664,2667,2662,759,2475,-10110976,1,1,14,1,287,0,0,0,1
443354349,1064370,1085472,954615,965635,238654,115135,173781,228481,1199482,1245422,933167,928739,430237,366898,650393,615946,134255,227769,234600,160808,-11398,131480,274156,-8388607,0,2661,2666,2662,755,2480,-10110976,1,1,14,1,287,0,0,0,1
443354350,1061908,1083835,956388,967713,238858,115381,174061,228743,1198052,1243370,936062,931765,429473,366252,650534,615946,134252,227581,234700,160836,-11368,131355,274066,-8388607,0,2667,2665,2668,753,2480,-10110976,1,1,14,1,287,0,0,0,1
443354351,1059732,1082216,958201,969632,238905,115302,173932,228982,1195834,1242204,938560,934490,428952,365727,650793,616205,134164,227461,234498,160857,-11687,131087,274139,-8388607,0,2666,2663,2663,756,2473,-10110976,1,1,14,1,287,0,0,0,1
443354352,1057619,1080435,959941,970926,239216,115525,173866,229005,1193399,1241151,940917,937435,428878,365559,651045,616512,134451,227623,234876,160862,-11426,131222,274041,-8388607,0,2660,2669,2663,752,2481,-10110976,1,1,14,1,287,0,0,0,1
443354353,1055749,1078504,961362,971679,238992,115542,173749,229093,1190851,1239764,943149,940174,428661,365105,651358,616683,134337,227684,234767,160965,-11418,131244,274119,-8388607,0,2664,2666,2666,751,2482,-10110976,1,1,14,1,287,0,0,0,1
443354354,1054054,1076540,962561,972354,238892,115440,173817,229159,1188260,1238521,945343,942793,428238,364729,652060,617242,134422,228026,234882,161163,-11405,131296,274179,-8388607,0,2668,2659,2659,755,2475,-10110976,1,1,14,1,287,0,0,0,1
443354355,1052513,1074522,964087,973232,238757,115248,173549,229207,1185233,1237939,947346,945293,428085,364442,653062,618067,134556,228186,234899,161282,-11382,131163,274162,-8388607,0,2663,2666,2659,757,2479,-10110976,1,1,14,1,287,0,0,0,1
443354356,1051132,1072533,965620,974421,238692,115120,173291,228910,1183230,1237283,949290,947600,427784,363743,653959,618629,134635,228349,234895,161336,-11678,130712,274086,-8388607,0,2657,2664,2661,751,2484,-10110976,1,1,14,1,287,0,0,0,1
443354357,1050118,1071148,967729,976213,238673,114993,173429,228796,1181618,1237687,950876,949261,427190,363114,654565,619205,134911,228534,234954,161314,-11913,130481,274059,-8388607,0,2664,2659,2664,756,2477,-10110976,1,1,14,1,287,0,0,0,1
443354358,1049594,1069704,969911,978110,238540,114682,173305,228744,1179960,1237647,952218,951184,426314,362299,654693,619873,134986,228346,235154,161150,-11868,130854,274018,-8388607,0,2661,2665,2660,759,2478,-10110976,1,1,14,1,287,0,0,0,1
443354359,1049646,1068763,972272,980101,238522,114816,173242,228769,1178506,1237960,953872,952950,425545,361793,655028,620366,135152,228145,235117,161213,-11679,130851,274120,-8388607,0,2659,2663,2664,755,2482,-10110976,1,1,14,1,287,0,0,0,1
443354360,1049989,1067968,974515,981989,238371,114680,173038,228744,1177475,1237998,955473,954754,424517,361335,655264,620709,135057,228043,235129,161127,-11628,131099,274075,-8388607,0,2663,2661,2666,755,2477,-10110976,1,1,14,1,287,0,0,0,1
443354361,1050055,1067209,976895,983739,238358,114754,173143,228838,1176391,1237704,957085,956268,423571,360628,655789,621184,134953,228086,235017,161115,-11293,131479,274076,-8388607,0,2661,2665,2660,758,2475,-10110976,1,1,14,1,287,0,0,0,1
443354362,1049934,1066345,979126,985665,238438,114815,173058,228856,1175310,1236903,958170,958124,422772,360114,656136,622109,134610,228023,234845,160972,-11066,131655,273992,-8388607,0,2657,2668,2663,754,2482,-10110976,1,1,14,1,287,0,0,0,1
443354363,1049077,1065153,981093,987596,238483,114805,173155,229148,1174407,1237197,959635,959591,422448,359686,656807,622994,134529,227894,234726,161085,-11055,131790,274011,-8388607,0,2661,2664,2666,754,2478,-10110976,1,1,14,1,287,0,0,0,1
443354364,1047424,1063596,982796,989656,238647,115011,173109,229063,1174220,1236878,960657,960625,421710,358792,657820,623827,134068,227963,234567,161174,-11197,131505,274054,-8388607,0,2665,2665,2667,756,2478,-10110976,1,1,14,1,287,0,0,0,1
443354365,1045164,1062015,984016,991688,238712,115240,173352,229131,1174483,1236286,961595,961471,421561,358555,659049,624867,134015,227786,234651,161026,-11421,131014,274108,-8388607,0,2664,2668,2660,753,2480,-10110976,1,1,14,1,287,0,0,0,1
443354366,1042880,1060400,985220,993224,238874,115172,173119,229453,1174602,1235580,962233,961885,421485,358505,660230,625916,134011,227534,234604,160925,-11580,130885,274124,-8388607,0,2658,2668,2667,754,2488,-10110976,1,1,14,1,287,0,0,0,1
443354367,1040739,1058585,986244,994398,239045,115173,173351,229608,1174470,1234631,963020,962286,421417,358271,661326,626947,134216,227689,234773,160898,-11604,130874,274070,-8388607,0,2663,2662,2666,757,2476,-10110976,1,1,14,1,287,0,0,0,1
443354368,1039311,1056940,987669,996041,239222,115286,173341,229616,1174513,1233422,963653,963152,421169,358398,662352,627862,134240,227615,234835,160833,-11516,130805,273997,-8388607,0,2657,2663,2659,758,2477,-10110976,1,1,14,1,287,0,0,0,1
443354369,1037818,1055475,989575,997993,239166,115140,173306,229581,1174562,1232213,964381,964184,421043,358413,663445,629054,134552,227719,234869,160836,-11718,130743,273941,-8388607,0,2672,2665,2664,755,2481,-10110976,1,1,14,1,287,0,0,0,1
443354370,1036874,1054692,992015,1000389,239075,115161,173309,229413,1174844,1230982,965084,964796,420794,358388,664396,630006,134691,227900,235011,160883,-11821,130553,273970,-8388607,0,2667,2664,2664,756,2478,-10110976,1,1,14,1,287,0,0,0,1
443354371,1036233,1054290,994915,1003418,239035,115148,173224,229570,1175148,1230162,965569,965312,420212,358077,665309,630874,134861,228186,235041,161150,-11706,130551,273916,-8388607,0,2662,2668,2661,757,2477,-10110976,1,1,14,1,287,0,0,0,1
443354372,1036121,1054309,997665,1006433,238933,115005,173038,229542,1175719,1228928,966023,965784,419790,357461,666328,631739,134898,228353,235028,161204,-11769,130657,273814,-8388607,0,2658,2665,2663,754,2481,-10110976,1,1,14,1,287,0,0,0,1
443354373,1035995,1054436,1000115,1009441,238954,115084,173000,229537,1175707,1228318,966370,966287,418986,356734,667056,632261,135108,228330,235019,161113,-11376,131151,273910,-8388607,0,2661,2662,2666,755,2478,-10110976,1,1,14,1,287,0,0,0,1
443354374,1035903,1054586,1002281,1012020,238898,115211,173017,229594,1175120,1227737,966719,967051,418176,355965,667783,633102,135002,228420,234947,161286,-11267,131378,273835,-8388607,0,2664,2665,2664,755,2471,-10110976,1,1,14,1,287,0,0,0,1
443354375,1035426,1054462,1004220,1014140,239031,115002,172737,229578,1173785,1226257,966910,968137,417751,355053,668386,633679,135009,228491,235177,161258,-11056,131559,273885,-8388607,0,2661,2664,2666,749,2477,-10110976,1,1,14,1,287,0,0,0,1
443354376,1034597,1053728,1006219,1016059,238873,114894,173044,229501,1172076,1224901,967508,969650,417093,354423,669025,634191,134803,228220,235042,161434,-11138,131498,273879,-8388607,0,2663,2662,2664,750,2478,-10110976,1,1,14,1,287,0,0,0,1
443354377,1033698,1052652,1008189,1018006,238708,114847,172838,229328,1170203,1223613,968329,970891,416628,353667,669863,634952,134518,228114,234988,161248,-11146,131470,273866,-8388607,0,2664,2668,2666,754,2476,-10110976,1,1,14,1,287,0,0,0,1
443354378,1032534,1051053,1010152,1019465,238631,114686,172752,229329,1168264,1221986,969154,972136,416059,353196,670601,635886,134614,227730,234992,161038,-11274,131093,273891,-8388607,0,2661,2666,2659,755,2480,-10110976,1,1,14,1,287,0,0,0,1
443354379,1031822,1049535,1012064,1020850,238736,114804,172726,229443,1166653,1220190,970312,973387,415642,353131,671274,636800,134346,227754,234598,160978,-11573,130717,273777,-8388607,0,2666,2663,2665,751,2484,-10110976,1,1,14,1,287,0,0,0,1
443354380,1031397,1047966,1014071,1021956,238679,114911,172784,229668,1164795,1218852,971872,974658,415283,352808,672491,638049,134262,227651,234615,160811,-11658,130717,273787,-8388607,0,2663,2662,2666,756,2478,-10110976,1,1,14,1,287,0,0,0,1
443354381,1031642,1046621,1016121,1023677,238839,115115,172957,229710,1162712,1217240,973716,976193,414944,352617,673270,638783,134142,227675,234628,161008,-11751,130640,273809,-8388607,0,2662,2663,2664,760,2477,-10110976,1,1,14,1,287,0,0,0,1
443354382,1031789,1045829,1018294,1025543,238885,115039,172812,229625,1160087,1215899,975157,978152,414729,352320,674464,640067,134228,227688,234612,160730,-11583,130835,273845,-8388607,0,2657,2666,2664,754,2486,-10110976,1,1,14,1,287,0,0,0,1
443354383,1032377,1045461,1021121,1028031,238978,115090,172777,229637,1157306,1214386,977431,980649,414478,352356,675387,641033,134300,227833,234874,161068,-11397,131143,273674,-8388607,0,2661,2663,2664,756,2477,-10110976,1,1,14,1,287,0,0,0,1
443354384,1032711,1045432,1023933,1031036,239186,114986,173123,229680,1154179,1212787,979485,982867,414100,352120,676372,641841,134360,227967,234973,161159,-11598,130964,273686,-8388607,0,2660,2664,2660,759,2471,-10110976,1,1,14,1,287,0,0,0,1
443354385,1033180,1045278,1027007,1034267,239063,115103,173198,229659,1151262,1211039,981563,985524,413520,351694,677184,642152,134509,228074,235060,161299,-11544,130963,273736,-8388607,0,2661,2669,2664,754,2481,-10110976,1,1,14,1,287,0,0,0,1
443354386,1033866,1045037,1029841,1037528,239305,115096,173129,229758,1148415,1209272,984178,987924,412835,351100,677947,642202,134672,228267,235040,161247,-11229,131230,273814,-8388607,0,2665,2661,2668,750,2484,-10110976,1,1,14,1,287,0,0,0,1
443354387,1034065,1044379,1032493,1040309,239133,115138,173134,229884,1146126,1207022,986819,990018,412211,350157,678495,642348,135042,228380,235083,161338,-11159,131456,273951,-8388607,0,2665,2665,2664,758,2473,-10110976,1,1,14,1,287,0,0,0,1
443354388,1033964,1043493,1034962,1042661,239206,115255,173207,229978,1143706,1204423,989267,992203,411278,348636,678932,641741,135114,228433,235089,161235,-11308,131301,273705,-8388607,0,2657,2667,2659,757,2480,-10110976,1,1,14,1,287,0,0,0,1
443354389,1033820,1042535,1037500,1044770,239068,115444,172869,229853,1141279,1201996,991898,994655,410192,347505,679395,641300,135206,228630,235049,161206,-11165,131194,273734,-8388607,0,2660,2667,2663,747,2484,-10110976,1,1,14,1,287,0,0,0,1
443354390,1033551,1041326,1039631,1047426,239028,115300,172862,229653,1138872,1199763,994624,997104,409216,346086,679867,641133,135233,228371,235106,161102,-11106,131412,273816,-8388607,0,2668,2663,2662,756,2478,-10110976,1,1,14,1,287,0,0,0,1
443354391,1032678,1040202,1041908,1050042,238751,115016,172677,229479,1135986,1197429,997267,1000006,408118,344408,680148,640506,134898,228075,234905,161069,-11281,131109,273629,-8388607,0,2663,2666,2659,757,2479,-10110976,1,1,14,1,287,0,0,0,1
443354392,1031565,1039084,1044378,1052547,238761,115056,172654,229340,1133381,1195217,999718,1003200,407463,343481,680720,640757,134829,227998,234932,161160,-11334,130713,273721,-8388607,0,2663,2664,2664,754,2482,-10110976,1,1,14,1,287,0,0,0,1
443354393,1030592,1038099,1046615,1055238,238715,114894,172595,229410,1130856,1193037,1002015,1006195,406445,342430,680905,640867,134341,227766,234998,161076,-11574,130633,273692,-8388607,0,2663,2659,2664,755,2478,-10110976,1,1,14,1,287,0,0,0,1
443354394,1030015,1037232,1049398,1057572,238658,114609,172727,229210,1129034,1190980,1004129,1008710,406035,342263,681071,640992,134127,227667,234643,160948,-11621,130783,273712,-8388607,0,2661,2666,2662,759,2479,-10110976,1,1,14,1,287,0,0,0,1
443354395,1029752,1036887,1052449,1060415,238539,114627,172892,229416,1127203,1188766,1005683,1010574,405705,341577,681429,641734,133942,227712,234664,160847,-11534,130925,273706,-8388607,0,2661,2664,2662,754,2482,-10110976,1,1,14,1,287,0,0,0,1
443354396,1029744,1036587,1056022,1063141,238784,114976,172927,229454,1124957,1186297,1006809,1012635,405080,341650,681533,642349,134141,227730,234587,161053,-11479,130838,273741,-8388607,0,2667,2661,2666,755,2477,-10110976,1,1,14,1,287,0,0,0,1
443354397,1029964,1036540,1059747,1066041,238868,114938,173050,229421,1122982,1184055,1008364,1014739,404747,341478,682020,643010,134066,227605,234443,160787,-11557,130900,273810,-8388607,0,2665,2664,2662,759,2476,-10110976,1,1,14,1,287,0,0,0,1
443354398,1030181,1036349,1063892,1069154,238876,115021,172971,229594,1120742,1181678,1009667,1017091,404374,341281,682669,643629,134238,227721,234570,160853,-11289,131173,273789,-8388607,0,2661,2666,2662,755,2480,-10110976,1,1,14,1,287,0,0,0,1
443354399,1029912,1036268,1067299,1071825,238956,115424,173063,229669,1118603,1179050,1011027,1019373,404066,340807,683360,644379,134525,227802,234836,160944,-11190,131401,273700,-8388607,0,2661,2662,2666,750,2482,-10110976,1,1,14,1,287,0,0,0,1
443354400,1029499,1035792,1070245,1074273,239178,115530,173292,229547,1116592,1176297,1012196,1021356,403353,340148,684153,645123,134680,227725,234982,161034,-11326,131189,273699,-8388607,0,2663,2665,2664,756,2475,-10110976,1,1,14,1,287,0,0,0,1
443354401,1028603,1035291,1072752,1076468,239411,115634,173389,229797,1114836,1174282,1013130,1022829,402708,339596,684675,645565,134921,227900,235127,161098,-11406,130966,273645,-8388607,0,2661,2668,2660,758,2480,-10110976,1,1,14,1,287,0,0,0,1
443354402,1027774,1034707,1075292,1079115,239300,115598,173543,229715,1113268,1172117,1013769,1024445,401965,338743,685129,646240,134921,228037,235213,161316,-11474,131063,273761,-8388607,0,2663,2663,2665,754,2482,-10110976,1,1,14,1,287,0,0,0,1
443354403,1027007,1034214,1077877,1081521,239119,115461,173406,229581,1111471,1169958,1014203,1025367,401028,338023,685256,646271,134848,228176,235109,161240,-11610,130958,273738,-8388607,0,2666,2666,2661,756,2478,-10110976,1,1,14,1,287,0,0,0,1
443354404,1026865,1033851,1080653,1084118,239058,115288,173181,229477,1109798,1167861,1015074,1026270,400066,337235,685678,646656,134843,228421,235067,161278,-11642,130617,273812,-8388607,0,2659,2665,2661,760,2479,-10110976,1,1,14,1,287,0,0,0,1
443354405,1027115,1033606,1083586,1086920,238873,115094,173211,229300,1107908,1165665,1016067,1027577,399007,336607,685999,647279,134826,228413,235029,161321,-11745,130423,273610,-8388607,0,2657,2664,2664,750,2481,-10110976,1,1,14,1,287,0,0,0,1
443354406,1027744,1034079,1086521,1089756,238599,114918,172948,228962,1105767,1163055,1017086,1028320,398176,335942,686578,648132,134715,228225,234851,161157,-11693,130452,273657,-8388607,0,2659,2663,2669,756,2478,-10110976,1,1,14,1,287,0,0,0,1
443354407,1028631,1034372,1089363,1092687,238317,114823,172837,228791,1103981,1161114,1018112,1029133,397709,335198,687249,648916,134560,227988,234651,161061,-11479,130986,273750,-8388607,0,2666,2666,2664,760,2473,-10110976,1,1,14,1,287,0,0,0,1
443354408,1029461,1035175,1091999,1096174,238098,114702,172629,228769,1102319,1159126,1018675,1029642,397160,334850,688200,650160,134449,227693,234784,161021,-11090,131393,273616,-8388607,0,2659,2668,2666,755,2480,-10110976,1,1,14,1,287,0,0,0,1
443354409,1029689,1036000,1094406,1100011,237960,114603,172719,228786,1101042,1157426,1019458,1030191,397105,334762,689152,651065,134380,227589,234658,160966,-10973,131594,273572,-8388607,0,2659,2659,2670,751,2477,-10110976,1,1,14,1,287,0,0,0,1
443354410,1028906,1036448,1096804,1103764,238139,114775,172880,228973,1100111,1156547,1020188,1030339,396904,334351,690461,652209,134222,227504,234615,160813,-11155,131570,273543,-8388607,0,2664,2666,2663,758,2477,-10110976,1,1,14,1,287,0,0,0,1
443354411,1028030,1036513,1098503,1107517,238267,114786,173024,228782,1099627,1155805,1021446,1030686,397267,334613,691710,653541,134281,227564,234840,160973,-11097,131685,273671,-8388607,0,2659,2667,2666,756,2480,-10110976,1,1,14,1,287,0,0,0,1
443354412,1026504,1035676,1099657,1110336,238576,114958,173249,228828,1099226,1155009,1022764,1030887,397228,334756,692932,654439,134347,227802,234709,161127,-10974,131474,273521,-8388607,0,2661,2663,2666,752,2477,-10110976,1,1,14,1,287,0,0,0,1
443354413,1024897,1034131,1100677,1112232,238846,115077,173558,228907,1098480,1154481,1024070,1032045,397419,334755,694728,655438,134383,228091,234898,161156,-11164,131247,273560,-8388607,0,2668,2659,2662,756,2478,-10110976,1,1,14,1,287,0,0,0,1
443354414,1023015,1032316,1101573,1113514,239122,115344,173650,229036,1097806,1154164,1025631,1032959,397254,334732,696211,656350,134637,228262,234836,161231,-11317,131163,273598,-8388607,0,2661,2664,2659,759,2477,-10110976,1,1,14,1,287,0,0,0,1
443354415,1021270,1030324,1102684,1114573,239120,115463,173710,229157,1096955,1154289,1026838,1034255,396974,334009,697958,657343,134910,228224,235075,161290,-11420,130946,273544,-8388607,0,2661,2664,2664,751,2484,-10110976,1,1,14,1,287,0,0,0,1
443354416,1019735,1028079,1104564,1115870,239019,115803,173782,229318,1095849,1154632,1027556,1035327,396398,333175,699267,658124,135010,228185,235046,161041,-11348,130912,273555,-8388607,0,2663,2659,2664,756,2478,-10110976,1,1,14,1,287,0,0,0,1
443354417,1018064,1026037,1106772,1117794,238861,115766,173844,229297,1094932,1154798,1028015,1035886,395796,332387,700714,658980,135072,228354,235027,161117,-11483,130695,273497,-8388607,0,2663,2665,2664,758,2477,-10110976,1,1,14,1,287,0,0,0,1
443354418,1016947,1024796,1109206,1120188,238752,115623,173499,229130,1093910,1155126,1028464,1036525,394690,331490,702095,659730,134871,228046,235053,161189,-11793,130359,273502,-8388607,0,2661,2666,2664,753,2482,-10110976,1,1,14,1,287,0,0,0,1
443354419,1016063,1024096,1112030,1122811,238435,115374,173634,228983,1092793,1155063,1029008,1037355,393773,330848,703171,660562,134852,228096,234896,161069,-11687,130556,273456,-8388607,0,2663,2662,2666,752,2478,-10110976,1,1,14,1,287,0,0,0,1
443354420,1015265,1024179,1114739,1125499,238247,115169,173545,228723,1091150,1154822,1029737,1038544,393183,330246,703962,661227,134780,228125,234879,160896,-11607,130554,273523,-8388607,0,2661,2667,2661,757,2480,-10110976,1,1,14,1,287,0,0,0,1
443354421,1015048,1024465,1117245,1128185,238190,114957,173623,228494,1089285,1154810,1030536,1040254,392466,329935,704889,662203,134364,227971,234546,160880,-11568,130618,273585,-8388607,0,2660,2668,2664,754,2479,-10110976,1,1,14,1,287,0,0,0,1
443354422,1015099,1024695,1119987,1130711,238092,114649,173545,228332,1087555,1154511,1031362,1042165,391781,329477,705714,663333,134152,227697,234320,160810,-11275,131240,273463,-8388607,0,2669,2663,2666,749,2477,-10110976,1,1,14,1,287,0,0,0,1
443354423,1015228,1024812,1123306,1132976,238045,114725,173515,228211,1086087,1153922,1032462,1043886,391429,329016,706776,664666,133996,227690,234533,160910,-11005,131382,273533,-8388607,0,2667,2665,2666,757,2473,-10110976,1,1,14,1,287,0,0,0,1
443354424,1015102,1024380,1126414,1135254,238058,114864,173496,228476,1084704,1153523,1033149,1045932,391243,328827,707826,665996,133964,227520,234538,160697,-11148,131446,273507,-8388607,0,2666,2667,2660,756,2479,-10110976,1,1,14,1,287,0,0,0,1
443354425,1014914,1023332,1129585,1137118,238145,114938,173544,228392,1083234,1152950,1034229,1048008,390871,328523,708476,667604,133946,227522,234654,160801,-10974,131205,273400,-8388607,0,2661,2663,2659,751,2479,-10110976,1,1,14,1,287,0,0,0,1
443354426,1014697,1022098,1132161,1138855,238166,115212,173657,228495,1081770,1151694,1035766,1050039,390320,328410,709143,668951,134064,227527,234582,160803,-8768,132044,273546,-8388607,0,2663,2664,2666,757,2477,-10110976,1,1,14,1,287,0,0,0,1
443354427,1015228,1020986,1134043,1140328,238113,115273,173750,228598,1080411,1149446,1038173,1052551,389727,328405,709553,669702,134245,227591,234887,160866,-1267,135734,273492,-8388607,0,2661,2666,2657,761,2479,-10110976,1,1,14,1,287,0,0,0,1
443354428,1017533,1020165,1135267,1141452,238510,115555,173933,228622,1078535,1146565,1040559,1054943,389298,327994,709697,670547,134430,228007,234934,161179,11683,141555,273439,-8388607,0,2664,2668,2666,754,2484,-10110976,1,1,14,1,287,0,0,0,1
443354429,1021097,1020078,1135769,1142255,238648,115681,174330,228619,1076497,1143061,1042906,1057328,389170,327815,709995,670702,134771,228176,234975,161240,29621,148995,273496,-8388607,0,2665,2667,2666,756,2471,-10110976,1,1,14,1,287,0,0,0,1
443354430,1026739,1021400,1136065,1143265,238838,115661,174515,228628,1073942,1139197,1045612,1059133,388053,327101,709691,670555,135011,228432,235148,161307,52396,157712,273515,-8388607,0,2662,2666,2667,758,2477,-10110976,1,1,14,1,287,0,0,0,1
443354431,1033792,1024871,1137146,1144332,239071,115785,174502,228425,1071593,1135248,1047700,1061250,387207,325904,709921,670233,135118,228530,235078,161456,81409,168674,273393,-8388607,0,2658,2669,2661,752,2482,-10110976,1,1,14,1,287,0,0,0,1
443354432,1043011,1031330,1138778,1145967,238667,115658,174329,228470,1069274,1131531,1050044,1063423,386219,324694,709983,669474,135297,228469,235157,161393,118356,184058,273321,-8388607,0,2661,2664,2666,754,2478,-10110976,1,1,14,1,287,0,0,0,1
443354433,1055305,1041859,1139886,1147476,238289,115707,174252,228274,1067088,1128146,1052821,1065937,385175,322923,710353,668799,135214,228411,235331,161556,162091,204584,273374,-8388607,0,2665,2664,2662,760,2475,-10110976,1,1,14,1,287,0,0,0,1
443354434,1070520,1056339,1139456,1148523,238056,115537,174115,228049,1065135,1124167,1055510,1068207,383872,321048,710260,667977,134918,228186,235200,161363,209816,228340,273340,-8388607,0,2661,2666,2654,755,2481,-10110976,1,1,14,1,287,0,0,0,1
443354435,1088604,1075094,1138415,1149319,237818,115351,173914,228116,1063083,1120362,1058417,1070677,382728,319491,710841,667373,134859,228199,234934,161068,260205,254882,273357,-8388607,0,2659,2663,2666,752,2477,-10110976,1,1,14,1,287,0,0,0,1
443354436,1108308,1097125,1138192,1151394,237526,115051,173773,227909,1061317,1116943,1061387,1072961,381830,318316,711205,667596,134544,227937,234806,161175,312059,282890,273334,-8388607,0,2666,2666,2661,754,2477,-10110976,1,1,14,1,287,0,0,0,1
443354437,1128890,1120161,1139629,1155646,237633,114947,174016,227710,1059446,1113495,1064612,1075479,380822,317512,711695,667374,134494,227979,234836,161174,364687,311693,273308,-8388607,0,2660,2666,2658,758,2479,-10110976,1,1,14,1,287,0,0,0,1
443354438,1148800,1142404,1142812,1160710,237506,114686,174034,227549,1057095,1110491,1066613,1077625,380296,317370,712154,667416,134236,227868,234413,160868,416635,339244,273217,-8388607,0,2659,2663,2665,751,2481,-10110976,1,1,14,1,287,0,0,0,1
443354439,1167586,1162981,1146780,1166206,237383,114770,173973,227424,1054842,1108223,1068799,1079979,379890,317043,712469,667948,134057,227788,234517,160788,468133,366050,273338,-8388607,0,2668,2658,2664,756,2478,-10110976,1,1,14,1,287,0,0,0,1
443354440,1185822,1182513,1151096,1170515,237594,114902,173943,227383,1052548,1106126,1070746,1082085,379647,316998,713121,668446,134096,227634,234635,160894,519234,392513,273361,-8388607,0,2663,2664,2659,759,2478,-10110976,1,1,14,1,287,0,0,0,1
443354441,1203527,1201254,1154142,1172706,237581,114787,173902,227452,1049748,1104030,1072042,1084413,379590,316978,714145,669062,134136,227852,234661,161021,570663,419500,273355,-8388607,0,2658,2665,2664,753,2482,-10110976,1,1,14,1,287,0,0,0,1
443354442,1221417,1220091,1155285,1173009,237571,115117,173987,227748,1046810,1102183,1073173,1086358,379684,316231,715480,669673,134071,227734,234966,160922,622809,447400,273314,-8388607,0,2659,2661,2668,749,2478,-10110976,1,1,14,1,287,0,0,0,1
443354443,1239729,1240116,1155195,1172228,237638,115349,173996,227714,1043488,1100850,1074116,1088363,379546,315867,717029,670700,134514,227814,235018,161005,674881,475101,273238,-8388607,0,2664,2663,2663,758,2473,-10110976,1,1,14,1,287,0,0,0,1
443354444,1257761,1260961,1154495,1171767,237782,115494,174279,227795,1040116,1099461,1074999,1089978,379381,315483,718611,671570,134817,228112,235099,161218,727460,503144,273227,-8388607,0,2664,2663,2664,753,2481,-10110976,1,1,14,1,287,0,0,0,1
443354445,1275697,1283007,1154516,1172736,237923,115610,174290,227920,1037141,1098086,1075907,1091785,378986,314965,719762,672750,135066,228304,235217,161143,780588,531608,273305,-8388607,0,2665,2666,2666,745,2477,-10110976,1,1,14,1,287,0,0,0,1
443354446,1293823,1305208,1155059,1174768,237982,115625,174450,228006,1034769,1097141,1076865,1093347,378429,314613,720641,673944,135230,228510,235120,161130,834215,560074,273263,-8388607,0,2664,2661,2672,756,2473,-10110976,1,1,14,1,287,0,0,0,1
443354447,1311672,1327346,1156549,1177789,238104,115627,174559,227789,1033218,1096419,1078422,1094553,377731,314351,721476,674929,135208,228508,234979,161113,887897,588728,273283,-8388607,0,2661,2670,2659,755,2477,-10110976,1,1,14,1,287,0,0,0,1
443354448,1330240,1349989,1158429,1180629,238073,115565,174888,227726,1032212,1096581,1080026,1096267,376769,313948,722387,675713,135060,228503,234938,161046,942192,617772,273243,-8388607,0,2663,2663,2664,753,2477,-10110976,1,1,14,1,287,0,0,0,1
443354449,1349779,1373041,1160677,1183432,238061,115444,174710,227775,1031565,1096462,1081563,1097656,376075,313462,723248,676602,134945,228217,234912,161134,997051,647785,273247,-8388607,0,2662,2661,2664,756,2477,-10110976,1,1,14,1,287,0,0,0,1
443354450,1370273,1396618,1162739,1185985,238103,115418,174601,227768,1031067,1096501,1083371,1099228,375424,312964,724161,677738,134702,227844,234870,161077,1052686,678513,273210,-8388607,0,2663,2665,2657,752,2481,-10110976,1,1,14,1,287,0,0,0,1
443354451,1391002,1420641,1164056,1188113,237905,115459,174437,227691,1030372,1096408,1084844,1100690,374572,312325,725132,678706,134434,227781,234658,160961,1108366,708741,273252,-8388607,0,2665,2665,2666,753,2481,-10110976,1,1,14,1,287,0,0,0,1
443354452,1410378,1443923,1164542,1189780,237675,115496,174127,227612,1029717,1096023,1086460,1102100,374095,311543,726419,679636,134097,227538,234584,160763,1163207,738208,273123,-8388607,0,2664,2660,2666,757,2477,-10110976,1,1,14,1,287,0,0,0,1
443354453,1428607,1465870,1164366,1191183,237594,115409,174192,227611,1029176,1095277,1088058,1102789,373802,310795,727820,680567,133898,227551,234465,160789,1218187,767753,273163,-8388607,0,2661,2664,2660,759,2475,-10110976,1,1,14,1,287,0,0,0,1
443354454,1445037,1486269,1163896,1192386,237722,115541,174206,227518,1028778,1094371,1089035,1103905,373622,310676,728746,681549,134088,227692,234628,160758,1272494,796955,273318,-8388607,0,2661,2666,2664,754,2481,-10110976,1,1,14,1,287,0,0,0,1
443354455,1460513,1505198,1163493,1193209,237620,115343,174284,227444,1028173,1093464,1089902,1104594,373201,310607,729813,682666,134000,227662,234418,160751,1325105,824729,273168,-8388607,0,2665,2663,2670,752,2477,-10110976,1,1,14,1,287,0,0,0,1
443354456,1476377,1523796,1163629,1194223,237989,115407,174425,227609,1027654,1092649,1089942,1104646,372827,310406,730427,683707,134051,227574,234424,160933,1377286,852234,273112,-8388607,0,2664,2666,2661,757,2475,-10110976,1,1,14,1,287,0,0,0,1
443354457,1493765,1542936,1165222,1195924,237891,115322,174580,227818,1027141,1091544,1089963,1105002,372417,310479,731029,685079,134276,227843,234559,160959,1428401,879482,273088,-8388607,0,2660,2669,2663,752,2477,-10110976,1,1,14,1,287,0,0,0,1
443354458,1512638,1563806,1167470,1198642,237943,115336,174861,227842,1026489,1089889,1089820,1105136,371900,310216,731963,685973,134335,227864,234909,160880,1478341,906958,273168,-8388607,0,2660,2663,2667,749,2482,-10110976,1,1,14,1,287,0,0,0,1
443354459,1532012,1585933,1169910,1202141,237972,115270,174624,227751,1025567,1088050,1090118,1105259,371435,309965,732668,686960,134531,227987,234938,161174,1527437,934075,272999,-8388607,0,2668,2666,2658,756,2475,-10110976,1,1,14,1,287,0,0,0,1
443354460,1551335,1608542,1172298,1206291,238240,115490,174634,227594,1025097,1086433,1091046,1105853,371020,309328,733665,688117,134750,228020,235118,161427,1574507,960338,273081,-8388607,0,2664,2665,2659,757,2480,-10110976,1,1,14,1,287,0,0,0,1
443354461,1569991,1630338,1174467,1210553,238178,115782,174280,227680,1024758,1085142,1091496,1106671,370512,308496,734287,688544,134925,228473,235132,161408,1619723,985719,273151,-8388607,0,2663,2664,2665,751,2481,-10110976,1,1,14,1,287,0,0,0,1
443354462,1586923,1650786,1176502,1214167,238044,115693,174258,227646,1024735,1084407,1092028,1107755,369941,307910,734890,689103,135059,228590,235288,161426,1663811,1010647,273039,-8388607,0,2666,2663,2661,754,2477,-10110976,1,1,14,1,287,0,0,0,1
443354463,1603151,1669869,1178401,1217309,237849,115612,174082,227797,1024426,1083448,1092450,1108572,369224,307222,735172,689505,135168,228575,235117,161249,1705543,1033877,272993,-8388607,0,2661,2665,2659,760,2479,-10110976,1,1,14,1,287,0,0,0,1
443354464,1618837,1688192,1180218,1219330,237869,115540,174212,227821,1024124,1082556,1093066,1109687,368592,306471,735136,689931,135044,228583,234950,161156,1745161,1056008,272973,-8388607,0,2659,2666,2661,755,2488,-10110976,1,1,14,1,287,0,0,0,1
443354465,1634799,1706374,1181561,1220511,237702,115282,174345,227640,1023030,1081182,1093631,1110783,367772,305870,734960,690050,134900,228195,235014,161076,1782055,1076454,273023,-8388607,0,2666,2665,2666,753,2478,-10110976,1,1,14,1,287,0,0,0,1
443354466,1651137,1725071,1182262,1221288,237613,115113,174178,227377,1021422,1079352,1094489,1112184,367011,305374,735184,690116,134872,228074,235111,161162,1815904,1096061,273026,-8388607,0,2665,2665,2663,760,2481,-10110976,1,1,14,1,287,0,0,0,1
443354467,1667590,1744348,1182592,1221641,237595,114866,174097,227184,1019241,1077148,1095979,1113555,365941,304529,735250,690403,134695,228063,235030,161190,1847533,1115246,273026,-8388607,0,2659,2665,2663,754,2480,-10110976,1,1,14,1,287,0,0,0,1
443354468,1684010,1763251,1182799,1222239,237600,114913,174104,227429,1017038,1074922,1097275,1115363,364835,303638,735558,690832,134460,228015,235068,161195,1873754,1130872,273088,-8388607,0,2661,2668,2666,754,2477,-10110976,1,1,14,1,287,0,0,0,1
443354469,1699548,1781718,1183258,1223901,237538,115030,174017,227427,1014795,1072869,1098841,1116938,363671,302547,735865,691430,134158,227768,234831,161044,1891804,1141076,272989,-8388607,0,2665,2662,2664,757,2473,-10110976,1,1,14,1,287,0,0,0,1
443354470,1715001,1800229,1185174,1226351,237912,115329,174048,227793,1012435,1071243,1100791,1118315,363056,301879,736514,691837,134251,227861,234459,161007,1905273,1148191,272912,-8388607,0,2661,2666,2659,756,2477,-10110976,1,1,14,1,287,0,0,0,1
443354471,1731348,1818824,1188160,1229802,238002,115487,174270,227898,1009950,1069446,1102389,1120009,362623,301441,737218,693018,134267,227835,234693,160953,1913363,1152208,272956,-8388607,0,2669,2663,2667,752,2477,-10110976,1,1,14,1,287,0,0,0,1
443354472,1748361,1837725,1191318,1233919,238141,115610,174596,228207,1007619,1067702,1104370,1121927,362353,300983,737885,693306,134331,227813,234726,160686,1916693,1153560,272898,-8388607,0,2666,2663,2666,757,2476,-10110976,1,1,14,1,287,0,0,0,1
443354473,1765808,1857010,1194316,1237059,238449,115836,174555,228365,1004674,1065610,1106868,1124286,362134,300898,738493,693760,134331,227694,234615,160775,1917388,1153910,272921,-8388607,0,2660,2667,2661,756,2479,-10110976,1,1,14,1,287,0,0,0,1
443354474,1782400,1875776,1196255,1239865,238576,115822,174758,228420,1001700,1063379,1109488,1126754,361734,300671,739018,694040,134392,227599,234450,160815,1913229,1151846,273020,-8388607,0,2657,2664,2662,753,2484,-10110976,1,1,14,1,287,0,0,0,1
443354475,1797242,1893016,1197281,1242311,238784,115930,174769,228343,998506,1060947,1112170,1129092,361501,300239,739929,694123,134556,227836,234788,160912,1903872,1147247,273047,-8388607,0,2665,2659,2664,757,2477,-10110976,1,1,14,1,287,0,0,0,1
443354476,1808990,1908025,1197897,1244323,238777,115765,174834,228579,995821,1058231,1114577,1131195,361126,299962,740450,694376,134509,227766,234816,160964,1887892,1139334,272880,-8388607,0,2663,2664,2660,760,2478,-10110976,1,1,14,1,287,0,0,0,1
443354477,1816928,1921135,1198575,1246438,238847,115623,174526,228533,993039,1055550,1116478,1132963,360403,299141,741396,694211,134524,227894,234649,161001,1862758,1125356,272941,-8388607,0,2658,2669,2665,752,2481,-10110976,1,1,14,1,287,0,0,0,1
443354478,1822436,1932139,1199601,1249420,238490,115573,174475,228290,990033,1052574,1118483,1134735,359861,298069,742552,694282,134649,227997,234769,161097,1830739,1106957,272937,-8388607,0,2661,2659,2666,752,2477,-10110976,1,1,14,1,287,0,0,0,1
443354479,1825967,1942292,1201107,1252626,238291,115336,173978,228279,987118,1049474,1120132,1135998,359196,296954,743475,694031,134616,228286,234888,161121,1792875,1085072,272908,-8388607,0,2661,2664,2662,758,2475,-10110976,1,1,14,1,287,0,0,0,1
443354480,1828867,1952505,1203020,1256396,237946,115105,173957,227979,984203,1046288,1121817,1137917,358295,295662,744246,694306,134721,228122,234972,161311,1750884,1061631,272933,-8388607,0,2661,2666,2664,753,2480,-10110976,1,1,14,1,287,0,0,0,1
443354481,1831483,1962643,1204424,1259987,237907,114789,173465,227883,981231,1043079,1123802,1140345,357532,294774,744867,694225,134691,228111,235011,161214,1705160,1037489,272932,-8388607,0,2668,2665,2667,750,2477,-10110976,1,1,14,1,287,0,0,0,1
443354482,1833038,1972877,1205351,1263327,237737,114575,173414,227806,978234,1039990,1125570,1142140,356687,293797,745337,694279,134911,228186,235178,161178,1654936,1010315,272927,-8388607,0,2668,2666,2662,756,2478,-10110976,1,1,14,1,287,0,0,0,1
443354483,1833522,1982067,1207226,1266505,237889,114541,173555,227736,975391,1037091,1127181,1144299,356083,292924,745892,694453,134837,228314,235064,161243,1602724,982103,272878,-8388607,0,2661,2666,2659,755,2480,-10110976,1,1,14,1,287,0,0,0,1
443354484,1833404,1989564,1210496,1270484,238112,114804,173642,227783,972931,1034524,1128037,1146322,355103,292295,746457,694968,134925,228425,235127,161281,1549786,953457,272907,-8388607,0,2661,2664,2663,754,2479,-10110976,1,1,14,1,287,0,0,0,1
443354485,1832292,1995562,1214838,1275241,238347,114932,173738,228194,970731,1032765,1128708,1148054,354853,292001,747016,695942,134968,228226,235077,161326,1494516,923218,272955,-8388607,0,2666,2659,2661,753,2477,-10110976,1,1,14,1,287,0,0,0,1
443354486,1830723,2000670,1220291,1279909,238566,115253,173919,228494,968596,1030921,1129674,1150006,354055,291408,748307,696545,134803,228012,234840,161093,1439165,893254,272873,-8388607,0,2663,2664,2664,756,2477,-10110976,1,1,14,1,287,0,0,0,1
443354487,1829204,2005102,1224586,1284053,238564,115446,174164,228622,966688,1028430,1130775,1151662,353689,291162,749579,697827,134749,228119,234961,161090,1383411,863274,272993,-8388607,0,2664,2666,2666,759,2484,-10110976,1,1,14,1,287,0,0,0,1
443354488,1827714,2009133,1227270,1287519,238818,115601,174073,228710,964685,1025506,1132037,1153699,353460,290905,750637,698622,134587,227963,234911,161103,1327238,833200,272997,-8388607,0,2663,2662,2665,754,2478,-10110976,1,1,14,1,287,0,0,0,1
443354489,1826008,2012379,1229375,1289785,238913,115473,174089,228845,962648,1022632,1133276,1154993,353807,290728,751821,699807,134305,227974,234560,160899,1272665,804493,272962,-8388607,0,2667,2664,2664,761,2473,-10110976,1,1,14,1,287,0,0,0,1
443354490,1823949,2014106,1231706,1292388,239093,115727,174075,228835,960588,1020151,1134180,1156251,353944,290711,753057,700459,134524,228026,234734,161151,1218911,776111,272994,-8388607,0,2665,2668,2666,755,2481,-10110976,1,1,14,1,287,0,0,0,1
443354491,1821316,2014169,1234105,1295225,238962,115473,174002,228931,958861,1017761,1134287,1157009,353846,290594,753361,701185,134303,227830,234713,161008,1165251,746945,273020,-8388607,0,2665,2665,2670,752,2476,-10110976,1,1,14,1,287,0,1,0,37
443354492,1818452,2013233,1236875,1298206,238707,115026,173916,228795,957047,1015781,1134424,1157029,353255,290263,753801,701502,134319,227904,234550,160755,1112775,717827,272873,-8388607,0,2668,2662,2662,758,2475,-10110976,1,1,14,1,287,0,1,0,37
443354493,1816625,2012641,1240377,1301257,238450,114933,173750,228664,955291,1013863,1134557,1156978,352867,289863,754024,702062,134482,227754,234614,160815,1061762,689751,272924,-8388607,0,2661,2664,2659,755,2480,-10110976,1,1,14,1,287,0,1,0,37
443354494,1816542,2012719,1242847,1304539,238171,114722,173413,228534,953836,1011720,1135105,1157476,351874,288973,753810,702536,134444,227688,234737,160876,1012468,663027,272937,-8388607,0,2662,2663,2663,751,2483,-10110976,1,1,14,1,287,0,1,0,37
443354495,1817715,2013411,1244668,1307230,238004,114489,173278,228486,952371,1009738,1135779,1158040,350935,288179,753776,703257,134485,227689,234718,160982,963936,637186,272849,-8388607,0,2663,2662,2659,756,2476,-10110976,1,1,14,1,287,0,1,0,37
443354496,1818929,2014846,1246371,1310135,238076,114466,173223,228394,950482,1007332,1136446,1158167,349930,287201,753567,703645,134516,227989,234789,160871,915285,611284,272866,-8388607,0,2663,2665,2658,755,2480,-10110976,1,1,14,1,287,0,1,0,37
443354497,1820447,2015558,1248435,1313712,238171,114654,173150,228562,949106,1005445,1137023,1158124,348829,286335,753334,704155,134537,228074,234749,160857,866871,585562,272955,-8388607,0,2659,2663,2666,751,2480,-10110976,1,1,14,1,287,0,1,0,37
443354498,1821084,2014956,1251346,1318230,238290,114655,173147,228666,947361,1003348,1137289,1157666,347743,285381,753080,704761,134461,228238,234726,161145,818146,559440,272893,-8388607,0,2665,2661,2665,756,2478,-10110976,1,1,14,1,287,0,1,0,37
443354499,1820392,2013869,1254924,1322982,238637,114852,173418,228806,946021,1001241,1137688,1157047,346590,284649,752890,704971,134835,228385,234850,161313,767920,532114,272807,-8388607,0,2661,2664,2660,760,2475,-10110976,1,1,14,1,287,0,1,0,37
443354500,1819320,2012449,1258033,1327255,238743,114975,173503,229100,944764,999391,1138210,1156598,345914,284124,752670,705394,134753,228395,235099,161226,717190,504743,272772,-8388607,0,2656,2661,2663,754,2482,-10110976,1,1,14,1,287,0,1,0,37
443354501,1818110,2010986,1260288,1331080,239150,115305,173628,229334,943265,997772,1138889,1156404,345318,283715,752118,705746,134857,228162,235311,161347,665808,477606,272877,-8388607,0,2661,2664,2668,755,2478,-10110976,1,1,14,1,287,0,1,0,37
443354502,1816143,2010736,1261595,1334383,239450,115530,173772,229516,941709,996491,1139496,1156024,345002,283528,752314,705965,134842,228087,235158,161242,613831,450401,272860,-8388607,0,2666,2665,2662,757,2475,-10110976,1,1,14,1,287,0,1,0,37
443354503,1813679,2010811,1263070,1337462,239313,115427,173605,229532,940309,995132,1139733,1155848,344435,283067,752590,706089,134891,228162,235091,161149,561556,423138,272765,-8388607,0,2662,2668,2662,755,2480,-10110976,1,1,14,1,287,0,1,0,37
443354504,1810506,2010150,1264694,1341418,239264,115561,173606,229502,938812,994072,1140146,1156035,344132,282855,753153,706293,134855,228079,235101,161223,508896,395365,272799,-8388607,0,2661,2664,2663,749,2479,-10110976,1,1,14,1,287,0,1,0,37
443354505,1806475,2009224,1267415,1345821,239174,115453,173683,229570,937504,993585,1140391,1156210,343716,282249,753810,707065,134810,228126,234981,161072,455959,367122,272775,-8388607,0,2662,2666,2664,756,2478,-10110976,1,1,14,1,287,0,1,0,37
443354506,1802281,2007849,1271493,1350348,239066,115107,173465,229478,936268,993189,1141100,1156776,343169,281442,754347,707298,134592,228210,234795,161131,404011,339309,272735,-8388607,0,2666,2670,2666,758,2477,-10110976,1,1,14,1,287,0,1,0,37
443354507,1798646,2006319,1275781,1354581,239050,114929,173236,229376,935221,993159,1141801,1158033,342463,280655,754747,707636,134392,228059,234700,161161,353987,312631,272819,-8388607,0,2666,2663,2665,751,2482,-10110976,1,1,14,1,287,0,1,0,37
443354508,1795876,2005413,1279523,1358249,238852,114688,173110,229099,933788,993515,1142580,1159651,341760,279957,755004,708177,134314,228054,234500,161146,306051,287476,272732,-8388607,0,2666,2664,2664,755,2478,-10110976,1,1,14,1,287,0,1,0,37
443354509,1792985,2005558,1282906,1361279,238570,114586,172819,229136,932468,993450,1143238,1161129,340856,279609,755337,708575,134324,227983,234703,160840,260726,264030,272684,-8388607,0,2661,2666,2662,758,2482,-10110976,1,1,14,1,287,0,1,0,37
443354510,1790153,2005705,1286005,1364460,238606,114733,172928,229055,931181,993208,1144057,1162418,340114,279089,755920,709050,134409,227703,234596,161022,217922,242223,272745,-8388607,0,2657,2663,2666,751,2481,-10110976,1,1,14,1,287,0,1,0,37
443354511,1787043,2005085,1288463,1367925,238641,114638,172783,229256,929632,992282,1144797,1163312,339113,278340,756036,709371,134211,227710,234376,160807,177933,221938,272708,-8388607,0,2667,2665,2661,749,2477,-10110976,1,1,14,1,287,0,1,0,37
443354512,1783319,2003541,1291986,1371210,238742,114917,172928,229299,927833,990574,1145392,1164430,338213,277519,756609,710412,134146,227738,234524,160635,141041,203264,272683,-8388607,0,2661,2663,2664,760,2477,-10110976,1,1,14,1,287,0,1,0,37
443354513,1778995,2000857,1295224,1373737,238969,115142,172950,229398,925670,988939,1146024,1165805,337782,276853,757263,711018,134193,227608,234449,160666,107160,186530,272595,-8388607,0,2663,2667,2661,753,2482,-10110976,1,1,14,1,287,0,1,0,37
443354514,1775407,1997147,1297766,1375634,239254,115190,173232,229443,923373,987283,1146572,1167481,337388,276014,758479,711950,134171,227754,234355,160808,77817,172834,272821,-8388607,0,2665,2663,2668,754,2475,-10110976,1,1,14,1,287,0,1,0,37
443354515,1772473,1993822,1300129,1376279,239546,115268,173225,229658,921316,985288,1147309,1169393,336956,275675,759554,713146,134228,227835,234541,160842,53254,162770,272688,-8388607,0,2661,2666,2662,759,2477,-10110976,1,1,14,1,287,0,1,0,37
443354516,1770445,1991228,1302321,1377128,239519,115432,173268,229812,919110,982968,1148108,1170794,336653,275318,760373,713901,134182,227934,234797,161086,33426,155313,272585,-8388607,0,2660,2666,2658,755,2480,-10110976,1,1,14,1,287,0,1,0,37
443354517,1768548,1988765,1304039,1378713,239407,115343,173175,229742,917266,979979,1149690,1172305,336204,275140,761739,714387,134368,227936,234992,161320,17431,149668,272735,-8388607,0,2665,2662,2666,752,2477,-10110976,1,1,14,1,287,0,1,0,37
443354518,1766337,1986820,1305959,1381125,239427,115226,173075,229797,915449,976516,1151105,1173877,336065,274946,762716,715211,134565,228084,235173,161443,5363,145284,272731,-8388607,0,2668,2662,2662,757,2476,-10110976,1,1,14,1,287,0,1,0,37
443354519,1763362,1984988,1307889,1384168,239242,115164,173077,229698,913357,972929,1153390,1175847,335698,274733,763400,715577,134554,228234,235106,161324,-3228,142419,272671,-8388607,0,2663,2666,2659,757,2481,-10110976,1,1,14,1,287,0,1,0,37
443354520,1759630,1982747,1309356,1387973,239129,115029,172850,229616,911212,969310,1155659,1177688,335378,274459,764195,715572,134797,228424,235337,161352,-8850,140364,272651,-8388607,0,2662,2661,2665,751,2484,-10110976,1,1,14,1,287,0,1,0,37
443354521,1755671,1980079,1310864,1391602,239108,114761,172979,229615,908857,966063,1158259,1180526,335028,273890,765031,715632,135197,228496,235257,161221,-12046,139039,272570,-8388607,0,2661,2662,2667,756,2478,-10110976,1,1,14,1,287,0,1,0,37
443354522,1751551,1977760,1312126,1394900,238975,114753,172694,229565,906433,962762,1161205,1182984,334487,272947,765421,715086,135468,228623,235144,161283,-12766,139037,272604,-8388607,0,2661,2665,2661,757,2478,-10110976,1,1,14,1,287,0,0,0,1
443354523,1747687,1975595,1313249,1398010,238925,114864,172731,229493,904454,959528,1163796,1185061,333625,271816,766071,714528,135319,228407,235218,161337,-13205,138629,272629,-8388607,0,2661,2665,2662,753,2482,-10110976,1,1,14,1,287,0,0,0,1
443354524,1743986,1973474,1314511,1401489,238927,114630,172557,229285,902323,955977,1166067,1186688,332708,270415,766405,714180,135247,228289,234998,161050,-13220,138762,272535,-8388607,0,2664,2661,2668,754,2478,-10110976,1,1,14,1,287,0,0,0,1
443354525,1739887,1971646,1316298,1405445,238925,114666,172790,229352,900118,952732,1168320,1188046,331849,269436,766491,714012,134846,228272,234901,161228,-12996,138889,272548,-8388607,0,2661,2665,2664,759,2475,-10110976,1,1,14,1,287,0,0,0,1
443354526,1735047,1969927,1318239,1410180,238927,114484,172549,229561,897773,949224,1170609,1189586,330934,268349,766442,714154,134524,228068,235056,161168,-13549,138378,272549,-8388607,0,2657,2668,2659,754,2480,-10110976,1,1,14,1,287,0,0,0,1
443354527,1729965,1967882,1320319,1414996,238947,114853,172765,229573,895233,946092,1173394,1191473,329910,267523,766455,713888,134208,227879,234854,160974,-13646,138030,272576,-8388607,0,2666,2666,2665,750,2478,-10110976,1,1,14,1,287,0,0,0,1
443354528,1725506,1965943,1323083,1419723,238904,114724,172745,229645,892683,943334,1176178,1193843,328738,266867,766032,713859,134143,227796,234479,161020,-13755,137652,272556,-8388607,0,2661,2668,2662,757,2477,-10110976,1,1,14,1,287,0,0,0,1
443354529,1721697,1964023,1326074,1424289,239046,114858,172928,229950,890406,940941,1178685,1195952,328028,266442,765574,714232,133923,227637,234420,161060,-14010,137625,272684,-8388607,0,2663,2667,2659,757,2477,-10110976,1,1,14,1,287,0,0,0,1
443354530,1718923,1961905,1329620,1427966,239108,114910,172941,229922,888004,938959,1180857,1198283,327354,265935,765204,714360,133784,227562,234269,160824,-13551,137948,272602,-8388607,0,2661,2662,2666,753,2477,-10110976,1,1,14,1,287,0,0,0,1
443354531,1716808,1960104,1333414,1431400,239119,114908,172948,229746,886171,938011,1182371,1200061,326946,265540,765052,714618,133968,227528,234386,160584,-13395,138182,272491,-8388607,0,2665,2662,2664,754,2478,-10110976,1,1,14,1,287,0,0,0,1
443354532,1714483,1958325,1336914,1434405,239273,114988,172774,229627,884277,937250,1183536,1201739,326439,265103,765224,715317,134112,227493,234589,160769,-13269,138379,272489,-8388607,0,2659,2667,2664,757,2477,-10110976,1,1,14,1,287,0,0,0,1
443354533,1711447,1955705,1339700,1437145,239323,115013,172901,229723,882451,936801,1184825,1203600,326113,264736,765718,716201,134395,227729,234804,161025,-13222,138342,272482,-8388607,0,2665,2665,2664,754,2484,-10110976,1,1,14,1,287,0,0,0,1
443354534,1707482,1952704,1341888,1439151,239192,115217,173030,229880,880674,935817,1186267,1205398,325767,264236,765903,716604,134641,227837,234967,161164,-13367,138149,272606,-8388607,0,2665,2659,2664,756,2478,-10110976,1,1,14,1,287,0,0,0,1
443354535,1703197,1949428,1343710,1440762,239357,115205,173035,230006,879000,935090,1187695,1207384,325082,263990,765815,717336,134789,228185,235158,161334,-13519,137948,272589,-8388607,0,2662,2666,2668,758,2478,-10110976,1,1,14,1,287,0,0,0,1
443354536,1698561,1945521,1344791,1442207,239199,115105,172935,230074,877730,934534,1189278,1209589,324396,263429,765850,718313,134965,228536,235127,161290,-13568,137719,272508,-8388607,0,2659,2668,2664,754,2481,-10110976,1,1,14,1,287,0,0,0,1
443354537,1694558,1942131,1346272,1443621,239226,114994,172974,230133,876337,934295,1190216,1211275,323671,262878,765873,719337,135145,228766,235200,161379,-13885,137269,272546,-8388607,0,2661,2662,2666,754,2478,-10110976,1,1,14,1,287,0,0,0,1
443354538,1690785,1939548,1348235,1445119,239158,114885,172973,230071,875327,933961,1190667,1212272,323004,262709,765667,719830,135204,228638,235293,161346,-13852,137060,272638,-8388607,0,2663,2664,2662,758,2475,-10110976,1,1,14,1,287,0,0,0,1
443354539,1687715,1937050,1350055,1447063,239079,114849,172792,229633,874292,933761,1191087,1213393,321854,262014,765669,720591,135030,228585,234951,161333,-13848,137188,272503,-8388607,0,2661,2666,2659,755,2481,-10110976,1,1,14,1,287,0,0,0,1
443354540,1684661,1935037,1352127,1449752,239214,114863,172660,229500,873905,933724,1191746,1214387,321051,261325,765840,721200,134947,228341,234881,160973,-13769,137257,272505,-8388607,0,2661,2663,2665,751,2479,-10110976,1,1,14,1,287,0,0,0,1
443354541,1681210,1933305,1354209,1452849,238921,114747,172560,229299,873084,933130,1192754,1215571,320076,260448,765809,721381,134738,227948,234956,160864,-13496,137586,272427,-8388607,0,2663,2664,2662,755,2476,-10110976,1,1,14,1,287,0,0,0,1
443354542,1677667,1931373,1356324,1456204,239007,114778,172731,229437,872653,932187,1194532,1217110,319353,259632,766105,721687,134444,227617,234832,160729,-13486,137391,272451,-8388607,0,2658,2667,2659,755,2480,-10110976,1,1,14,1,287,0,0,0,1
443354543,1674085,1929476,1358349,1460285,238754,114828,172823,229562,872509,932002,1196285,1218807,318680,258774,766386,722164,134233,227513,234750,160927,-13705,137140,272488,-8388607,0,2661,2663,2665,751,2484,-10110976,1,1,14,1,287,0,0,0,1
443354544,1670584,1927522,1360752,1464283,238835,114632,172862,229468,872547,931817,1197818,1220600,318103,257942,766893,722471,134100,227516,234468,160872,-13467,137331,272426,-8388607,0,2666,2661,2664,754,2478,-10110976,1,1,14,1,287,0,0,0,1
443354545,1667030,1925226,1362840,1467991,238792,114691,172803,229762,873028,931715,1199022,1221949,317550,257409,767272,722927,133980,227499,234320,160918,-13250,137530,272460,-8388607,0,2661,2665,2660,758,2479,-10110976,1,1,14,1,287,0,0,0,1
443354546,1663671,1921910,1364506,1471288,238842,114721,172755,229460,873758,931701,1200100,1222501,316957,256769,767877,723573,133891,227715,234305,160874,-13306,137386,272427,-8388607,0,2659,2665,2661,753,2484,-10110976,1,1,14,1,287,0,0,0,1
443354547,1659574,1918051,1366135,1473672,238997,114808,172786,229413,874431,931352,1201003,1223395,316528,256654,768252,723906,134125,227812,234574,161065,-13186,137408,272370,-8388607,0,2661,2664,2664,756,2477,-10110976,1,1,14,1,287,0,0,0,1
443354548,1654787,1913588,1367246,1476305,239186,114901,172711,229554,875041,930708,1202567,1224422,315963,256298,768782,724272,134305,227991,234957,161135,-13091,137395,272473,-8388607,0,2666,2665,2666,760,2477,-10110976,1,1,14,1,287,0,0,0,1
443354549,1649236,1908240,1368277,1478628,239275,115141,173043,229287,875215,930306,1203995,1225551,315341,255893,769122,724296,134577,227908,234872,160974,-13378,137101,272265,-8388607,0,2661,2666,2661,753,2480,-10110976,1,1,14,1,287,0,0,0,1
443354550,1643337,1902912,1369650,1481511,239374,115225,173245,229507,875258,929491,1205673,1226807,314985,255450,769393,724537,135051,228187,235095,161054,-13469,136911,272338,-8388607,0,2665,2663,2670,751,2477,-10110976,1,1,14,1,287,0,0,0,1
443354551,1637960,1898009,1371370,1484161,239469,115133,173391,229775,875535,928669,1207090,1227979,314657,254761,770097,724901,135433,228297,235415,161187,-13759,136471,272348,-8388607,0,2665,2665,2662,757,2476,-10110976,1,1,14,1,287,0,0,0,1
443354552,1633332,1893344,1373467,1486926,239186,115111,173465,229760,875483,928005,1208152,1228995,314130,254363,770753,724954,135337,228442,235201,161117,-13789,136260,272527,-8388607,0,2659,2669,2659,755,2481,-10110976,1,1,14,1,287,0,0,0,1
443354553,1629561,1889339,1375854,1489410,239098,115175,173158,229540,875363,927233,1209240,1229802,313495,253372,771240,725465,135198,228424,234973,161082,-13871,136498,272349,-8388607,0,2661,2666,2661,743,2487,-10110976,1,1,14,1,287,0,0,0,1
443354554,1626595,1886070,1378646,1491613,238875,115039,173311,229476,874905,926749,1210152,1231265,312799,252526,771565,725819,134913,228300,234912,161215,-13756,136754,272322,-8388607,0,2668,2662,2665,756,2476,-10110976,1,1,14,1,287,0,0,0,1
443354555,1623321,1882444,1381532,1493792,238924,114976,173189,229348,873954,925804,1211644,1233236,312138,251966,771833,725760,134786,228345,234720,161238,-13382,137021,272371,-8388607,0,2664,2667,2661,756,2481,-10110976,1,1,14,1,287,0,0,0,1
443354556,1619718,1878892,1384127,1496122,238882,115029,173185,229231,872742,924616,1214158,1235180,311296,251199,771768,726116,134577,228005,234895,161296,-13233,137031,272427,-8388607,0,2659,2663,2664,753,2481,-10110976,1,1,14,1,287,0,0,0,1
443354557,1615771,1875424,1386650,1498608,238959,114911,173125,229153,871090,923092,1216765,1238026,310541,250741,772053,726404,134303,227539,234650,161293,-13332,137002,272305,-8388607,0,2661,2663,2665,755,2478,-10110976,1,1,14,1,287,0,0,0,1
443354558,1611366,1872181,1388902,1500771,238562,114763,173000,229074,869936,921819,1219669,1240330,309897,250115,772716,727061,134046,227642,234651,160789,-13300,136915,272275,-8388607,0,2660,2667,2663,758,2477,-10110976,1,1,14,1,287,0,0,0,1
443354559,1607477,1868804,1390223,1502749,238590,114645,172937,228836,868524,920273,1222191,1242539,309105,249065,773354,727873,133945,227289,234509,160691,-13656,136395,272201,-8388607,0,2661,2668,2664,755,2481,-10110976,1,1,14,1,287,0,0,0,1
443354560,1603502,1865818,1391137,1504277,238639,114769,173313,229012,867111,919245,1224609,1244888,308624,248649,774328,728976,134162,227485,234667,161021,-13625,136242,272276,-8388607,0,2665,2662,2664,753,2478,-10110976,1,1,14,1,287,0,0,0,1
443354561,1599613,1863106,1391444,1505541,238546,114754,173334,228892,865209,918042,1227149,1247157,308405,248150,775313,730080,134108,227458,234507,160515,-13283,136577,272307,-8388607,0,2663,2664,2663,756,2476,-10110976,1,1,14,1,287,0,0,0,1
443354562,1595536,1860197,1391622,1506884,238693,114697,173221,229136,863021,916598,1230293,1250227,307918,247795,776192,731068,134059,227539,234443,160614,-13282,136658,272178,-8388607,0,2661,2666,2659,754,2479,-10110976,1,1,14,1,287,0,0,0,1
443354563,1591133,1857079,1391933,1508310,238813,114963,173475,229173,860837,914863,1233695,1253639,307643,247848,777199,731615,134361,227880,234778,161048,-13350,136480,272096,-8388607,0,2661,2664,2666,750,2479,-10110976,1,1,14,1,287,0,0,0,1
443354564,1586514,1853654,1392615,1510440,238831,115300,173837,229189,858631,912963,1237643,1257423,307405,247760,778107,732508,134677,228121,235056,161247,-13631,136041,272346,-8388607,0,2665,2666,2665,756,2476,-10110976,1,1,14,1,287,0,0,0,1
443354565,1582309,1850676,1393691,1513497,239037,115272,173824,229299,856308,910911,1241343,1260989,306733,247357,778768,732668,134720,228229,234828,161398,-13916,135572,272282,-8388607,0,2662,2663,2659,753,2480,-10110976,1,1,14,1,287,0,0,0,1
443354566,1578949,1848194,1395590,1516770,238970,115306,173815,229093,854582,909035,1244652,1264111,306183,246848,779475,733225,134751,228425,235037,161374,-13617,135899,272096,-8388607,0,2663,2663,2664,752,2477,-10110976,1,1,14,1,287,0,0,0,1
443354567,1576164,1845637,1397693,1520182,238924,115315,173561,229074,852944,907546,1247540,1267027,305699,246540,780235,734026,134946,228423,235157,161468,-13440,136242,272193,-8388607,0,2663,2663,2664,756,2478,-10110976,1,1,14,1,287,0,0,0,1
443354568,1573539,1842398,1399610,1522976,238913,115162,173495,228835,851165,905993,1250487,1270067,304844,245456,781084,734288,134911,228449,235022,161309,-13376,136230,272072,-8388607,0,2659,2667,2659,760,2477,-10110976,1,1,14,1,287,0,0,0,1
443354569,1570283,1838676,1401640,1525520,238550,115010,173389,228763,849754,904289,1253299,1273040,304118,244823,781629,734542,135040,228287,235077,161104,-12956,136758,272068,-8388607,0,2657,2664,2666,754,2482,-10110976,1,1,14,1,287,0,0,0,1
443354570,1566261,1834185,1403491,1528257,238404,114911,173416,228740,847998,902810,1256483,1277041,303126,243685,782227,734809,134774,228048,234957,161063,-12701,136881,272128,-8388607,0,2665,2661,2666,760,2477,-10110976,1,1,14,1,287,0,0,0,1
443354571,1560994,1828585,1405173,1531033,238484,114715,173361,228544,845823,900909,1259294,1280406,302129,242683,782132,735331,134617,227849,234580,160917,-12992,136471,272230,-8388607,0,2661,2667,2664,759,2471,-10110976,1,1,14,1,287,0,0,0,1
443354572,1555270,1823155,1406985,1533985,238355,114744,173518,228521,843720,898950,1261886,1283681,301501,241936,782255,735807,134423,227723,234689,160856,-13430,135972,272285,-8388607,0,2658,2669,2664,756,2481,-10110976,1,1,14,1,287,0,0,0,1
443354573,1549797,1818119,1408689,1536651,238310,114837,173482,228509,841775,897089,1263723,1286462,300532,241029,782218,736260,134246,227548,234527,160981,-13932,135191,272198,-8388607,0,2662,2664,2666,750,2479,-10110976,1,1,14,1,287,0,0,0,1
443354574,1545435,1813638,1410551,1538875,238312,114790,173552,228433,840264,895383,1264975,1288812,299965,240604,782075,736802,134031,227578,234466,160814,-13876,135131,272200,-8388607,0,2661,2664,2659,755,2475,-10110976,1,1,14,1,287,0,0,0,1
443354575,1541993,1809693,1412681,1540881,238281,114768,173442,228292,838624,893687,1266589,1291020,299557,240002,781789,737475,133945,227553,234629,161186,-13458,135549,272218,-8388607,0,2660,2667,2662,754,2477,-10110976,1,1,14,1,287,0,0,0,1
443354576,1539022,1805960,1415295,1542970,238537,114942,173750,228445,837456,891919,1268018,1293294,298863,239701,781908,738092,134006,227792,234758,161240,-13698,135643,272054,-8388607,0,2665,2662,2663,751,2479,-10110976,1,1,14,1,287,0,0,0,1
443354577,1536435,1802679,1418289,1545518,238760,115058,173928,228599,836585,890460,1270194,1296084,298176,239440,781727,738728,134307,227986,234987,161485,-13523,135629,272175,-8388607,0,2668,2666,2664,756,2477,-10110976,1,1,14,1,287,0,0,0,1
443354578,1534227,1799454,1421984,1548490,238840,115376,174236,228563,835479,889047,1271975,1298719,297693,238855,782183,739463,134653,227964,234995,161355,-13473,135836,272123,-8388607,0,2663,2668,2662,754,2480,-10110976,1,1,14,1,287,0,0,0,1
443354579,1532330,1796701,1425254,1551737,238969,115531,174345,228831,834508,887733,1274127,1301147,296960,238391,782774,740107,134963,228348,235218,161254,-13299,135891,272157,-8388607,0,2661,2664,2664,754,2482,-10110976,1,1,14,1,287,0,0,0,1
443354580,1529961,1794023,1427891,1554460,238965,115631,174273,228642,834118,886409,1276308,1303095,296575,237876,783051,740867,135265,228357,235316,161283,-13142,136121,272112,-8388607,0,2661,2658,2664,754,2477,-10110976,1,1,14,1,287,0,0,0,1
443354581,1527462,1791180,1429410,1556507,238779,115504,174148,228671,833358,885073,1277975,1304577,296040,237115,783193,741353,135320,228461,235238,161064,-13363,135917,272076,-8388607,0,2664,2661,2662,758,2479,-10110976,1,1,14,1,287,0,0,0,1
443354582,1524808,1788163,1430247,1558132,238532,115465,174134,228466,832753,883767,1280214,1305546,295325,236740,783207,741177,135395,228370,235078,161136,-13038,136317,272006,-8388607,0,2659,2666,2662,753,2482,-10110976,1,1,14,1,287,0,0,0,1
443354583,1521548,1784281,1430728,1558928,238374,115344,173916,228181,832131,882680,1282022,1307112,294361,236170,782907,741074,135062,228301,234990,161184,-12836,136554,272060,-8388607,0,2664,2661,2666,752,2477,-10110976,1,1,14,1,287,0,0,0,1
443354584,1518174,1779358,1431055,1559240,238351,115245,173638,228065,831410,881604,1284353,1308345,293878,235563,782756,741057,134945,228200,234950,161298,-13134,135941,272114,-8388607,0,2661,2665,2662,757,2475,-10110976,1,1,14,1,287,0,0,0,1
443354585,1514552,1773934,1431693,1559239,238154,114960,173662,228057,830555,880593,1286315,1309817,292998,234778,782483,740926,134726,228003,234893,161138,-13660,135345,271970,-8388607,0,2659,2670,2666,754,2479,-10110976,1,1,14,1,287,0,0,0,1
443354586,1511341,1768656,1432559,1559978,237990,114709,173693,228051,829466,879727,1287828,1310682,292034,233784,782118,741366,134230,227777,234585,160917,-13669,135226,272083,-8388607,0,2668,2663,2666,752,2477,-10110976,1,1,14,1,287,0,0,0,1
443354587,1508485,1764314,1434114,1561557,237773,114800,173732,227880,828724,878567,1289113,1311286,291081,233187,782477,741631,134088,227365,234355,160904,-13645,134995,271985,-8388607,0,2668,2663,2662,756,2476,-10110976,1,1,14,1,287,0,0,0,1
443354588,1506241,1760775,1435780,1563846,237766,114646,173714,227842,828096,877281,1290553,1311402,290365,232683,782732,742046,133948,227351,234428,160852,-13665,135048,271860,-8388607,0,2660,2668,2659,755,2479,-10110976,1,1,14,1,287,0,0,0,1
443354589,1504284,1758149,1437887,1566552,237734,114739,173672,227946,827351,876465,1291539,1312183,289738,231702,783431,742325,133893,227475,234437,160874,-13476,135088,271997,-8388607,0,2660,2666,2661,748,2481,-10110976,1,1,14,1,287,0,0,0,1
443354590,1502444,1755881,1440243,1569905,237887,114979,173744,228199,826586,876038,1292683,1313124,289288,231137,784091,742684,133996,227513,234592,160771,-13417,135351,272035,-8388607,0,2663,2661,2666,757,2477,-10110976,1,1,14,1,287,0,0,0,1
443354591,1500863,1753513,1443235,1573529,238174,115076,174066,228016,826144,875647,1294595,1314499,289065,230666,784519,742912,134283,227785,234631,160985,-12897,136106,271987,-8388607,0,2663,2665,2664,757,2480,-10110976,1,1,14,1,287,0,0,0,1
443354592,1498845,1750607,1446441,1576776,238282,115396,174118,228242,825997,875554,1295776,1315669,288861,230463,785571,742960,134724,228084,235081,161118,-12758,136205,272060,-8388607,0,2661,2664,2664,754,2481,-10110976,1,1,14,1,287,0,0,0,1
443354593,1495752,1747349,1448976,1579781,238572,115422,174250,228291,825411,875220,1296652,1316577,288649,230392,786759,743301,134884,228260,235176,161210,-13313,135605,271950,-8388607,0,2672,2663,2666,756,2477,-10110976,1,1,14,1,287,0,0,0,1
443354594,1492762,1743563,1451303,1581751,238650,115494,174321,228230,824398,875122,1296961,1317327,288388,229848,787843,743726,135007,228493,235137,161350,-13564,135160,272086,-8388607,0,2659,2665,2666,759,2477,-10110976,1,1,14,1,287,0,0,0,1
443354595,1489982,1740104,1453599,1583746,238685,115526,174699,228365,823409,875158,1297167,1318310,288355,229624,789529,744719,135189,228495,235310,161330,-13328,135367,271923,-8388607,0,2657,2666,2662,754,2481,-10110976,1,1,14,1,287,0,0,0,1
443354596,1487352,1736402,1455408,1585015,238519,115633,174428,228347,821670,875019,1297245,1319661,287877,229003,790639,745469,135325,228612,235336,161505,-13208,135589,272028,-8388607,0,2672,2663,2666,752,2477,-10110976,1,1,14,1,287,0,0,0,1
443354597,1484966,1732950,1456953,1586272,238377,115451,174170,228188,819707,874369,1297705,1321392,287143,228163,792288,746186,135189,228528,235129,161580,-13364,135286,271995,-8388607,0,2668,2666,2662,755,2475,-10110976,1,1,14,1,287,0,0,0,1
443354598,1482725,1729947,1459006,1588108,238061,115356,174078,228041,818008,873675,1298490,1322905,286429,228003,793554,747013,134990,228430,235174,161425,-13567,134897,271967,-8388607,0,2659,2670,2661,753,2480,-10110976,1,1,14,1,287,0,0,0,1
443354599,1480798,1727246,1461815,1590886,238115,115063,173897,227794,816700,873002,1299843,1324893,285878,227325,794809,747847,134869,228174,234773,160991,-13684,134944,271991,-8388607,0,2666,2664,2663,750,2479,-10110976,1,1,14,1,287,0,0,0,1
443354600,1479189,1724968,1464661,1594017,238042,115027,173840,227873,815499,871814,1300887,1326497,285170,227029,795842,749009,134665,227790,234671,160900,-13293,135264,271938,-8388607,0,2664,2661,2664,754,2476,-10110976,1,1,14,1,287,0,0,0,1
443354601,1477763,1723280,1468005,1597316,238007,114964,173923,227816,814193,870705,1301971,1328252,284482,226367,797074,750417,134287,227433,234539,160737,-13442,135148,272124,-8388607,0,2660,2669,2659,755,2480,-10110976,1,1,14,1,287,0,0,0,1
443354602,1477046,1721704,1470930,1600530,237998,114796,174022,227759,812722,869767,1302964,1330039,283760,225782,797880,751608,134146,227449,234367,160694,-13487,135149,271947,-8388607,0,2663,2665,2665,751,2482,-10110976,1,1,14,1,287,0,0,0,1
443354603,1476403,1720092,1473886,1603564,238049,114880,173966,227760,811140,868920,1304028,1331996,283139,225239,798713,753019,133853,227458,234468,160722,-13275,135380,272069,-8388607,0,2665,2663,2665,755,2478,-10110976,1,1,14,1,287,0,0,0,1
443354604,1475713,1718324,1476611,1606548,237971,114905,173967,227766,809556,867746,1305542,1334595,282583,224622,799910,754673,133652,227369,234469,160595,-13250,135596,272002,-8388607,0,2661,2665,2661,758,2478,-10110976,1,1,14,1,287,0,0,0,1
443354605,1474739,1716335,1479060,1608845,238174,115358,173983,228070,807919,865909,1307829,1337142,282409,224379,800899,756651,134039,227652,234800,161165,-13007,135746,271995,-8388607,0,2655,2667,2664,754,2482,-10110976,1,1,14,1,287,0,0,0,1
443354606,1473193,1713399,1481190,1610880,238301,115409,174154,228275,806104,862948,1310070,1339287,281635,223895,801814,758543,134215,227884,234814,161222,-13123,135467,271888,-8388607,0,2661,2666,2668,754,2478,-10110976,1,1,14,1,287,0,0,0,1
443354607,1471527,1710430,1483163,1612889,238432,115571,174398,228299,803893,859602,1312329,1340855,280945,223492,803012,759792,134388,227876,234931,161038,-13498,135100,271859,-8388607,0,2665,2666,2662,759,2475,-10110976,1,1,14,1,287,0,0,0,1
443354608,1469824,1707391,1485356,1614671,238484,115472,174558,228540,801533,855563,1314546,1342011,280359,223360,803600,761184,134770,228261,234922,161175,-13383,135007,271894,-8388607,0,2661,2666,2662,754,2480,-10110976,1,1,14,1,287,0,0,0,1
443354609,1468233,1704566,1487269,1616950,238659,115405,174498,228388,798700,851528,1316245,1343159,279986,223114,804107,762107,134927,228427,234976,161065,-13366,134908,271967,-8388607,0,2663,2662,2666,751,2477,-10110976,1,1,14,1,287,0,0,0,1
443354610,1466576,1702446,1489347,1619866,238494,115456,174566,228421,795971,847182,1318569,1344330,279647,222616,804849,762868,135250,228358,235072,161325,-13719,134655,271831,-8388607,0,2666,2666,2661,755,2477,-10110976,1,1,14,1,287,0,0,0,1
443354611,1465332,1700867,1492001,1623569,238501,115417,174261,228311,793135,843120,1321004,1346008,279510,222283,805387,763152,135249,228501,235246,161456,-13523,134809,271937,-8388607,0,2660,2666,2659,756,2481,-10110976,1,1,14,1,287,0,0,0,1
443354612,1464498,1699729,1495039,1627750,238407,115258,174074,228102,790534,839741,1323058,1347770,278706,221502,805860,763582,135307,228291,235233,161438,-13327,135035,272067,-8388607,0,2660,2664,2664,749,2478,-10110976,1,1,14,1,287,0,0,0,1
443354613,1464242,1698406,1498309,1632092,238077,114995,173906,227931,788120,836479,1324917,1349506,278048,220543,806639,763817,135115,228182,235237,161272,-13388,135096,272094,-8388607,0,2665,2663,2666,757,2477,-10110976,1,1,14,1,287,0,0,0,1
443354614,1463889,1697048,1501855,1636291,237929,114855,173809,227988,785499,833430,1326707,1350784,277297,219520,807100,764067,134912,228219,235084,161054,-13114,135217,272047,-8388607,0,2663,2667,2661,754,2479,-10110976,1,1,14,1,287,0,0,0,1
443354615,1463402,1695403,1505843,1640175,237949,114741,173797,228002,782946,830435,1328479,1352257,276388,218587,807428,764595,134671,228028,234680,160970,-13012,135510,272031,-8388607,0,2660,2665,2665,753,2484,-10110976,1,1,14,1,287,0,0,0,1
443354616,1462496,1693525,1509526,1643885,237911,114667,173684,227920,780792,827517,1330192,1353613,275548,217686,807696,764971,134350,227880,234560,160814,-12946,135778,272054,-8388607,0,2661,2659,2670,755,2478,-10110976,1,1,14,1,287,0,0,0,1
443354617,1461022,1691560,1512787,1647380,237909,114696,173618,227998,777989,824883,1332101,1355629,274573,217252,807633,765281,134061,227810,234493,161023,-12978,135719,272095,-8388607,0,2663,2665,2662,758,2479,-10110976,1,1,14,1,287,0,0,0,1
443354618,1459240,1689361,1516150,1650656,238194,114895,173561,227973,775263,822277,1333287,1357256,273705,216642,807145,765267,134250,227729,234430,160797,-13266,135214,272016,-8388607,0,2661,2666,2664,754,2481,-10110976,1,1,14,1,287,0,0,0,1
443354619,1457116,1687183,1519209,1653787,238113,114835,173760,227964,772329,819808,1334372,1358832,273165,216082,806874,765204,134023,227688,234623,160888,-13404,134875,272002,-8388607,0,2665,2664,2668,751,2477,-10110976,1,1,14,1,287,0,0,0,1
443354620,1455227,1685389,1522661,1657187,238371,115070,173915,228267,769132,818213,1334652,1360245,272510,215510,806606,765319,134171,227462,234778,160960,-13490,134768,271946,-8388607,0,2665,2667,2664,755,2473,-10110976,1,1,14,1,287,0,0,0,1
443354621,1453652,1683621,1526210,1660481,238727,115191,174150,228447,765797,816360,1334406,1361152,272087,214963,806876,765438,134361,227535,235035,160888,-13577,134802,272010,-8388607,0,2658,2668,2662,754,2479,-10110976,1,1,14,1,287,0,0,0,1
443354622,1452804,1681886,1530115,1663673,238891,115382,174270,228665,762423,814667,1333809,1361830,271673,214521,807292,765693,134481,227781,235109,160978,-13634,134553,272084,-8388607,0,2664,2663,2666,749,2477,-10110976,1,1,14,1,287,0,0,0,1
443354623,1452456,1680450,1534570,1667021,238983,115332,174378,228832,759396,813144,1333188,1362416,271103,213712,808001,766383,134605,228076,235061,161165,-13599,134673,272029,-8388607,0,2666,2663,2663,754,2478,-10110976,1,1,14,1,287,0,0,0,1
443354624,1452901,1679341,1539620,1670653,238935,115628,174427,228829,756500,811722,1333047,1363649,270652,212996,808880,766770,134733,228345,234907,161242,-13362,135002,271961,-8388607,0,2662,2668,2659,754,2479,-10110976,1,1,14,1,287,0,0,0,1
443354625,1453469,1678010,1544577,1674581,238901,115447,174225,228640,754122,810780,1333098,1364509,270159,212443,809628,767316,134944,228298,234996,161334,-12897,135468,272026,-8388607,0,2661,2664,2661,754,2481,-10110976,1,1,14,1,287,0,0,0,1
443354626,1453254,1676939,1548426,1678518,238748,115246,174034,228734,752159,809841,1333334,1365783,269863,212172,809880,767864,135051,228416,234891,161532,-12969,135433,272018,-8388607,0,2661,2662,2666,756,2476,-10110976,1,1,14,1,287,0,0,0,1
443354627,1452548,1675782,1551782,1682012,238555,115231,173736,228634,750886,809275,1333304,1366321,269169,211704,810577,768209,135135,228292,235118,161125,-13163,135326,271977,-8388607,0,2662,2667,2664,757,2480,-10110976,1,1,14,1,287,0,0,0,1
443354628,1451233,1673981,1554192,1685389,238485,115074,173683,228550,749955,808700,1333614,1366634,268625,211739,811254,768745,134963,228183,234998,161138,-12914,135623,271997,-8388607,0,2662,2669,2661,754,2482,-10110976,1,1,14,1,287,0,0,0,1
443354629,1449502,1671882,1556142,1687996,238358,114951,173489,228367,749539,808262,1333761,1366854,268119,211406,811713,769206,134805,227920,234760,161036,-12859,135615,271859,-8388607,0,2665,2663,2666,754,2477,-10110976,1,1,14,1,287,0,0,0,1
443354630,1447738,1669217,1558320,1690138,238411,114732,173425,228291,748821,807502,1334223,1367143,267377,210830,812996,769746,134755,227855,234704,160878,-13079,135285,271961,-8388607,0,2664,2665,2662,761,2473,-10110976,1,1,14,1,287,0,0,0,1
443354631,1445752,1665884,1560440,1692271,238348,114499,173404,228341,748060,806521,1334877,1367337,266986,210139,814229,770207,134471,227739,234650,160840,-13250,135002,271928,-8388607,0,2659,2664,2664,753,2481,-10110976,1,1,14,1,287,0,0,0,1
443354632,1444300,1662712,1562997,1694931,238435,114469,173352,228198,747667,805200,1335147,1367457,266411,209459,815677,771033,134250,227967,234519,161035,-13340,134639,271908,-8388607,0,2657,2665,2668,752,2479,-10110976,1,1,14,1,287,0,0,0,1
443354633,1442522,1660529,1565834,1698395,238373,114465,173320,228286,746628,804076,1335455,1367327,266049,208738,817151,771650,134230,227891,234543,160962,-13566,134522,271936,-8388607,0,2666,2667,2661,755,2475,-10110976,1,1,14,1,287,0,0,0,1
443354634,1441233,1659059,1568655,1702521,238416,114841,173218,228559,745901,801894,1335131,1366275,265556,208216,818594,772107,134235,227837,234657,161150,-13519,134613,272023,-8388607,0,2659,2669,2664,756,2477,-10110976,1,1,14,1,287,0,0,0,1
443354635,1440601,1658093,1572032,1707047,238404,114830,173420,228833,745031,799971,1334584,1365392,265196,207513,819560,772767,134181,227860,234899,161282,-13578,134769,271984,-8388607,0,2663,2662,2664,751,2480,-10110976,1,1,14,1,287,0,0,0,1
443354636,1440519,1657158,1575659,1711518,238844,114959,173725,229043,744093,798068,1334359,1364984,264719,207122,820655,773459,134412,227967,235120,161101,-13258,135171,271849,-8388607,0,2665,2662,2662,756,2476,-10110976,1,1,14,1,287,0,0,0,1
443354637,1440568,1656125,1579922,1715984,238923,115089,173865,229376,743065,796561,1334457,1364925,263952,206725,821754,774257,134640,227885,234859,161047,-12940,135512,271831,-8388607,0,2656,2667,2659,758,2477,-10110976,1,1,14,1,287,0,0,0,1
443354638,1440499,1654626,1584127,1720389,239227,115329,173863,229264,742176,794973,1334669,1365332,263359,206423,822971,775059,134862,228067,235138,161093,-12734,135565,271980,-8388607,0,2660,2665,2664,756,2481,-10110976,1,1,14,1,287,0,0,0,1
443354639,1439431,1652584,1588257,1724072,239369,115144,173809,229189,741712,793307,1335180,1365423,262892,205867,824158,776145,135102,228180,235035,161235,-13019,135410,271940,-8388607,0,2666,2663,2661,759,2477,-10110976,1,1,14,1,287,0,0,0,1
443354640,1437957,1650090,1591924,1727374,239395,115238,173660,229156,741442,792073,1335614,1365592,262434,205311,825388,777248,135113,228370,234917,161083,-13067,135245,271865,-8388607,0,2665,2665,2663,758,2476,-10110976,1,1,14,1,287,0,0,0,1
443354641,1435696,1647217,1594611,1730277,239242,115299,173592,229103,741318,790932,1335697,1365732,261807,204637,826459,778222,135133,228303,235041,161282,-12891,135283,271967,-8388607,0,2659,2666,2663,753,2483,-10110976,1,1,14,1,287,0,0,0,1
443354642,1433189,1644425,1597012,1732721,238960,115082,173401,229080,740636,789815,1335968,1365840,261392,204009,827846,779507,134918,228279,234809,161200,-13254,135174,271952,-8388607,0,2655,2665,2665,751,2482,-10110976,1,1,14,1,287,0,0,0,1
443354643,1430724,1641454,1599531,1734904,238945,114949,173297,229094,739397,788549,1336052,1366659,260816,203410,828827,780443,134721,228151,234819,161175,-13647,134692,271843,-8388607,0,2663,2666,2662,757,2478,-10110976,1,1,14,1,287,0,0,0,1
443354644,1428811,1638686,1602805,1737079,238486,114885,173235,229214,738008,787090,1336414,1368107,260636,202998,829629,781762,134660,227932,234931,161016,-13696,134643,271887,-8388607,0,2661,2668,2662,754,2481,-10110976,1,1,14,1,287,0,0,0,1
443354645,1427909,1635922,1606912,1739727,238592,114720,173005,229095,735960,785446,1337036,1369754,260351,202699,830480,782797,134403,227721,234744,161123,-13615,134462,271885,-8388607,0,2663,2664,2666,749,2479,-10110976,1,1,14,1,287,0,0,0,1
443354646,1427788,1633439,1611695,1742139,238505,114709,173047,228960,733268,783445,1337827,1371151,259655,202186,830671,783638,134318,227706,234662,161030,-13338,134695,271893,-8388607,0,2668,2662,2661,755,2478,-10110976,1,1,14,1,287,0,0,0,1
443354647,1428067,1631261,1616337,1744634,238648,114643,172897,228772,730751,781380,1338214,1372253,259144,201755,831460,784860,134287,227604,234644,160909,-13426,134633,271865,-8388607,0,2658,2668,2663,757,2479,-10110976,1,1,14,1,287,0,0,0,1
443354648,1428573,1629274,1620486,1747037,238982,114753,172889,228776,727980,779434,1338834,1373408,258436,201317,832279,786127,134397,227695,234642,160834,-13269,134964,272017,-8388607,0,2662,2663,2665,754,2484,-10110976,1,1,14,1,287,0,0,0,1
443354649,1428695,1627342,1624025,1749537,238960,114664,172910,229006,725118,777307,1339456,1374912,257655,200637,833060,787690,134441,227719,234573,160838,-12833,135469,271838,-8388607,0,2668,2663,2666,756,2477,-10110976,1,1,14,1,287,0,0,0,1
443354650,1427850,1625453,1626664,1751931,239242,114849,173193,229446,722452,775536,1340903,1376630,257004,200190,833956,789584,134581,227845,234616,160984,-12580,136029,271833,-8388607,0,2672,2667,2662,760,2477,-10110976,1,1,14,1,287,0,0,0,1
443354651,1425794,1622960,1628746,1754132,239324,115052,173444,229600,719924,773549,1342956,1378717,256206,199213,834712,790915,134447,227906,234923,160831,-12876,135587,271880,-8388607,0,2660,2660,2666,755,2481,-10110976,1,1,14,1,287,0,0,0,1
443354652,1423364,1619890,1630346,1756155,239329,115095,173592,229710,717426,771665,1345606,1381004,255423,198896,835539,792132,134601,228130,234788,160944,-13160,135093,271859,-8388607,0,2661,2662,2666,753,2478,-10110976,1,1,14,1,287,0,0,0,1
443354653,1421063,1616720,1632076,1758254,239254,115196,173500,229780,714978,769418,1347939,1383573,255051,198467,836536,793190,134781,228093,235026,161208,-13328,134840,271786,-8388607,0,2661,2665,2662,756,2475,-10110976,1,1,14,1,287,0,0,0,1
443354654,1418737,1613198,1633972,1760203,239430,115233,173102,229764,712268,767545,1350359,1385991,254813,198134,837086,794017,134787,228132,235018,161384,-13339,134498,271857,-8388607,0,2661,2669,2661,752,2480,-10110976,1,1,14,1,287,0,0,0,1
443354655,1416387,1610311,1635878,1762372,239540,115403,173131,229757,709459,765526,1352756,1388112,254195,197729,837768,794729,134954,228301,234985,161526,-13555,134412,271792,-8388607,0,2664,2663,2666,752,2477,-10110976,1,1,14,1,287,0,0,0,1
443354656,1414542,1608524,1638213,1765393,239203,115045,173037,229511,706775,763342,1354910,1390288,253696,197427,838611,795039,135001,228350,234906,161419,-13921,134082,271754,-8388607,0,2668,2663,2662,755,2475,-10110976,1,1,14,1,287,0,0,0,1
443354657,1413445,1607018,1641485,1769829,239262,114851,173015,229704,704596,760862,1357820,1392251,253435,196938,839417,796080,135014,228356,234897,161263,-13426,134609,271842,-8388607,0,2661,2668,2664,754,2480,-10110976,1,1,14,1,287,0,0,0,1
443354658,1412710,1605821,1645118,1774770,239201,114703,172995,229604,702513,758155,1360957,1394493,252605,196338,840347,796482,134910,228093,234796,161067,-12984,135052,271752,-8388607,0,2662,2663,2666,751,2480,-10110976,1,1,14,1,287,0,0,0,1
443354659,1412030,1604719,1649242,1779532,238878,114590,172925,229405,700424,755531,1363801,1396881,251801,195839,841181,796825,134813,227940,234779,160983,-13160,135094,271763,-8388607,0,2668,2659,2664,756,2478,-10110976,1,1,14,1,287,0,0,0,1
443354660,1411073,1602924,1653372,1783920,238848,114372,172738,229436,698261,752945,1366260,1398988,251474,194751,841831,797383,134507,227742,234746,160914,-12993,135280,271654,-8388607,0,2662,2664,2664,757,2477,-10110976,1,1,14,1,287,0,0,0,1
443354661,1409772,1600385,1657135,1787610,238439,114331,172478,229244,696061,750698,1367966,1400490,250864,194337,842029,797726,134670,227812,235017,160873,-12939,135467,271844,-8388607,0,2663,2666,2663,753,2484,-10110976,1,1,14,1,287,0,0,0,1
443354662,1407934,1597123,1660785,1790284,238707,114342,172324,229062,693668,748204,1369281,1402141,250148,193527,842453,797939,134374,227595,234769,160995,-12946,135533,271788,-8388607,0,2665,2663,2663,756,2478,-10110976,1,1,14,1,287,0,0,0,1
443354663,1405450,1593185,1664034,1791866,238879,114611,172587,229344,691712,746062,1370095,1403570,249616,193020,842872,798064,134368,227853,234545,161164,-12845,135360,271846,-8388607,0,2661,2664,2660,758,2475,-10110976,1,1,14,1,287,0,0,0,1
443354664,1402719,1589073,1666824,1792969,239208,114802,172718,229492,689509,743907,1371337,1405299,249033,192535,842770,798238,134156,227924,234524,161277,-13226,134963,271794,-8388607,0,2655,2668,2662,753,2482,-10110976,1,1,14,1,287,0,0,0,1
443354665,1399591,1585145,1669768,1794143,239345,114986,172899,229724,687885,741758,1372944,1407517,248691,191702,842802,798829,134144,228186,234652,160948,-13541,134381,271829,-8388607,0,2663,2664,2666,754,2478,-10110976,1,1,14,1,287,0,0,0,1
443354666,1396917,1581825,1672903,1795578,239305,115018,172981,229806,686125,739911,1373978,1409626,247926,191199,843363,799014,134108,227875,234525,160971,-13448,134321,271760,-8388607,0,2663,2665,2662,758,2473,-10110976,1,1,14,1,287,0,0,0,1
443354667,1394891,1578933,1675879,1797482,239737,115284,173320,230137,684672,738071,1375147,1411568,246896,190730,843904,799657,134486,228070,234746,161141,-13561,134540,271643,-8388607,0,2665,2667,2666,754,2480,-10110976,1,1,14,1,287,0,0,0,1
443354668,1392918,1576331,1679476,1799372,239671,115293,173216,230124,683330,736509,1376005,1412858,246213,189913,844490,800275,134817,227742,235049,161171,-13601,133982,271727,-8388607,0,2661,2663,2666,751,2479,-10110976,1,1,14,1,287,0,0,0,1
443354669,1391808,1574229,1683520,1801757,239666,115304,173287,230017,682295,734799,1376460,1413928,245471,189236,844980,800534,134767,227860,235027,161079,-13469,134271,271790,-8388607,0,2662,2666,2659,757,2476,-10110976,1,1,14,1,287,0,0,0,1
443354670,1391198,1572182,1687409,1804517,239706,115110,173326,229941,681672,733338,1377052,1415015,245205,188793,845860,801130,134919,228122,234984,161187,-13054,134856,271708,-8388607,0,2660,2669,2659,755,2481,-10110976,1,1,14,1,287,0,0,0,1
443354671,1390441,1570259,1691175,1807443,239383,115014,173122,229793,680604,732077,1378047,1416244,244599,188231,846370,801194,135092,228116,234890,161132,-12771,135202,271685,-8388607,0,2664,2664,2665,753,2484,-10110976,1,1,14,1,287,0,0,0,1
443354672,1388925,1568043,1694162,1810498,239307,114836,172861,229491,679615,730931,1379075,1417779,244214,188036,846605,801060,134901,228529,235057,161171,-12823,135424,271757,-8388607,0,2668,2662,2665,755,2478,-10110976,1,1,14,1,287,0,0,0,1
443354673,1386520,1565430,1696537,1813321,239054,114499,172526,229387,678238,729795,1380220,1419436,243792,187416,846974,800783,134887,228412,234758,161283,-12799,135360,271761,-8388607,0,2661,2664,2660,758,2478,-10110976,1,1,14,1,287,0,0,0,1
443354674,1383370,1562088,1697855,1816008,238710,114577,172489,229474,677241,728654,1381503,1420856,243295,187056,847566,800722,134858,228185,234909,161268,-12933,135109,271710,-8388607,0,2656,2665,2665,755,2481,-10110976,1,1,14,1,287,0,0,0,1
443354675,1379701,1558066,1698976,1818082,238907,114326,172297,229365,675465,727549,1382437,1421626,242998,186509,848290,800744,134750,228117,234689,161179,-13023,134977,271769,-8388607,0,2667,2663,2663,750,2480,-10110976,1,1,14,1,287,0,0,0,1
443354676,1376142,1553676,1700194,1820085,238662,114430,172356,229314,674292,726318,1383285,1422104,242401,185533,848805,801065,134572,228060,234889,160978,-13447,134356,271733,-8388607,0,2663,2664,2660,759,2478,-10110976,1,1,14,1,287,0,0,0,1
443354677,1373240,1549102,1701447,1821877,238766,114373,172383,229363,673329,724745,1384366,1422761,241568,184716,849468,801461,134575,227741,234920,160981,-13503,134096,271749,-8388607,0,2661,2666,2662,754,2479,-10110976,1,1,14,1,287,0,0,0,1
443354678,1370583,1544955,1703296,1824242,238919,114593,172745,229463,672334,723772,1385870,1423397,241057,184196,850066,801738,134367,227819,234785,160914,-13380,134125,271806,-8388607,0,2661,2663,2666,751,2477,-10110976,1,1,14,1,287,0,0,0,1
443354679,1368403,1541661,1705702,1826793,239345,114896,173123,229710,671489,722954,1387804,1424451,240576,183657,850939,802089,134336,227794,234598,160859,-13311,134301,271732,-8388607,0,2660,2668,2666,756,2473,-10110976,1,1,14,1,287,0,0,0,1
443354680,1366416,1538632,1708111,1829758,239530,115083,173221,229879,670590,722159,1389268,1424871,239845,183158,851530,802095,134252,227706,234623,160908,-13326,134505,271584,-8388607,0,2660,2666,2658,755,2480,-10110976,1,1,14,1,287,0,0,0,1
443354681,1364538,1535830,1710358,1832714,239868,115317,173155,230050,670124,721393,1391246,1425623,239426,182741,852405,802400,134355,227902,234555,161003,-13101,134631,271654,-8388607,0,2659,2663,2665,749,2477,-10110976,1,1,14,1,287,0,0,0,1
443354682,1362227,1533399,1712353,1835349,239771,115393,173211,230027,669790,720642,1393157,1426495,238984,182121,853253,802840,134372,228034,234808,160943,-12956,134950,271717,-8388607,0,2667,2663,2663,756,2477,-10110976,1,1,14,1,287,0,0,0,1
443354683,1359592,1530424,1714811,1837438,239503,115462,173002,229940,669566,719863,1395226,1427388,238337,181570,854442,803469,134502,227893,234935,161244,-12910,134987,271640,-8388607,0,2661,2667,2664,757,2479,-10110976,1,1,14,1,287,0,0,0,1
443354684,1356720,1526379,1716920,1838460,239368,115206,173166,229920,669219,719637,1397191,1428538,238281,181262,855699,804298,134603,228086,234813,161432,-12955,134890,271713,-8388607,0,2661,2662,2664,751,2482,-10110976,1,1,14,1,287,0,0,0,1
443354685,1353961,1522009,1719264,1838432,239242,115203,173054,229686,668726,719701,1399335,1430199,237622,180519,856791,805262,134700,228008,234867,161334,-13230,134578,271599,-8388607,0,2661,2665,2664,756,2478,-10110976,1,1,14,1,287,0,0,0,1
443354686,1351581,1517333,1721738,1838137,239064,114790,172856,229583,668088,719497,1401675,1432173,237118,180442,857984,806768,134709,228279,235083,161337,-13259,134436,271764,-8388607,0,2664,2666,2655,760,2478,-10110976,1,1,14,1,287,0,0,0,1
443354687,1349118,1512289,1723775,1837377,238825,114786,172793,229552,667896,719435,1403788,1434340,236407,180037,859269,808026,135104,228211,235067,161313,-13226,134216,271768,-8388607,0,2661,2664,2666,755,2482,-10110976,1,1,14,1,287,0,0,0,1
443354688,1346463,1507878,1725852,1837462,238596,114443,172510,229054,667310,719190,1405228,1436126,235877,179577,860414,809379,135081,228206,234867,161226,-13221,134173,271728,-8388607,0,2665,2663,2668,754,2477,-10110976,1,1,14,1,287,0,0,0,1
443354689,1343530,1504324,1728300,1838510,238611,114442,172539,229027,666444,718805,1406471,1437614,235385,179243,861201,810677,135120,228165,234838,161129,-13340,134146,271706,-8388607,0,2665,2667,2666,760,2475,-10110976,1,1,14,1,287,0,0,0,1
443354690,1341040,1501477,1731027,1840245,238715,114524,172568,228849,665178,717766,1407351,1439253,234992,178765,861807,812127,135006,228372,234894,161133,-13561,133950,271721,-8388607,0,2659,2670,2660,756,2481,-10110976,1,1,14,1,287,0,0,0,1
443354691,1339584,1498914,1734594,1842800,238673,114369,172745,228922,663696,716470,1408292,1441220,234538,178245,862571,813564,134695,228060,234830,160983,-13611,133908,271622,-8388607,0,2661,2662,2664,750,2479,-10110976,1,1,14,1,287,0,0,0,1
443354692,1338792,1496802,1738546,1845565,238678,114627,173003,229326,662006,715200,1410082,1443338,233919,177725,863279,815120,134522,228079,234742,161087,-13206,134202,271650,-8388607,0,2668,2662,2666,757,2477,-10110976,1,1,14,1,287,0,0,0,1
443354693,1338214,1494598,1742654,1847447,238882,114735,173133,229584,660003,713147,1411742,1445783,233360,176988,863823,816635,134425,227826,234806,160960,-13210,134589,271475,-8388607,0,2663,2668,2659,756,2480,-10110976,1,1,14,1,287,0,0,0,1
443354694,1337415,1491918,1745999,1849117,239221,115179,173436,229867,658268,711159,1413635,1448458,232865,176289,864686,818572,134188,227705,234718,161047,-12920,134968,271629,-8388607,0,2662,2662,2663,745,2481,-10110976,1,1,14,1,287,0,0,0,1
443354695,1335685,1489121,1748708,1850829,239484,115403,173463,229990,656560,709417,1415341,1450855,232177,175714,865442,820522,134164,227653,234785,161221,-12341,135523,271618,-8388607,0,2663,2659,2664,756,2477,-10110976,1,1,14,1,287,0,0,0,1
443354696,1332423,1485635,1750168,1852211,239502,115453,173480,229767,654674,707583,1417298,1453440,231621,175288,865856,822182,134091,227543,234602,160982,-12519,135649,271530,-8388607,0,2662,2669,2661,756,2481,-10110976,1,1,14,1,287,0,0,0,1
443354697,1327643,1481258,1750751,1853340,239492,115395,173318,229568,652640,705371,1419230,1455780,231110,174906,866514,823497,134142,227668,234543,161004,-12977,134740,271541,-8388607,0,2661,2666,2664,755,2482,-10110976,1,1,14,1,287,0,0,0,1
443354698,1322619,1476541,1750891,1854229,239385,115442,173203,229366,650664,703054,1422070,1458251,230667,174550,866934,824431,134450,227907,234599,161003,-13262,134373,271557,-8388607,0,2664,2663,2666,755,2477,-10110976,1,1,14,1,287,0,0,0,1
443354699,1317812,1471528,1750920,1854712,239135,115101,173190,229318,648840,700420,1425102,1461038,229948,173968,867488,825430,134638,227855,234691,160947,-13563,133952,271496,-8388607,0,2661,2664,2662,757,2475,-10110976,1,1,14,1,287,0,0,0,1
443354700,1313875,1466541,1751283,1855101,238911,115001,173306,229198,647166,697849,1428561,1464106,229508,173841,867619,825840,134942,228231,234769,161007,-13787,133654,271540,-8388607,0,2661,2666,2662,754,2481,-10110976,1,1,14,1,287,0,0,0,1
443354701,1311012,1462112,1752232,1855512,238552,114686,173105,229046,644772,694306,1431992,1466702,228909,173498,867940,825990,134920,228341,235061,161080,-13881,133526,271466,-8388607,0,2661,2664,2664,754,2481,-10110976,1,1,14,1,287,0,0,0,1
443354702,1309169,1458114,1754135,1856451,238535,114704,173027,228941,642428,691572,1434918,1469343,228159,172466,868386,826087,135115,228303,235295,161369,-13487,133817,271498,-8388607,0,2665,2664,2658,759,2475,-10110976,1,1,14,1,287,0,0,0,1
443354703,1307859,1454805,1756625,1858247,238346,114551,172950,228739,639960,688832,1437864,1471755,227505,171996,868720,826100,135113,228320,235460,161321,-13347,134114,271509,-8388607,0,2661,2668,2659,756,2479,-10110976,1,1,14,1,287,0,0,0,1
443354704,1306709,1451600,1759926,1860964,238390,114502,172887,228808,637968,686188,1440341,1473778,227050,171071,869222,825997,135109,228365,235138,161297,-13036,134355,271514,-8388607,0,2663,2663,2666,753,2481,-10110976,1,1,14,1,287,0,0,0,1
443354705,1305133,1448547,1763443,1864009,238489,114771,173083,228968,635687,683479,1443037,1476242,226277,170220,869231,825667,134810,228353,234847,161318,-12954,134732,271442,-8388607,0,2663,2658,2662,755,2476,-10110976,1,1,14,1,287,0,0,0,1
443354706,1303259,1445406,1766570,1866535,238655,114914,173116,229178,633652,681079,1446043,1478576,225511,169456,869092,825427,134774,228377,234756,161069,-13352,134418,271402,-8388607,0,2661,2667,2659,758,2477,-10110976,1,1,14,1,287,0,0,0,1
443354707,1301364,1441860,1769570,1868678,239004,115134,173391,229172,632242,679120,1449328,1480910,224785,169046,868763,824797,134808,228092,234718,160976,-13125,134616,271391,-8388607,0,2662,2664,2661,752,2484,-10110976,1,1,14,1,287,0,0,0,1
443354708,1299027,1437635,1772347,1869603,238996,115225,173503,229333,630830,677160,1452137,1483563,224243,168223,868531,824037,134363,227898,234453,161111,-12560,135112,271430,-8388607,0,2667,2659,2663,755,2474,-10110976,1,1,14,1,287,0,0,0,1
443354709,1296302,1432550,1774485,1869782,239181,115256,173675,229169,629437,675603,1454451,1485631,223599,167575,868329,823632,134232,227809,234525,160999,-12685,135032,271402,-8388607,0,2663,2665,2660,758,2479,-10110976,1,1,14,1,287,0,0,0,1
443354710,1292493,1427465,1776545,1869625,239229,115402,173745,229187,628151,674501,1456625,1487697,223367,167015,868197,823114,134237,227494,234718,160943,-13032,134405,271403,-8388607,0,2659,2665,2664,754,2481,-10110976,1,1,14,1,287,0,0,0,1
443354711,1288277,1422497,1778327,1870019,238955,115365,173499,229081,626871,673193,1458351,1489605,222804,166450,868240,822625,134260,227366,234777,160924,-13387,133709,271341,-8388607,0,2661,2664,2668,755,2478,-10110976,1,1,14,1,287,0,0,0,1
443354712,1283998,1418293,1779881,1871250,238935,115282,173461,228772,625495,672159,1459972,1491405,222374,165909,868568,822382,134303,227511,234817,160944,-13476,133699,271422,-8388607,0,2664,2667,2663,758,2476,-10110976,1,1,14,1,287,0,0,0,1
443354713,1280083,1414680,1781355,1872426,238473,114889,173385,228540,623984,671045,1461240,1493442,221871,165271,868899,821982,134235,227769,234634,160955,-13547,133351,271356,-8388607,0,2661,2669,2666,754,2477,-10110976,1,1,14,1,287,0,0,0,1
443354714,1276900,1412434,1782972,1873846,238373,114916,173298,228598,622261,670094,1462467,1495091,221536,164820,869520,822173,134509,227898,234634,161065,-13764,133316,271397,-8388607,0,2665,2664,2663,753,2481,-10110976,1,1,14,1,287,0,0,0,1
443354715,1274924,1410478,1784520,1875512,238305,114644,173419,228564,620510,669185,1463560,1496800,220996,164547,870194,822095,134591,228314,234660,161128,-13437,133760,271322,-8388607,0,2665,2662,2662,758,2476,-10110976,1,1,14,1,287,0,0,0,1
443354716,1273493,1408716,1786508,1877200,238401,114797,173512,228616,618989,668424,1464649,1498382,220497,164190,870766,822277,134854,228606,234876,161222,-13004,134480,271284,-8388607,0,2660,2665,2658,756,2479,-10110976,1,1,14,1,287,0,0,0,1
443354717,1271496,1406710,1788571,1878963,238298,114553,173621,228286,617708,667370,1465176,1499502,219758,163604,871244,822477,135019,228374,235034,161314,-12891,134785,271249,-8388607,0,2663,2663,2665,750,2481,-10110976,1,1,14,1,287,0,0,0,1
443354718,1269266,1404130,1790708,1880925,238421,114718,173695,228254,616670,666799,1465998,1500518,219088,163344,871681,822622,134975,228321,235103,161214,-12837,134553,271321,-8388607,0,2668,2659,2664,755,2478,-10110976,1,1,14,1,287,0,0,0,1
443354719,1266265,1400918,1792373,1882420,238776,115186,173587,228504,615884,666379,1466845,1501821,218520,162801,872346,822792,135102,228106,235136,161229,-13176,134345,271293,-8388607,0,2663,2667,2661,753,2487,-10110976,1,1,14,1,287,0,0,0,1
443354720,1262952,1397556,1793681,1884137,238800,115316,173973,228622,615202,665788,1467869,1502733,217782,162316,872797,823250,134821,228025,235016,161366,-13299,134004,271346,-8388607,0,2661,2662,2664,754,2484,-10110976,1,1,14,1,287,0,0,0,1
443354721,1259514,1394018,1794829,1885431,238985,115547,173994,228836,614670,665477,1469029,1503858,217353,161646,873118,823467,134838,228105,235107,161177,-13154,134100,271365,-8388607,0,2661,2659,2668,755,2477,-10110976,1,1,14,1,287,0,0,0,1
443354722,1256306,1390102,1795683,1886612,238808,115623,174103,229008,614350,664811,1470273,1505158,216779,161144,873845,824135,134591,228000,234917,161019,-13289,133759,271230,-8388607,0,2658,2665,2662,758,2475,-10110976,1,1,14,1,287,0,0,0,1
443354723,1253427,1386403,1796987,1887768,238726,115615,174104,228870,613865,663869,1471486,1505916,216094,160578,873989,824715,134253,227878,234573,161155,-13665,133429,271245,-8388607,0,2661,2668,2664,753,2482,-10110976,1,1,14,1,287,0,0,0,1
443354724,1251003,1383059,1799035,1889530,238594,115460,174257,228680,613338,663388,1472727,1506976,215492,159920,874547,825533,134262,227930,234531,160981,-13433,133619,271280,-8388607,0,2661,2663,2665,752,2475,-10110976,1,1,14,1,287,0,0,0,1
443354725,1249279,1379677,1801861,1891383,238648,115234,173993,228427,612760,662669,1473715,1507766,215058,159252,874952,825593,134236,228557,234604,161202,-13282,133886,271417,-8388607,0,2665,2663,2664,757,2473,-10110976,1,1,14,1,287,0,0,0,1
443354726,1247603,1376353,1804536,1893770,238444,114938,173925,228201,612006,661909,1474611,1508939,214663,158793,875390,824643,134128,230054,234605,160949,-13290,133890,271283,-8388607,0,2661,2666,2662,753,2479,-10110976,1,1,14,1,287,0,0,0,1
443354727,1245851,1373296,1807189,1895880,238150,114835,173845,228151,611277,661044,1475218,1509664,214427,158495,875441,822643,134071,233341,234539,160433,-12935,133967,271263,-8388607,0,2661,2665,2665,751,2484,-10110976,1,1,14,1,287,0,0,0,1
443354728,1243946,1370177,1809768,1898092,238029,114772,173624,228040,610950,660208,1476403,1510585,214084,158193,874870,819494,134360,238528,233928,159516,-13116,134133,271209,-8388607,0,2668,2666,2663,757,2476,-10110976,1,1,14,1,287,0,0,0,1
443354729,1241489,1366933,1811824,1899979,237913,114845,173576,227953,610671,659057,1477857,1511156,214137,158281,874070,815363,135388,245177,232746,158593,-12948,134187,271469,-8388607,0,2663,2664,2664,759,2479,-10110976,1,1,14,1,287,0,0,0,1
443354730,1238528,1363388,1813094,1901544,237879,114832,173551,228050,610557,657660,1479256,1511632,214439,158182,872531,810903,136938,252844,231043,158484,-12787,134427,271274,-8388607,0,2665,2666,2661,747,2484,-10110976,1,1,14,1,287,0,0,0,1
443354731,1235229,1359617,1814314,1902357,237739,114908,173585,228132,610349,656363,1480740,1512456,214413,158034,871165,805670,138916,261355,230484,158734,-12981,134249,271219,-8388607,0,2666,2661,2666,757,2477,-10110976,1,1,14,1,287,0,0,0,1
443354732,1231950,1355589,1815585,1902808,238107,114857,173714,228081,610245,654791,1482237,1513319,214022,157388,869667,800086,141256,270120,230965,159151,-13171,133861,271316,-8388607,0,2661,2665,2664,760,2477,-10110976,1,1,14,1,287,0,0,0,1
443354733,1228588,1351568,1816737,1903647,238132,114947,173938,228245,609221,653477,1483924,1514423,213354,156659,868330,794266,143748,278604,232098,159809,-13433,133503,271163,-8388607,0,2655,2666,2663,752,2483,-10110976,1,1,14,1,287,0,0,0,1
443354734,1225726,1348010,1818719,1904633,238405,115229,174201,228316,608274,652453,1485719,1515883,212349,155636,866473,787765,146665,287033,233503,160737,-13458,133421,271258,-8388607,0,2665,2659,2666,755,2476,-10110976,1,1,14,1,287,0,0,0,1
443354735,1223164,1344810,1820777,1905787,238679,115412,174318,228390,607004,651250,1487237,1517527,211264,154713,864341,781082,149487,295404,234612,161236,-13721,133006,271171,-8388607,0,2667,2666,2663,758,2478,-10110976,1,1,14,1,287,0,0,0,1
443354736,1221573,1342481,1823239,1907516,238780,115617,174388,228556,605791,649869,1488978,1519421,210593,153994,860798,773666,152649,304113,235147,161661,-13853,132935,271176,-8388607,0,2661,2666,2659,754,2482,-10110976,1,1,14,1,287,0,0,0,1
443354737,1220709,1341104,1825979,1909785,238662,115496,174333,228554,604097,648420,1490575,1521111,210106,153385,855504,765595,156463,313048,234612,161346,-13443,133442,271257,-8388607,0,2660,2663,2668,749,2478,-10110976,1,1,14,1,287,0,0,0,1
443354738,1220256,1339833,1828882,1912133,238473,115530,174365,228281,601971,646549,1492460,1522666,209850,152848,848897,756812,160972,322079,232794,160814,-13093,133911,271335,-8388607,0,2663,2663,2666,757,2476,-10110976,1,1,14,1,287,0,0,0,1
443354739,1219835,1338468,1831877,1914637,238488,115500,174286,228302,599677,644545,1494071,1523901,210071,152827,841255,747017,166969,331212,230448,159740,-13083,134224,271161,-8388607,0,2663,2666,2658,755,2477,-10110976,1,1,14,1,287,0,0,0,1
443354740,1219133,1336976,1834838,1917026,238216,115167,174079,228194,597380,642228,1495806,1525456,210336,152952,832280,736768,174318,340501,228703,158052,-12835,134472,271184,-8388607,0,2665,2662,2663,750,2479,-10110976,1,1,14,1,287,0,0,0,1
443354741,1217781,1334739,1837976,1919170,237965,115055,174007,228180,594941,639505,1497756,1527391,210485,152923,823258,726259,183335,349981,227517,156013,-12773,134405,271109,-8388607,0,2666,2661,2662,754,2477,-10110976,1,1,14,1,287,0,0,0,1
443354742,1215659,1331554,1840623,1921214,237961,114932,173895,228113,592187,637137,1499544,1529552,210753,152940,813570,715209,194199,359406,227842,153894,-12966,134218,271150,-8388607,0,2661,2664,2659,758,2481,-10110976,1,1,14,1,287,0,0,0,1
443354743,1213047,1328072,1842727,1922883,237811,114922,173728,227960,589215,634786,1501463,1531386,210712,152700,804002,704359,206535,369226,228698,153203,-12993,133982,271122,-8388607,0,2659,2667,2661,755,2483,-10110976,1,1,14,1,287,0,0,0,1
443354744,1210064,1324569,1844541,1924629,237892,114824,173737,227746,586321,632889,1502590,1533230,210482,152072,794140,693368,220080,379829,230117,152942,-13148,133749,271107,-8388607,0,2661,2663,2666,755,2478,-10110976,1,1,14,1,287,0,0,0,1
443354745,1206932,1321274,1846487,1926591,238190,115083,173867,227786,583588,630905,1504037,1534916,210220,151582,784179,682500,233770,391808,232164,153799,-13624,133248,271207,-8388607,0,2663,2666,2661,760,2474,-10110976,1,1,14,1,287,0,0,0,1
443354746,1204539,1318194,1848884,1928940,238125,115068,173821,227836,581164,628701,1505661,1536398,209736,150835,774043,671223,247259,405162,233810,155091,-13725,133205,271040,-8388607,0,2661,2665,2663,754,2479,-10110976,1,1,14,1,287,0,0,0,1
443354747,1202945,1316051,1852247,1932129,238328,115109,173997,227966,578853,626349,1507511,1537848,209152,150482,763294,659269,260329,418849,234792,156889,-13563,133441,271084,-8388607,0,2661,2666,2666,750,2477,-10110976,1,1,14,1,287,0,0,0,1
443354748,1202169,1313860,1856207,1935236,238381,115404,174253,228173,577048,623956,1509034,1539144,209180,150335,752017,647231,272980,431703,235208,158415,-13460,133487,271126,-8388607,0,2661,2663,2663,758,2475,-10110976,1,1,14,1,287,0,0,0,1
443354749,1201797,1311903,1860396,1938361,238468,115186,174469,228309,574988,621689,1511106,1540731,209108,150040,740360,634842,285135,443033,234980,159185,-13461,133378,271087,-8388607,0,2662,2668,2667,755,2480,-10110976,1,1,14,1,287,0,0,0,1
443354750,1201283,1310356,1864366,1941577,238390,115412,174436,228542,573096,619679,1512697,1542174,208750,149483,728345,622363,296442,452936,234867,157998,-13122,133766,271021,-8388607,0,2663,2665,2666,751,2481,-10110976,1,1,14,1,287,0,0,0,1
443354751,1200452,1308721,1867571,1944601,238426,115478,174472,228446,571100,617587,1513839,1543593,208585,149078,716452,610423,307327,461698,235158,155884,-13050,133940,270964,-8388607,0,2668,2662,2662,755,2474,-10110976,1,1,14,1,287,0,0,0,1
443354752,1198843,1306913,1870609,1947360,238481,115573,174136,228396,569366,615729,1515008,1544961,208323,148741,704582,598846,318021,469473,234336,153439,-13035,134231,271131,-8388607,0,2661,2669,2660,756,2477,-10110976,1,1,14,1,287,0,0,0,1
443354753,1197410,1304676,1873427,1949685,238667,115376,174108,228216,567218,614220,1516211,1546099,207986,148198,692708,587711,328413,477539,233235,151092,-12858,134322,271156,-8388607,0,2660,2662,2666,751,2484,-10110976,1,1,14,1,287,0,0,0,1
443354754,1195724,1301832,1876101,1951353,238505,115424,174050,228152,565386,612024,1517144,1547693,208016,147619,680487,576714,338527,486559,231677,149220,-13094,133989,271119,-8388607,0,2663,2659,2664,757,2478,-10110976,1,1,14,1,287,0,0,0,1
443354755,1193850,1298659,1878606,1952393,238383,115242,174078,228088,563718,610146,1518206,1549137,208242,147473,668075,565818,348390,497672,229975,148096,-13468,133575,270962,-8388607,0,2663,2666,2659,759,2478,-10110976,1,1,14,1,287,0,0,0,1
443354756,1192125,1295747,1881001,1953311,238199,115609,174007,227819,561882,608111,1519470,1550417,208746,147901,655487,555107,358798,510081,228898,147760,-13262,133490,271076,-8388607,0,2661,2666,2664,754,2482,-10110976,1,1,14,1,287,0,0,0,1
443354757,1190258,1293029,1883205,1952628,237857,117329,173962,227848,560627,606594,1520601,1551628,209402,148000,642471,543905,369859,523049,228743,148391,-13418,133273,271067,-8388607,0,2663,2662,2666,755,2478,-10110976,1,1,14,1,287,0,0,0,1
443354758,1188444,1291632,1884887,1950307,237997,121857,173771,227167,559471,604857,1521638,1552698,210258,148321,629441,532856,382095,536273,229347,149502,-13714,132864,271019,-8388607,0,2661,2665,2663,756,2471,-10110976,1,1,14,1,287,0,0,0,1
443354759,1187319,1291468,1885892,1947541,238364,128642,172763,225626,559138,603368,1522424,1553664,211091,148560,616217,522409,395205,549217,231119,150408,-14123,132728,270989,-8388607,0,2659,2669,2662,755,2481,-10110976,1,1,14,1,287,0,0,0,1
443354760,1187326,1291613,1886823,1943564,240276,136948,170849,224824,558378,602487,1523137,1554384,211768,148801,603147,512235,408721,562139,233906,150902,-13246,133841,271046,-8388607,0,2663,2666,2666,751,2479,-10110976,1,1,14,1,287,0,0,0,1
443354761,1187501,1291543,1887924,1938580,243149,147392,168975,224530,557778,601203,1523677,1554976,211930,148923,590806,502425,422283,574926,236126,150970,-12329,134863,271210,-8388607,0,2665,2662,2662,757,2476,-10110976,1,1,14,1,287,0,0,0,1
443354762,1186739,1290796,1888421,1932150,246328,159038,168163,224790,556728,599560,1524120,1555391,211783,148519,577681,492103,434829,587098,237391,151064,-12730,134521,270975,-8388607,0,2662,2668,2662,754,2479,-10110976,1,1,14,1,287,0,0,0,1
443354763,1184922,1288898,1888903,1924193,249999,172046,169082,225641,555560,598363,1524618,1555933,211809,148268,564582,482118,446576,599571,237535,150650,-12749,134325,270983,-8388607,0,2663,2662,2663,753,2479,-10110976,1,1,14,1,287,0,0,0,1
443354764,1182296,1285881,1888549,1915120,253684,185497,170253,226804,554428,596982,1524923,1555900,211831,147763,551763,472060,456906,612154,236664,149971,-12900,134227,270937,-8388607,0,2664,2663,2667,755,2477,-10110976,1,1,14,1,287,0,0,0,1
443354765,1179012,1282093,1887226,1904269,258064,199308,171598,228321,553453,595700,1525271,1556097,211677,147666,538409,461299,466170,624673,235109,149327,-13266,133754,271013,-8388607,0,2661,2667,2659,757,2478,-10110976,1,1,14,1,287,0,0,0,1
443354766,1175947,1278537,1885210,1891953,263218,213645,172365,229694,552264,594713,1525282,1555986,211625,147458,525142,450526,475042,636023,233641,148586,-13139,133712,270987,-8388607,0,2664,2664,2661,755,2481,-10110976,1,1,14,1,287,0,0,0,1
443354767,1173100,1275152,1882038,1878615,268389,229026,172351,230119,551152,593703,1525430,1555710,211780,147296,512080,439766,484088,646872,232259,148148,-13431,133136,271015,-8388607,0,2663,2664,2663,752,2478,-10110976,1,1,14,1,287,0,0,0,1
443354768,1170868,1272307,1878647,1865309,273600,245316,171391,229591,549904,592576,1525637,1555515,211981,147153,499277,429037,493600,657330,232046,147203,-13818,132751,270811,-8388607,0,2661,2664,2660,759,2473,-10110976,1,1,14,1,287,0,0,0,1
443354769,1169086,1270322,1874767,1852035,279374,261671,170041,228863,548865,591475,1525904,1555401,212172,146685,486542,418317,504411,668125,232663,146300,-13018,133303,270854,-8388607,0,2660,2669,2663,754,2482,-10110976,1,1,14,1,287,0,0,0,1
443354770,1167607,1268911,1869261,1839215,287045,278089,168099,228397,547862,590002,1526705,1555343,212406,146763,474173,408088,516197,679620,233635,145784,-13363,133088,270950,-8388607,0,2664,2664,2666,754,2477,-10110976,1,1,14,1,287,0,0,0,1
443354771,1166358,1267629,1861770,1825604,297054,294163,165934,227960,546951,588570,1527872,1555626,212672,146781,462158,397843,528892,692100,234477,145386,-13982,132516,270947,-8388607,0,2665,2664,2662,758,2474,-10110976,1,1,14,1,287,0,0,0,1
443354772,1166022,1267221,1852661,1811667,309566,310607,163282,226889,545911,587701,1529203,1555880,213177,146960,450285,387805,542290,705265,235218,146078,-13661,132448,271002,-8388607,0,2662,2669,2662,756,2480,-10110976,1,1,14,1,287,0,0,0,1
443354773,1166481,1267939,1842090,1796818,324495,328360,161138,224248,545326,586974,1530435,1556596,213611,147176,438425,377289,555198,718911,236216,147022,-13248,133341,270893,-8388607,0,2663,2663,2666,750,2481,-10110976,1,1,14,1,287,0,0,0,1
443354774,1167567,1268690,1830072,1781149,342130,347781,160347,221411,544424,586512,1531813,1557845,214434,147401,426396,366500,567690,732087,237567,148250,-12388,134263,270988,-8388607,0,2664,2667,2663,756,2477,-10110976,1,1,14,1,287,0,0,0,1
443354775,1168175,1268460,1816896,1764199,361936,368500,160021,220153,543708,586001,1533050,1558865,215562,147872,414579,355496,579358,744215,238697,149503,-12354,134408,270968,-8388607,0,2660,2666,2658,756,2480,-10110976,1,1,14,1,287,0,0,0,1
443354776,1167863,1267378,1803122,1746749,383100,390499,160890,220881,542756,585354,1534558,1560103,216542,148469,402677,344887,590675,754751,239923,150398,-12577,134254,270877,-8388607,0,2666,2662,2664,751,2484,-10110976,1,1,14,1,287,0,0,0,1
443354777,1166246,1265216,1788789,1729016,404106,413686,162943,222898,541893,584207,1536335,1561458,217293,148704,390603,333625,601625,764225,240950,150710,-12396,134175,270924,-8388607,0,2667,2663,2664,755,2477,-10110976,1,1,14,1,287,0,0,0,1
443354778,1163496,1262149,1773063,1710678,424042,437478,165509,225782,540623,583411,1538100,1563242,217768,148710,378776,322036,612160,772590,240998,149439,-12710,133803,270911,-8388607,0,2663,2664,2659,757,2478,-10110976,1,1,14,1,287,0,0,0,1
443354779,1160571,1258679,1756750,1692236,443072,460916,167512,228813,539234,581893,1539985,1565516,218102,148601,367271,311007,622663,780973,240063,147773,-13289,132768,270900,-8388607,0,2658,2665,2664,753,2483,-10110976,1,1,14,1,287,0,0,0,1
443354780,1157518,1256123,1739899,1673476,461680,483287,168037,230875,537667,580712,1541607,1567331,218092,148009,355877,299778,633226,789310,238794,146104,-13455,132232,270918,-8388607,0,2661,2662,2666,754,2478,-10110976,1,1,14,1,287,0,0,0,1
443354781,1155970,1254538,1723350,1655463,480142,504815,167430,231525,535991,579705,1542824,1569165,218021,147661,344764,289181,643739,798037,237555,144777,-13551,132362,270843,-8388607,0,2664,2667,2662,758,2475,-10110976,1,1,14,1,287,0,0,0,1
443354782,1155406,1253757,1707490,1637486,497921,524975,166056,230073,534614,578711,1543672,1570828,218268,147382,333716,279030,653935,806652,236577,144526,-12996,132932,270842,-8388607,0,2661,2666,2662,754,2482,-10110976,1,1,14,1,287,0,0,0,1
443354783,1155492,1253323,1691754,1619595,515383,544900,164639,227408,532787,577276,1544523,1572098,218225,147390,322673,268538,664022,815234,236956,144829,-12775,133030,270766,-8388607,0,2665,2662,2666,750,2478,-10110976,1,1,14,1,287,0,0,0,1
443354784,1155532,1252854,1676174,1601722,532912,564235,163004,224329,530926,575786,1545561,1573498,218652,147414,311426,257583,674492,823660,238276,145892,-13156,132693,270844,-8388607,0,2664,2663,2663,755,2473,-10110976,1,1,14,1,287,0,0,0,1
443354785,1155142,1252301,1660878,1584114,549923,583147,161024,222000,528814,573850,1547021,1575617,219352,147431,300318,247015,685574,831871,240129,147458,-12737,133142,270776,-8388607,0,2658,2668,2659,757,2479,-10110976,1,1,14,1,287,0,0,0,1
443354786,1154536,1251589,1645587,1566842,566588,602280,158859,220155,526741,571542,1549127,1577704,220134,147393,289239,236853,696869,840210,242126,148566,-12055,133696,270758,-8388607,0,2661,2665,2665,752,2479,-10110976,1,1,14,1,287,0,0,0,1
443354787,1153080,1250485,1629738,1549088,582545,622792,156888,219226,525188,569506,1551432,1579889,221353,147421,278566,227336,708401,848766,243976,149530,-12559,133407,270883,-8388607,0,2666,2663,2665,753,2478,-10110976,1,1,14,1,287,0,0,0,1
443354788,1151800,1249399,1613813,1530984,599385,644412,155983,218895,523559,567176,1553500,1581735,222235,147530,268422,218986,719361,856707,245502,149863,-13026,132706,270763,-8388607,0,2662,2667,2661,757,2478,-10110976,1,1,14,1,287,0,0,0,1
443354789,1150848,1248347,1597832,1512640,617689,666433,155751,219679,522243,565159,1555221,1582744,222514,147321,259292,211992,729421,863557,246090,149833,-12928,132777,270676,-8388607,0,2657,2664,2664,755,2481,-10110976,1,1,14,1,287,0,0,0,1
443354790,1150468,1247505,1582036,1493739,637571,688757,156301,221161,520783,563059,1556444,1583514,222728,147026,250601,206242,738065,869345,246156,149890,-12529,133002,270731,-8388607,0,2663,2667,2664,756,2477,-10110976,1,1,14,1,287,0,0,0,1
443354791,1149715,1246299,1565851,1474441,658754,711431,158231,222520,519088,560701,1557700,1584171,222608,146789,242233,201829,744897,873456,246419,149948,-12588,132845,270748,-8388607,0,2663,2664,2663,760,2473,-10110976,1,1,14,1,287,0,0,0,1
443354792,1149428,1244896,1550144,1455224,680288,734125,160867,223563,517495,558479,1559083,1585026,222302,146876,234157,198446,750171,876225,246502,149981,-12900,132378,270772,-8388607,0,2663,2667,2661,752,2481,-10110976,1,1,14,1,287,0,0,0,1
443354793,1149379,1243737,1534860,1436388,701100,756169,162817,224450,515327,555993,1561155,1586013,222039,146694,226175,196260,754926,877518,246231,149894,-12790,132110,270756,-8388607,0,2665,2663,2668,754,2476,-10110976,1,1,14,1,287,0,0,0,1
443354794,1149412,1242822,1519320,1418047,720888,776711,163554,224818,513011,553319,1563471,1587001,221991,146917,219223,194753,759362,877770,245940,149933,-12615,132496,270748,-8388607,0,2665,2667,2661,756,2471,-10110976,1,1,14,1,287,0,0,0,1
443354795,1149700,1242764,1503441,1400287,738957,796309,163189,224650,511313,550386,1565569,1588010,222365,147204,213686,193927,763712,878232,246091,149660,-12520,132589,270774,-8388607,0,2660,2669,2666,754,2477,-10110976,1,1,14,1,287,0,0,0,1
443354796,1149860,1243143,1486866,1381891,755608,815637,162089,224299,509811,548086,1567470,1588567,222270,147400,209477,193728,768014,879358,246589,149258,-12588,132605,270801,-8388607,0,2661,2662,2664,751,2479,-10110976,1,1,14,1,287,0,0,0,1
443354797,1150017,1243710,1469573,1363321,771708,834532,160687,223794,508429,546112,1569019,1588439,222790,147994,206223,193908,772248,880560,247241,148775,-12464,132618,270818,-8388607,0,2668,2666,2664,756,2477,-10110976,1,1,14,1,287,0,0,0,1
443354798,1149992,1243478,1451789,1344932,788328,853303,159112,223061,507423,544495,1570310,1588520,223436,148995,204397,194073,775951,882223,248060,149374,-11619,133618,270802,-8388607,0,2663,2666,2656,756,2479,-10110976,1,1,14,1,287,0,0,0,1
443354799,1148995,1242373,1433760,1326340,805305,871507,157639,222128,506349,543432,1571799,1588074,223584,149915,202429,193766,778698,884163,248995,150366,-11384,133678,270693,-8388607,0,2663,2664,2664,752,2484,-10110976,1,1,14,1,287,0,0,0,1
443354800,1146436,1240321,1415622,1307829,823246,889993,156527,220885,505462,542742,1573184,1587246,223778,151351,201365,193016,779971,886156,250537,151729,-12021,132837,270678,-8388607,0,2664,2663,2664,755,2477,-10110976,1,1,14,1,287,0,0,0,1
443354801,1143425,1237760,1397792,1290228,841430,908396,155808,219760,504689,542332,1573929,1586161,223925,153837,201132,192410,780066,887845,252035,153574,-12546,131908,270830,-8388607,0,2660,2665,2660,758,2475,-10110976,1,1,14,1,287,0,0,0,1
443354802,1140757,1235597,1380663,1274018,859673,926650,155698,219073,503451,541839,1574245,1583127,223934,156974,200989,191855,779424,888611,253468,154973,-12477,131691,270782,-8388607,0,2657,2666,2662,755,2481,-10110976,1,1,14,1,287,0,0,0,1
443354803,1138684,1234363,1363582,1258047,878169,945149,156265,219446,502193,541265,1573957,1577836,224185,161953,200803,191904,778539,889009,254434,155922,-12759,131383,270684,-8388607,0,2663,2662,2660,755,2478,-10110976,1,1,14,1,287,0,0,0,1
443354804,1137425,1234272,1346413,1242745,896555,963682,157519,221099,500641,540645,1572509,1570035,224539,168933,200097,191426,777186,888693,254472,156197,-13019,130955,270822,-8388607,0,2666,2661,2661,757,2475,-10110976,1,1,14,1,287,0,0,0,1
443354805,1137178,1235000,1329920,1227991,915105,982211,159226,223444,498940,539982,1569794,1560460,225709,178483,198716,190591,775811,888172,253902,155141,-12854,131299,270734,-8388607,0,2661,2667,2664,753,2479,-10110976,1,1,14,1,287,0,0,0,1
443354806,1137796,1235616,1314284,1214359,933283,1000557,161139,225513,497793,539428,1565725,1549504,228601,190583,196108,189419,774263,887735,253074,153733,-11833,132504,270727,-8388607,0,2661,2664,2665,752,2482,-10110976,1,1,14,1,287,0,0,0,1
443354807,1138201,1235790,1299339,1201985,951194,1017240,162471,227180,496606,538850,1560874,1537546,233657,205186,193405,188530,772853,886500,252155,152929,-11310,133197,270735,-8388607,0,2661,2663,2662,758,2475,-10110976,1,1,14,1,287,0,0,0,1
443354808,1137611,1234632,1284853,1189858,968172,1032290,162951,227900,495514,538031,1554378,1524479,241681,221431,190527,188379,770936,884888,252166,152839,-11508,133031,270737,-8388607,0,2670,2665,2659,753,2482,-10110976,1,1,14,1,287,0,0,0,1
443354809,1136491,1232844,1270697,1178930,984014,1045488,163162,227289,494128,537162,1546708,1511418,252531,238185,189227,188811,768792,883699,252730,153945,-12048,132133,270714,-8388607,0,2669,2667,2665,751,2479,-10110976,1,1,14,1,287,0,0,0,1
443354810,1134803,1230588,1256289,1168766,998333,1056378,162576,226927,492597,536477,1538133,1497320,266045,255409,189626,190247,767018,882741,253763,155532,-12017,131994,270666,-8388607,0,2664,2659,2664,756,2478,-10110976,1,1,14,1,287,0,0,0,1
443354811,1133135,1228108,1241006,1159056,1011695,1065813,162053,226283,491270,535625,1528039,1482340,281537,272800,191566,192310,766019,881703,255015,157202,-11777,132341,270723,-8388607,0,2660,2669,2661,760,2477,-10110976,1,1,14,1,287,0,0,0,1
443354812,1131172,1225827,1225183,1149776,1024096,1073890,161805,225968,490387,534904,1516953,1467273,298602,290267,194021,194098,765543,881441,256101,158871,-11936,131923,270785,-8388607,0,2659,2666,2664,753,2483,-10110976,1,1,14,1,287,0,0,0,1
443354813,1128913,1223479,1209748,1141968,1036517,1080688,161659,226317,490141,534579,1505368,1451767,317145,307600,196142,195494,765795,881302,257446,159752,-12021,131764,270645,-8388607,0,2662,2661,2667,757,2477,-10110976,1,1,14,1,287,0,0,0,1
443354814,1127010,1220819,1195578,1136785,1048762,1086248,161664,226658,490599,534545,1492643,1436511,336291,324940,197117,196047,766360,881201,258736,160228,-11945,131712,270722,-8388607,0,2663,2665,2664,760,2476,-10110976,1,1,14,1,287,0,0,0,1
443354815,1125275,1217621,1183359,1133714,1060516,1090162,161415,226845,491245,534538,1478893,1420433,355812,343039,196327,195776,766419,880312,259392,160650,-11656,131892,270794,-8388607,0,2659,2667,2668,753,2483,-10110976,1,1,14,1,287,0,0,0,1
443354816,1123417,1214479,1173074,1132369,1071449,1092524,161737,227101,491928,534713,1464078,1403819,375438,361209,194834,194572,765519,878705,260112,160915,-11881,131641,270789,-8388607,0,2661,2665,2670,752,2477,-10110976,1,1,14,1,287,0,0,0,1
443354817,1121586,1212140,1163557,1131806,1081752,1094309,162384,227281,492126,534579,1447359,1386670,395188,379734,193167,193398,763746,877020,260879,161223,-12671,130571,270582,-8388607,0,2661,2663,2662,758,2475,-10110976,1,1,14,1,287,0,0,0,1
443354818,1120598,1210694,1154603,1131805,1091583,1095771,163496,227997,491894,533863,1429716,1368984,414833,397263,191342,192124,761344,874726,260777,161415,-12746,130304,270689,-8388607,0,2664,2668,2659,754,2481,-10110976,1,1,14,1,287,0,0,0,1
443354819,1120662,1210628,1145769,1131759,1101128,1096704,164263,228931,491236,533084,1411164,1351234,434691,414159,189836,191111,759291,872162,260290,161387,-12089,131558,270640,-8388607,0,2664,2663,2665,752,2477,-10110976,1,1,14,1,287,0,0,0,1
443354820,1120671,1210919,1136909,1131261,1110193,1097983,164902,229558,490377,531568,1391762,1333950,454525,430242,188657,190395,757524,870116,259569,160850,-11397,132594,270736,-8388607,0,2668,2662,2664,757,2478,-10110976,1,1,14,1,287,0,0,0,1
443354821,1119725,1210423,1128819,1130619,1118113,1099058,165447,230510,489853,530402,1371867,1316152,474751,446720,188781,189783,756881,868594,259214,160337,-11213,133053,270733,-8388607,0,2661,2667,2659,755,2477,-10110976,1,1,14,1,287,0,0,0,1
443354822,1117508,1208826,1122257,1130429,1125036,1099237,165693,231520,489567,529483,1351469,1298421,495514,464026,189199,189252,756803,867315,259580,160077,-11140,132943,270588,-8388607,0,2661,2664,2664,752,2482,-10110976,1,1,14,1,287,0,0,0,1
443354823,1113910,1205671,1117595,1130941,1130199,1098856,165984,232047,489706,528820,1330065,1280324,517379,482596,189517,188888,758025,866523,260387,160591,-11056,132573,270843,-8388607,0,2665,2659,2664,755,2478,-10110976,1,1,14,1,287,0,0,0,1
443354824,1109231,1201550,1115101,1131660,1133109,1097583,166690,232882,490198,528635,1308128,1262671,540502,503039,189500,188951,759311,865954,262030,161744,-11836,131717,270762,-8388607,0,2661,2667,2664,756,2480,-10110976,1,1,14,1,287,0,0,0,1
443354825,1104235,1197382,1114278,1132958,1134654,1095873,167874,234133,490542,528611,1286067,1245096,564242,524159,189626,189318,760489,865962,264250,163374,-12407,130741,270693,-8388607,0,2659,2666,2664,754,2482,-10110976,1,1,14,1,287,0,0,0,1
443354826,1100349,1193867,1114295,1134294,1135245,1094129,169218,235803,490943,528617,1264074,1227692,587880,545642,189653,190172,761652,866274,265659,165173,-12992,129969,270588,-8388607,0,2661,2664,2666,754,2478,-10110976,1,1,14,1,287,0,0,0,1
443354827,1097981,1191586,1114910,1135832,1135016,1092857,170324,237678,491146,528949,1242236,1211065,611101,566341,189801,190962,763187,866880,267263,166915,-12686,129998,270683,-8388607,0,2662,2667,2661,757,2475,-10110976,1,1,14,1,287,0,0,0,1
443354828,1097373,1190680,1115965,1137279,1134624,1091523,170839,238754,491325,529096,1220219,1194695,633460,585533,190844,191558,764404,867912,268032,168266,-12350,130841,270622,-8388607,0,2661,2668,2658,755,2482,-10110976,1,1,14,1,287,0,0,0,1
443354829,1097430,1190426,1117074,1138490,1133909,1090698,170413,239098,491623,529510,1197889,1177534,655204,603836,191242,192231,765332,868387,268398,168895,-11777,131616,270663,-8388607,0,2665,2666,2666,752,2478,-10110976,1,1,14,1,287,0,0,0,1
443354830,1097134,1190410,1117980,1139728,1132960,1089911,169786,238828,491753,529908,1174776,1159812,676708,621230,191324,192190,766111,868426,268902,168921,-11265,132447,270706,-8388607,0,2668,2663,2662,756,2477,-10110976,1,1,14,1,287,0,0,0,1
443354831,1095808,1189160,1118725,1140902,1131378,1088826,169594,238304,491677,529794,1151221,1141391,698626,638201,191072,191719,766278,868030,269138,168300,-11014,132898,270706,-8388607,0,2663,2666,2658,754,2479,-10110976,1,1,14,1,287,0,0,0,1
443354832,1093151,1186570,1119291,1141749,1129435,1087575,170088,238276,491199,529260,1127525,1122509,721023,655890,190401,190600,765983,867303,268870,167856,-10820,133052,270712,-8388607,0,2661,2668,2665,751,2481,-10110976,1,1,14,1,287,0,0,0,1
443354833,1089431,1182844,1119562,1141684,1127200,1086883,171622,238980,489888,528186,1104261,1103784,743715,674364,188914,188864,764938,866510,268606,167358,-11375,132194,270652,-8388607,0,2664,2663,2659,755,2479,-10110976,1,1,14,1,287,0,0,0,1
443354834,1085517,1178129,1119198,1141086,1124968,1086348,173497,240649,488126,526874,1081435,1085130,767102,692941,187222,187153,763930,866339,268554,167106,-12025,131348,270716,-8388607,0,2666,2667,2661,756,2481,-10110976,1,1,14,1,287,0,0,0,1
443354835,1081845,1173748,1118928,1140214,1123154,1086891,175497,242356,486197,525406,1059298,1066620,790925,711825,185663,185722,763321,866706,268702,167687,-11884,130983,270715,-8388607,0,2662,2664,2665,754,2479,-10110976,1,1,14,1,287,0,0,0,1
443354836,1078679,1170071,1118870,1139231,1121452,1087818,176280,243434,484632,524065,1037369,1048021,814924,730421,184615,185272,763110,867249,268999,168640,-12142,130859,270701,-8388607,0,2667,2662,2661,756,2478,-10110976,1,1,14,1,287,0,0,0,1
443354837,1076179,1167415,1119193,1138750,1120296,1088655,176622,243861,483661,523364,1015799,1029487,838537,748624,185158,185340,763576,868334,269906,169750,-12293,130614,270755,-8388607,0,2662,2665,2661,758,2480,-10110976,1,1,14,1,287,0,0,0,1
443354838,1074413,1165314,1120166,1139206,1119019,1089355,176929,244164,483628,523442,994650,1011053,862494,766649,186686,186475,764468,869693,271671,170797,-12207,130551,270596,-8388607,0,2657,2666,2658,754,2479,-10110976,1,1,14,1,287,0,0,0,1
443354839,1072948,1163915,1122051,1140923,1117637,1089165,177586,244577,483984,523966,974245,991923,886410,784918,188470,187937,765724,870828,273335,172293,-12116,130893,270677,-8388607,0,2661,2662,2666,754,2477,-10110976,1,1,14,1,287,0,0,0,1
443354840,1071628,1163204,1124679,1143807,1116188,1088356,178700,245573,485167,524477,954234,973236,910504,803130,190219,189982,766774,871469,274853,173607,-11863,131291,270677,-8388607,0,2663,2666,2662,756,2475,-10110976,1,1,14,1,287,0,0,0,1
443354841,1070348,1162802,1127452,1146901,1114837,1087033,180323,246737,486056,524868,934721,955371,933854,821862,191046,191410,767295,871944,276415,174678,-11845,131435,270642,-8388607,0,2661,2666,2659,754,2479,-10110976,1,1,14,1,287,0,0,0,1
443354842,1068792,1162191,1129270,1149792,1113236,1085189,181379,247812,486417,524879,915892,937459,956320,840845,190795,191664,767096,872152,277376,175496,-11980,131517,270561,-8388607,0,2661,2663,2665,749,2479,-10110976,1,1,14,1,287,0,0,0,1
443354843,1067187,1161339,1130532,1151694,1112098,1083309,181901,248542,486411,524945,897586,920277,977568,859339,190255,191416,766513,871969,277742,176238,-11677,131944,270619,-8388607,0,2663,2662,2662,755,2476,-10110976,1,1,14,1,287,0,0,0,1
443354844,1065307,1159882,1130759,1152385,1111010,1081585,181555,248783,485510,524457,879359,902604,997400,876185,188709,190368,765326,871131,277824,176462,-11351,132346,270554,-8388607,0,2662,2661,2659,756,2480,-10110976,1,1,14,1,287,0,0,0,1
443354845,1062059,1157306,1129782,1152043,1110155,1079639,180987,248897,484424,523456,861555,884887,1015956,891875,187522,189415,763902,869961,277486,176213,-11262,132546,270579,-8388607,0,2663,2663,2663,753,2482,-10110976,1,1,14,1,287,0,0,0,1
443354846,1058099,1153702,1127856,1151253,1109417,1077283,180758,249419,483591,522144,844298,867174,1032731,906557,187294,188887,762136,868456,277208,176084,-11267,132302,270536,-8388607,0,2665,2661,2664,755,2478,-10110976,1,1,14,1,287,0,0,0,1
443354847,1053259,1149284,1125893,1150337,1108944,1074929,181849,250270,482375,520719,828176,849740,1047731,920392,187875,188635,760121,866071,277056,175366,-11903,131283,270614,-8388607,0,2661,2665,2660,760,2479,-10110976,1,1,14,1,287,0,0,0,1
443354848,1048294,1144839,1124890,1150294,1108535,1072686,183906,252039,481132,519221,814007,832678,1060909,934567,188584,189098,758578,864245,277330,175267,-12246,130517,270579,-8388607,0,2657,2667,2664,753,2482,-10110976,1,1,14,1,287,0,0,0,1
443354849,1044332,1141322,1124666,1151236,1107871,1070395,185852,253773,480098,517709,801773,816816,1072384,948938,189068,190190,757253,862459,277710,175382,-12596,130107,270662,-8388607,0,2672,2660,2668,754,2478,-10110976,1,1,14,1,287,0,0,0,1
443354850,1041605,1138711,1125223,1152902,1107409,1068346,187242,255124,478955,515915,791793,802758,1082053,963565,189216,191296,756454,861526,278356,175968,-13067,129442,270582,-8388607,0,2666,2666,2663,758,2475,-10110976,1,1,14,1,287,0,0,0,1
443354851,1040536,1137837,1126467,1155099,1107187,1067240,187820,255846,477992,514289,783697,790145,1089932,977842,188752,192749,755997,861054,279306,177027,-12906,129510,270544,-8388607,0,2661,2666,2662,755,2480,-10110976,1,1,14,1,287,0,0,0,1
443354852,1040974,1138607,1128743,1157621,1107002,1066799,187895,256128,477049,513279,777645,778964,1095871,991095,188952,194132,756201,860903,280410,178718,-12194,130688,270480,-8388607,0,2659,2661,2666,754,2477,-10110976,1,1,14,1,287,0,0,0,1
443354853,1041989,1139596,1131017,1160584,1106531,1066598,187792,255959,476706,512808,773390,768989,1100509,1002623,189579,195677,756412,860889,281369,180167,-11581,131675,270493,-8388607,0,2663,2666,2662,756,2475,-10110976,1,1,14,1,287,0,0,0,1
443354854,1042193,1139918,1133258,1163491,1105999,1066319,188342,256592,476653,512656,770075,760563,1103729,1011955,190965,197228,756673,860624,282908,181258,-11023,132344,270528,-8388607,0,2659,2668,2662,757,2477,-10110976,1,1,14,1,287,0,0,0,1
443354855,1041388,1139136,1135422,1166124,1105057,1065942,189322,257826,476815,512518,768135,753660,1105348,1019223,192544,198543,756857,859679,284165,182055,-10815,132659,270480,-8388607,0,2663,2663,2666,751,2481,-10110976,1,1,14,1,287,0,0,0,1
443354856,1039512,1137025,1136872,1168413,1103746,1065452,190928,259370,477093,512525,767551,749495,1105214,1024147,194350,199879,756860,858411,285467,182850,-11116,132528,270492,-8388607,0,2668,2663,2664,757,2477,-10110976,1,1,14,1,287,0,0,0,1
443354857,1036367,1133204,1137800,1169438,1102283,1065394,191867,260237,476570,511986,767701,747957,1103833,1026705,194889,200392,756618,857101,286089,183433,-10994,132316,270546,-8388607,0,2663,2667,2661,753,2480,-10110976,1,1,14,1,287,0,0,0,1
443354858,1032434,1128717,1137415,1168936,1101195,1065449,192121,260793,475742,510932,769347,748577,1101462,1027360,194422,200374,755854,855745,286149,183521,-11239,131770,270347,-8388607,0,2662,2664,2665,754,2484,-10110976,1,1,14,1,287,0,0,0,1
443354859,1028020,1123872,1136420,1167791,1100364,1065942,191977,261031,474382,509142,771429,749741,1098117,1026736,193343,200336,755123,854392,285924,183237,-12031,131020,270450,-8388607,0,2661,2659,2664,756,2478,-10110976,1,1,14,1,287,0,0,0,1
443354860,1023860,1119058,1135212,1166296,1099421,1066616,192154,261311,472664,507471,773845,751465,1094930,1025825,192734,200191,754453,853019,285415,182978,-11973,130884,270588,-8388607,0,2661,2665,2662,758,2478,-10110976,1,1,14,1,287,0,0,0,1
443354861,1020218,1114845,1134376,1165357,1098297,1067051,192507,261976,470818,506337,775830,752847,1092404,1024749,192690,199870,753842,851560,284925,182688,-11805,130789,270466,-8388607,0,2661,2666,2664,754,2482,-10110976,1,1,14,1,287,0,0,0,1
443354862,1017038,1111526,1134774,1165736,1096985,1066991,193761,263581,469990,505987,777116,752965,1090870,1022939,192877,199269,753419,850258,285221,182467,-12210,130453,270449,-8388607,0,2665,2662,2666,751,2476,-10110976,1,1,14,1,287,0,0,0,1
443354863,1014233,1108837,1135615,1167348,1095631,1066578,195423,265454,470013,506413,778250,752960,1090740,1022015,193633,200091,753189,849119,285979,182869,-12403,129898,270492,-8388607,0,2661,2665,2664,758,2478,-10110976,1,1,14,1,287,0,0,0,1
443354864,1012422,1107649,1137365,1169737,1094157,1065506,196900,266859,470294,506607,779119,752856,1091219,1021320,194738,201147,753423,848508,287029,183534,-12736,129710,270459,-8388607,0,2660,2668,2663,752,2473,-10110976,1,1,14,1,287,0,0,0,1
443354865,1011903,1107311,1139778,1172542,1092808,1064086,197724,267320,470390,506659,780860,753195,1092042,1020756,196623,203046,754087,848209,288442,184632,-12364,130423,270538,-8388607,0,2664,2663,2666,749,2479,-10110976,1,1,14,1,287,0,0,0,1
443354866,1012254,1107454,1141892,1174755,1091922,1062832,198052,267573,470232,506763,783649,754282,1092710,1019315,198550,205127,754500,848393,289785,186086,-11790,131170,270409,-8388607,0,2666,2661,2663,754,2478,-10110976,1,1,14,1,287,0,0,0,1
443354867,1012942,1107674,1143732,1176472,1091517,1061435,198207,267396,469244,506099,786458,756296,1093184,1017615,200644,207991,755132,848954,290979,187131,-11362,131834,270368,-8388607,0,2665,2668,2658,756,2480,-10110976,1,1,14,1,287,0,0,0,1
443354868,1013006,1107170,1145363,1177349,1091091,1060309,198923,267829,467900,505360,788940,758865,1093517,1015276,202846,210647,755417,849287,291914,188174,-11211,132244,270311,-8388607,0,2662,2662,2664,751,2481,-10110976,1,1,14,1,287,0,0,0,1
443354869,1011706,1105509,1146288,1178063,1090695,1058984,199528,268511,467097,505446,791115,761072,1093269,1012249,204566,212726,755615,849375,292675,189005,-10813,132627,270387,-8388607,0,2664,2661,2664,756,2478,-10110976,1,1,14,1,287,0,0,0,1
443354870,1008750,1102759,1146670,1178744,1090061,1057408,200667,269742,466411,505817,792073,763442,1093346,1008602,205813,213843,755465,849366,293423,189330,-10854,132411,270404,-8388607,0,2659,2666,2659,760,2471,-10110976,1,1,14,1,287,0,0,0,1
443354871,1004307,1098922,1146286,1178925,1089381,1055679,201718,271145,465984,506827,792864,765169,1093379,1004662,205869,213320,754694,848614,293952,189504,-11649,131574,270364,-8388607,0,2664,2669,2664,756,2484,-10110976,1,1,14,1,287,0,0,0,1
443354872,999519,1095093,1145234,1179009,1088822,1054188,202871,272374,466513,508200,793329,767229,1092694,1000680,205109,212132,754229,848128,294521,189484,-12255,130693,270356,-8388607,0,2665,2669,2668,756,2476,-10110976,1,1,14,1,287,0,0,0,1
443354873,995298,1091646,1144257,1179168,1088334,1053017,203235,273055,466135,508323,793675,769110,1091966,995990,204104,209874,753398,847619,294617,189291,-12478,130225,270385,-8388607,0,2665,2671,2662,760,2471,-10110976,1,1,14,1,287,0,0,0,1
443354874,992149,1089144,1143729,1179363,1088426,1052259,203498,273659,465756,508055,794386,771092,1090906,991774,203139,208498,752706,847605,294622,189385,-12451,130151,270346,-8388607,0,2659,2669,2664,755,2481,-10110976,1,1,14,1,287,0,0,0,1
443354875,990067,1087367,1143707,1180014,1088365,1051749,203801,274281,464420,507384,795213,773262,1089365,988037,203054,207512,751915,847718,294703,189470,-12321,130333,270247,-8388607,0,2661,2664,2664,752,2479,-10110976,1,1,14,1,287,0,0,0,1
443354876,988802,1086264,1144372,1181490,1088206,1051614,204476,275422,462700,505954,796184,775596,1088320,984887,203534,207771,751237,848303,294980,189809,-12260,130412,270180,-8388607,0,2665,2661,2662,759,2473,-10110976,1,1,14,1,287,0,0,0,1
443354877,987994,1085871,1145860,1183921,1087551,1051321,205421,276887,461515,505085,796857,778028,1087001,983168,205026,209318,751227,849093,295719,190444,-11998,130835,270242,-8388607,0,2664,2667,2662,754,2479,-10110976,1,1,14,1,287,0,0,0,1
443354878,987505,1085662,1147610,1186906,1086012,1050634,206402,278089,459899,504728,797254,779931,1085730,982391,206893,211101,751365,849665,297046,191313,-11750,131054,270239,-8388607,0,2665,2666,2665,752,2479,-10110976,1,1,14,1,287,0,0,0,1
443354879,986489,1085081,1149412,1190373,1084310,1050192,206934,279089,459132,505057,797613,781408,1084597,982760,208530,213220,751898,850460,298529,192200,-11654,131405,270238,-8388607,0,2666,2662,2663,756,2478,-10110976,1,1,14,1,287,0,0,0,1
443354880,985361,1084159,1150887,1193811,1082794,1049583,207268,279758,458606,505290,798001,782421,1083625,983778,209662,214865,752559,851254,299526,192529,-11755,131274,270210,-8388607,0,2661,2666,2659,759,2479,-10110976,1,1,14,1,287,0,0,0,1
443354881,984218,1082928,1151987,1196565,1081649,1049237,207553,280037,458384,504750,798506,782574,1082447,985033,210792,215917,752887,852210,300115,192586,-11673,131477,270231,-8388607,0,2657,2663,2664,751,2481,-10110976,1,1,14,1,287,0,0,0,1
443354882,982618,1081467,1153067,1198693,1080398,1049032,207981,280230,458094,503706,799815,782495,1080668,986280,212251,217103,752612,852690,300630,192181,-11666,131493,270290,-8388607,0,2665,2663,2665,755,2476,-10110976,1,1,14,1,287,0,0,0,1
443354883,981307,1079690,1153746,1200043,1079395,1048978,208851,280814,457676,502272,801825,782559,1078376,986631,212895,217991,751575,852765,301132,192385,-11744,131283,270300,-8388607,0,2663,2664,2660,759,2475,-10110976,1,1,14,1,287,0,0,0,1
443354884,979767,1077186,1154514,1200994,1078209,1048640,210115,282137,456639,500300,804519,782820,1075502,986764,213921,218279,749845,851778,302210,193155,-11858,131004,270183,-8388607,0,2657,2666,2664,754,2483,-10110976,1,1,14,1,287,0,0,0,1
443354885,978043,1074579,1155220,1201620,1076708,1047933,211173,283361,456212,498343,807363,783132,1072134,986928,214436,218430,747924,850175,303408,194256,-11851,130940,270184,-8388607,0,2661,2663,2668,752,2477,-10110976,1,1,14,1,287,0,0,0,1
443354886,976243,1071989,1156099,1202608,1075055,1047019,212550,284486,455744,496971,809698,782981,1068764,987216,213939,217918,746545,848588,304085,195629,-11830,130747,270039,-8388607,0,2665,2665,2659,759,2475,-10110976,1,1,14,1,287,0,0,0,1
443354887,974271,1069858,1157619,1204095,1073659,1046106,213357,285230,455744,496135,811486,782963,1065977,987975,212869,217634,746068,847817,304913,197051,-12342,130603,270162,-8388607,0,2662,2668,2666,753,2479,-10110976,1,1,14,1,287,0,0,0,1
443354888,972983,1068521,1159559,1205894,1073029,1045471,213930,285620,456165,495484,813119,782079,1063715,988990,211824,216712,746726,847536,304726,197873,-12255,130356,270170,-8388607,0,2663,2663,2666,749,2479,-10110976,1,1,14,1,287,0,0,0,1
443354889,972213,1067390,1161619,1208276,1072982,1044803,214268,285985,456677,494579,814349,780839,1062716,990998,211561,216268,747934,847488,304502,198156,-12158,130514,270087,-8388607,0,2666,2666,2662,755,2476,-10110976,1,1,14,1,287,0,0,0,1
443354890,971810,1067277,1163961,1210891,1072885,1044482,214913,286620,457110,493268,815164,780026,1063461,993383,212543,216884,749245,847498,304651,198762,-12027,130771,270164,-8388607,0,2661,2667,2661,754,2479,-10110976,1,1,14,1,287,0,0,0,1
443354891,971673,1067534,1166274,1213493,1072714,1044027,215703,287447,457021,491500,816507,779748,1065035,995464,214520,218463,750035,846838,305381,199895,-11507,131411,270081,-8388607,0,2662,2662,2663,753,2481,-10110976,1,1,14,1,287,0,0,0,1
443354892,971045,1067618,1168073,1216004,1072150,1043658,216483,288432,456168,489854,817359,779867,1067664,997878,216862,220250,749473,845212,306503,201317,-11355,131618,270101,-8388607,0,2671,2661,2664,757,2480,-10110976,1,1,14,1,287,0,0,0,1
443354893,969433,1067139,1169806,1218553,1071422,1043119,216843,289648,454859,488236,818022,779730,1070502,1000286,219485,222577,748061,843382,307508,202663,-11457,131659,270098,-8388607,0,2663,2667,2662,758,2477,-10110976,1,1,14,1,287,0,0,0,1
443354894,967601,1066042,1171465,1221205,1070987,1042488,217551,290743,453457,486485,817566,780177,1073057,1002858,221650,225176,746043,841679,308489,203567,-11488,131875,270168,-8388607,0,2660,2673,2665,755,2481,-10110976,1,1,14,1,287,0,0,0,1
443354895,964874,1064674,1173318,1223782,1070743,1042064,218238,291616,451918,485249,816354,779658,1075623,1004986,223121,227097,743998,840297,308505,203829,-11683,131304,270067,-8388607,0,2666,2664,2668,756,2474,-10110976,1,1,14,1,287,0,0,0,1
443354896,962079,1063005,1174805,1226333,1070995,1041749,219014,292485,450095,483785,814255,779006,1077879,1005653,224009,228432,742308,839007,308087,203194,-12254,130695,270142,-8388607,0,2667,2668,2664,759,2473,-10110976,1,1,14,1,287,0,0,0,1
443354897,959968,1061775,1176404,1228954,1071559,1041836,220455,293421,448400,482917,811991,778810,1080159,1006000,225017,229165,740695,838121,307373,202234,-12387,130392,270087,-8388607,0,2659,2669,2661,753,2477,-10110976,1,1,14,1,287,0,0,0,1
443354898,958123,1061160,1177688,1231563,1071739,1042362,221665,294510,446491,481791,810051,779225,1082111,1005474,226211,229683,739464,836916,307940,201685,-12214,130371,270028,-8388607,0,2664,2663,2666,752,2477,-10110976,1,1,14,1,287,0,0,0,1
443354899,956619,1061017,1179116,1233985,1071106,1041996,222837,295898,444578,480419,808399,779447,1083767,1003338,226943,229337,738221,835400,308878,201988,-12218,130581,270018,-8388607,0,2667,2666,2661,755,2481,-10110976,1,1,14,1,287,0,0,0,1
443354900,955720,1061177,1180576,1236361,1069812,1041512,223992,297184,442545,478834,807260,780735,1084553,1000340,227121,228527,737361,833723,310093,203127,-12278,130625,270005,-8388607,0,2661,2668,2660,754,2480,-10110976,1,1,14,1,287,0,0,0,1
443354901,955364,1061200,1182619,1239374,1068056,1040885,224908,298428,440592,477511,806111,781968,1084319,997678,227221,227813,736344,831959,311315,204396,-11890,131097,270083,-8388607,0,2661,2662,2663,752,2480,-10110976,1,1,14,1,287,0,0,0,1
443354902,954794,1060878,1185039,1242493,1066254,1040110,225498,299099,438815,476957,804788,782981,1083736,994934,227186,227467,735393,830624,312452,205780,-11812,131142,270052,-8388607,0,2668,2658,2660,757,2476,-10110976,1,1,14,1,287,0,0,0,1
443354903,954211,1060393,1187684,1245624,1064584,1039675,225696,299454,437612,476731,803502,783838,1082784,992642,227290,227596,735441,829854,312747,207147,-11770,131141,269920,-8388607,0,2660,2665,2662,758,2480,-10110976,1,1,14,1,287,0,0,0,1
443354904,953220,1059747,1190145,1248097,1063593,1038955,226093,299949,436585,476443,802326,784980,1081993,990837,227339,228453,735865,829235,312589,208231,-11819,131262,270018,-8388607,0,2662,2661,2665,749,2481,-10110976,1,1,14,1,287,0,0,0,1
443354905,952569,1058705,1191614,1250217,1062988,1038538,226858,300369,436439,476552,801953,786004,1081235,989467,228673,229855,736655,828835,312803,208921,-11853,131186,270049,-8388607,0,2665,2659,2666,756,2471,-10110976,1,1,14,1,287,0,0,0,1
443354906,951599,1057158,1192624,1251417,1062230,1037941,227538,300935,436143,476342,802448,787354,1080104,988652,230564,231767,736681,827963,313168,209214,-11644,131162,270010,-8388607,0,2661,2667,2662,758,2478,-10110976,1,1,14,1,287,0,0,0,1
443354907,950392,1055447,1193098,1252498,1061289,1037073,228204,301583,435559,475378,802716,788140,1078863,987078,232539,233401,736662,826747,313474,209336,-11721,131357,270102,-8388607,0,2656,2668,2664,753,2481,-10110976,1,1,14,1,287,0,0,0,1
443354908,948870,1053557,1193967,1253601,1060502,1036453,228885,302788,434961,474416,803659,789364,1077104,985020,234051,235219,735942,825025,313995,209542,-11655,131232,269932,-8388607,0,2666,2666,2666,752,2478,-10110976,1,1,14,1,287,0,0,0,1
443354909,946744,1051608,1194703,1254992,1059990,1036324,229600,303973,433943,472900,805041,790013,1074292,982746,235140,236603,734693,823695,314602,209326,-12025,130713,270051,-8388607,0,2663,2665,2664,757,2475,-10110976,1,1,14,1,287,0,0,0,1
443354910,944832,1049735,1196303,1257166,1060192,1036769,230583,304942,433076,472160,806806,791053,1070139,980543,236048,237253,733338,823336,314360,209435,-12391,130368,270106,-8388607,0,2663,2668,2662,754,2477,-10110976,1,1,14,1,287,0,0,0,1
443354911,943207,1047923,1198100,1259818,1060926,1037091,231516,306202,432493,470726,808635,792168,1066079,978366,236619,237617,732324,823456,314459,209575,-12317,130335,269977,-8388607,0,2658,2664,2667,751,2479,-10110976,1,1,14,1,287,0,0,0,1
443354912,941918,1046759,1200517,1262566,1061931,1037071,233043,307363,432322,470137,811448,793113,1061816,975894,236316,238102,731982,824329,315104,210156,-12150,130228,270080,-8388607,0,2659,2666,2659,756,2476,-10110976,1,1,14,1,287,0,0,0,1
443354913,941089,1046180,1202599,1265740,1062379,1036760,234399,308009,432424,469493,814767,794650,1057302,973387,235792,237954,732215,824814,315844,211035,-12360,130230,270066,-8388607,0,2662,2669,2664,758,2477,-10110976,1,1,14,1,287,0,0,0,1
443354914,940515,1046489,1204582,1269153,1061901,1035711,235595,309095,433188,469449,817917,796180,1052612,970838,235703,237505,732339,825038,317114,211352,-11873,130551,269974,-8388607,0,2663,2663,2661,749,2484,-10110976,1,1,14,1,287,0,0,0,1
443354915,939865,1046928,1206297,1272580,1060921,1034607,236416,309934,433656,469516,821449,797245,1048142,968350,235638,237083,732422,825403,318908,211978,-11469,131034,269982,-8388607,0,2666,2663,2664,757,2477,-10110976,1,1,14,1,287,0,0,0,1
443354916,938981,1047534,1207500,1275925,1059266,1033350,237009,310209,434240,469573,825002,798243,1044203,965933,235814,237052,732501,825235,320406,212950,-11405,131431,270058,-8388607,0,2662,2667,2664,759,2477,-10110976,1,1,14,1,287,0,0,0,1
443354917,937197,1047561,1208213,1278531,1057616,1032211,237124,310644,434974,469814,828416,800211,1040932,963932,236034,237960,732174,825148,321316,214226,-11234,131596,269921,-8388607,0,2659,2666,2665,754,2484,-10110976,1,1,14,1,287,0,0,0,1
443354918,935084,1046827,1208885,1280803,1056046,1031641,237019,311072,435497,470018,831820,802167,1038022,963275,236793,238412,731419,825176,321861,215548,-11524,131291,269913,-8388607,0,2663,2659,2666,754,2478,-10110976,1,1,14,1,287,0,0,0,1
443354919,932416,1045412,1209339,1282938,1054910,1031068,237288,311772,435619,470033,834842,804199,1035781,963279,238244,239608,730556,825733,322192,216748,-11683,131324,269916,-8388607,0,2665,2665,2659,758,2477,-10110976,1,1,14,1,287,0,0,0,1
443354920,929839,1043654,1210265,1284936,1053573,1030488,237627,312316,435101,470181,836865,805924,1034943,963592,239353,241444,729991,826117,322169,217692,-11863,130796,269943,-8388607,0,2663,2668,2665,753,2481,-10110976,1,1,14,1,287,0,0,0,1
443354921,927771,1042052,1211985,1287304,1052590,1029529,238836,313158,434641,470478,837992,807419,1034683,964022,240549,243510,729623,826113,322192,218464,-12178,130440,270182,-8388607,0,2664,2665,2668,752,2480,-10110976,1,1,14,1,287,0,0,0,1
443354922,926120,1040829,1213922,1289770,1051828,1028947,239721,314384,433695,469721,838590,808185,1033945,963803,241244,245127,729167,825769,322223,218486,-12548,130009,270018,-8388607,0,2661,2664,2662,759,2475,-10110976,1,1,14,1,287,0,0,0,1
443354923,925622,1040320,1216568,1292796,1051337,1028378,241271,315979,432151,468472,838396,808372,1032876,963633,242568,246148,728343,825394,322929,218293,-12544,129905,269895,-8388607,0,2661,2666,2662,754,2479,-10110976,1,1,14,1,287,0,0,0,1
443354924,925834,1040664,1219579,1296521,1051415,1028403,242270,317278,430136,466957,837709,808310,1031881,962820,243637,247225,727517,825252,323417,218363,-12272,130412,269788,-8388607,0,2663,2668,2664,750,2481,-10110976,1,1,14,1,287,0,0,0,1
443354925,926112,1041397,1222971,1300998,1051772,1028745,243335,318518,428353,465351,837504,808789,1031335,961178,244249,247789,726881,825490,324121,218837,-11918,130904,269882,-8388607,0,2668,2666,2663,755,2476,-10110976,1,1,14,1,287,0,0,0,1
443354926,926177,1042319,1226266,1305776,1052134,1029270,244269,320043,426566,464039,836723,809481,1031596,959352,244508,248407,725957,826191,324925,219618,-11964,131177,269817,-8388607,0,2663,2665,2662,756,2480,-10110976,1,1,14,1,287,0,0,0,1
443354927,926179,1043299,1230253,1310694,1052199,1029438,245033,321044,424524,462768,835583,810324,1031697,958294,244775,248168,724909,827467,325790,220531,-11990,131218,269793,-8388607,0,2660,2663,2660,755,2481,-10110976,1,1,14,1,287,0,0,0,1
443354928,926144,1043403,1234074,1315254,1051260,1029082,245700,321860,422776,462148,834308,810310,1031962,957815,244899,247836,723927,828163,326446,221907,-11809,131504,269826,-8388607,0,2661,2663,2664,755,2478,-10110976,1,1,14,1,287,0,0,0,1
443354929,926022,1042931,1237752,1319064,1050430,1027949,246332,322406,421574,461797,832383,810058,1032549,956785,245155,248032,723563,828508,327549,222819,-11668,131580,269723,-8388607,0,2662,2665,2659,760,2471,-10110976,1,1,14,1,287,0,0,0,1
443354930,925544,1041502,1240802,1321765,1049508,1026798,246654,322598,420135,460882,830217,809284,1033313,955965,245209,248384,723235,827451,328478,223119,-11776,131524,269767,-8388607,0,2663,2665,2659,754,2481,-10110976,1,1,14,1,287,0,0,0,1
443354931,924430,1039702,1242989,1323801,1048480,1025769,246912,322992,418975,460282,828581,808779,1034074,955215,245932,249360,722485,826078,329461,223236,-11739,131536,269755,-8388607,0,2669,2664,2666,755,2476,-10110976,1,1,14,1,287,0,0,0,1
443354932,922692,1037735,1244703,1325343,1047866,1025140,247271,323078,417979,459303,827426,808514,1034628,955030,247341,250334,721817,824380,330292,223534,-12055,131376,269778,-8388607,0,2665,2665,2662,761,2475,-10110976,1,1,14,1,287,0,0,0,1
443354933,920866,1035364,1246359,1326943,1047714,1024658,247696,323539,416355,457870,826383,807769,1035885,955105,248672,251253,721277,822792,331030,224242,-12110,131039,269891,-8388607,0,2657,2674,2662,755,2481,-10110976,1,1,14,1,287,0,0,0,1
443354934,919189,1033296,1248353,1329178,1047415,1023837,248447,324566,414978,456869,825304,807561,1037512,955295,250212,253030,720213,821270,331201,225107,-12204,130813,269792,-8388607,0,2663,2664,2666,752,2477,-10110976,1,1,14,1,287,0,0,0,1
443354935,917634,1031525,1250719,1331825,1047090,1023176,249316,325608,413116,455283,824005,806635,1038613,955779,251610,254723,718845,819588,330734,225535,-12511,130223,269790,-8388607,0,2668,2667,2666,757,2473,-10110976,1,1,14,1,287,0,0,0,1
443354936,916647,1030623,1253758,1335029,1046700,1022476,250900,327029,411128,453847,822313,805445,1039620,956466,252951,255890,717755,818040,330829,226061,-12792,129927,269720,-8388607,0,2661,2668,2659,755,2477,-10110976,1,1,14,1,287,0,0,0,1
443354937,916611,1030262,1257329,1338724,1046404,1021516,252022,328470,409011,452228,820688,804054,1040348,957076,254292,256480,716771,816240,331330,226292,-12503,130094,269852,-8388607,0,2659,2663,2665,753,2481,-10110976,1,1,14,1,287,0,0,0,1
443354938,917202,1030289,1260685,1342402,1046271,1021055,253178,329734,406914,450363,819506,803067,1040414,957218,255059,257260,715995,814005,331796,226482,-12208,130438,269769,-8388607,0,2662,2665,2666,756,2476,-10110976,1,1,14,1,287,0,0,0,1
443354939,918115,1030959,1263769,1346112,1046316,1020815,254012,330934,404933,448667,819427,802535,1040188,957016,255542,257840,715509,812118,332556,226509,-11950,130891,269692,-8388607,0,2661,2664,2659,757,2479,-10110976,1,1,14,1,287,0,0,0,1
443354940,919103,1031875,1267102,1349906,1046500,1020333,254546,331870,403154,447026,819764,802750,1039338,957283,256397,258039,714923,810751,333623,226448,-11637,131318,269630,-8388607,0,2662,2666,2665,754,2484,-10110976,1,1,14,1,287,0,0,0,1
443354941,919376,1032358,1270004,1353943,1046251,1020005,254927,332541,402032,445551,821010,802854,1038642,957555,257139,258512,714540,810001,334910,226929,-11390,131714,269648,-8388607,0,2665,2660,2666,754,2477,-10110976,1,1,14,1,287,0,0,0,1
443354942,918817,1032396,1272957,1357449,1045445,1019009,255004,333123,401472,444585,822363,803203,1037515,957830,257469,259019,714228,809015,335503,227590,-11311,131793,269707,-8388607,0,2661,2665,2662,758,2471,-10110976,1,1,14,1,287,0,0,0,1
443354943,917531,1031500,1275422,1360656,1044237,1017483,255559,333845,401808,444057,823848,803508,1036126,958289,258353,260005,713475,808424,335982,228250,-11667,131511,269784,-8388607,0,2657,2665,2662,754,2481,-10110976,1,1,14,1,287,0,0,0,1
443354944,916058,1030083,1277660,1363367,1042720,1016042,256151,334753,402203,443682,825214,803815,1034604,958925,258767,260789,712271,807633,336587,228588,-11843,131245,269673,-8388607,0,2661,2662,2666,752,2478,-10110976,1,1,14,1,287,0,0,0,1
443354945,914406,1028182,1280108,1365251,1041196,1014425,256804,335709,402840,443888,826740,804480,1032974,959749,259239,261754,711277,806541,336826,229268,-11786,131068,269688,-8388607,0,2666,2666,2662,756,2475,-10110976,1,1,14,1,287,0,0,0,1
443354946,912919,1025895,1282404,1366638,1039860,1012921,257778,336257,403500,443968,828744,805446,1030650,959801,260025,262681,710781,805159,337553,230016,-12007,130730,269466,-8388607,0,2662,2668,2662,756,2479,-10110976,1,1,14,1,287,0,0,0,1
443354947,911790,1023742,1284501,1367948,1038945,1011826,258435,337219,403570,443757,831074,807124,1028318,959840,260840,263540,710240,804016,338350,230551,-12154,130650,269554,-8388607,0,2663,2663,2665,751,2479,-10110976,1,1,14,1,287,0,0,0,1
443354948,910636,1021835,1286737,1369353,1037952,1010873,259205,338103,403656,443633,833001,809194,1026198,959513,261907,264521,709902,803112,338860,231181,-11957,130753,269622,-8388607,0,2664,2663,2659,757,2477,-10110976,1,1,14,1,287,0,0,0,1
443354949,909526,1020183,1289005,1370832,1037007,1010072,260064,338758,403063,442894,834410,810483,1023773,958828,262845,265315,709550,802391,339185,231778,-12022,130874,269546,-8388607,0,2660,2665,2658,755,2480,-10110976,1,1,14,1,287,0,0,0,1
443354950,908185,1018747,1291173,1372225,1036013,1009200,260657,339753,402062,442198,835545,811543,1021154,957996,263691,266001,709308,801981,339358,232456,-11879,130986,269529,-8388607,0,2661,2666,2666,754,2481,-10110976,1,1,14,1,287,0,0,0,1
443354951,906899,1017167,1293071,1373701,1034824,1007882,261791,340904,400905,441033,836214,812308,1018188,956741,264008,266604,708958,801993,339317,233134,-11897,131045,269489,-8388607,0,2665,2659,2666,756,2478,-10110976,1,1,14,1,287,0,0,0,1
443354952,905779,1015273,1294979,1374873,1033660,1006963,263213,342283,400065,440045,837048,812895,1015106,955027,263954,267110,708260,801934,339855,233961,-11969,131037,269488,-8388607,0,2663,2667,2662,758,2479,-10110976,1,1,14,1,287,0,0,0,1
443354953,904361,1013243,1297203,1376196,1032521,1006040,264269,343390,398874,438803,838354,814269,1011767,953171,264026,267306,707500,801875,340604,235124,-12149,131118,269487,-8388607,0,2657,2661,2663,754,2481,-10110976,1,1,14,1,287,0,0,0,1
443354954,902914,1011145,1299356,1378001,1032119,1004910,265288,344206,397973,437750,839600,816128,1008767,950787,264243,267333,706974,801426,341602,236306,-11914,131121,269578,-8388607,0,2666,2665,2668,751,2474,-10110976,1,1,14,1,287,0,0,0,1
443354955,901339,1009135,1301683,1379814,1031739,1004225,265996,344741,397445,437141,841559,817919,1006282,948207,264971,267703,706753,801654,342682,237284,-12091,130791,269413,-8388607,0,2664,2667,2666,758,2477,-10110976,1,1,14,1,287,0,0,0,1
443354956,899779,1007389,1303836,1381817,1031516,1003573,266284,344961,396811,436710,843482,819753,1003801,945109,265641,268083,706275,801488,343354,237675,-12288,130376,269452,-8388607,0,2661,2669,2666,755,2477,-10110976,1,1,14,1,287,0,0,0,1
443354957,898396,1006079,1305769,1383781,1030994,1002845,266457,345148,396596,436275,844855,821947,1002170,942508,266394,268155,705555,801427,343867,237583,-12305,130266,269458,-8388607,0,2666,2664,2666,750,2477,-10110976,1,1,14,1,287,0,0,0,1
443354958,897191,1005455,1307383,1386160,1030309,1001942,267145,345839,396874,436380,846139,824906,1000570,939996,267340,268703,705184,801698,344193,238013,-12110,130723,269414,-8388607,0,2663,2668,2662,754,2476,-10110976,1,1,14,1,287,0,0,0,1
443354959,895730,1004851,1308449,1388172,1029660,1000851,267735,346751,397062,436807,847923,827130,999321,937364,267711,268917,704338,801818,344030,238533,-12113,130906,269444,-8388607,0,2662,2670,2659,757,2480,-10110976,1,1,14,1,287,0,0,0,1
443354960,894608,1004494,1309722,1390638,1028868,999854,268797,347798,397275,437417,849522,830323,998007,934956,267965,269142,703288,801574,344188,239027,-11945,131093,269421,-8388607,0,2663,2666,2664,752,2479,-10110976,1,1,14,1,287,0,0,0,1
443354961,893299,1003758,1311432,1393052,1028085,999173,269906,349120,397353,438084,850948,833551,996966,932993,268682,269840,702096,801355,344556,239856,-11753,131191,269316,-8388607,0,2668,2663,2668,756,2477,-10110976,1,1,14,1,287,0,0,0,1
443354962,891896,1002631,1313611,1395560,1027756,998176,271133,350202,397130,438018,851691,836339,995683,930619,269347,270247,700976,801080,345290,241077,-11750,131231,269355,-8388607,0,2663,2665,2664,759,2480,-10110976,1,1,14,1,287,0,0,0,1
443354963,890272,1001151,1315754,1397795,1026945,997419,271923,351192,396732,437865,852457,839242,994783,928106,270201,271488,700049,800383,345634,241946,-11879,131266,269401,-8388607,0,2662,2664,2665,752,2484,-10110976,1,1,14,1,287,0,0,0,1
443354964,888611,999122,1317565,1399685,1026003,996319,272614,352073,395440,437276,852782,841167,993948,925982,271327,272411,699352,800011,346003,242696,-11832,131045,269408,-8388607,0,2661,2659,2664,756,2478,-10110976,1,1,14,1,287,0,0,0,1
443354965,886618,997073,1318616,1401172,1024940,994931,273448,353128,393922,436151,852496,842320,993040,924121,272183,272995,698838,799925,346191,243086,-11929,130839,269304,-8388607,0,2658,2664,2661,758,2476,-10110976,1,1,14,1,287,0,0,0,1
443354966,884287,995292,1319463,1402675,1023271,993619,274311,354380,392717,434756,852244,843172,992666,922760,273045,273523,698486,800058,346526,243457,-11899,131054,269411,-8388607,0,2657,2668,2666,753,2481,-10110976,1,1,14,1,287,0,0,0,1
443354967,882021,993307,1320293,1403985,1021656,991873,274899,355352,391693,433325,852036,844166,992127,921522,273563,274026,697754,799754,346914,244136,-11686,131094,269312,-8388607,0,2665,2664,2666,754,2478,-10110976,1,1,14,1,287,0,0,0,1
443354968,879740,991617,1320953,1405411,1020329,990047,276134,356306,390457,431985,851736,845197,991384,921328,274118,274390,696914,799520,347627,245090,-12095,130843,269331,-8388607,0,2668,2665,2664,757,2473,-10110976,1,1,14,1,287,0,0,0,1
443354969,877549,989713,1322197,1406875,1019062,988356,276753,357041,389127,431127,851755,845471,990770,921179,274774,275090,695828,799176,348503,246042,-12347,130607,269287,-8388607,0,2661,2666,2659,756,2478,-10110976,1,1,14,1,287,0,0,0,1
443354970,876115,987716,1324071,1408165,1017969,986648,277266,357203,387875,430075,851242,845703,990038,921322,275476,276061,694932,798674,349301,246674,-12169,130762,269269,-8388607,0,2661,2666,2665,751,2478,-10110976,1,1,14,1,287,0,0,0,1
443354971,875046,985652,1326291,1409981,1016710,985298,277775,357360,386870,429558,850912,845824,989507,921529,276465,277225,693894,797641,349988,247221,-12143,130710,269387,-8388607,0,2668,2666,2662,755,2484,-10110976,1,1,14,1,287,0,0,0,1
443354972,874155,983792,1328662,1411478,1015773,983833,278487,357644,386054,428697,850718,845441,988731,922303,277637,278629,693428,797057,350320,247396,-12270,130644,269287,-8388607,0,2663,2666,2658,756,2480,-10110976,1,1,14,1,287,0,0,0,1
443354973,873435,982247,1331390,1413040,1014700,982927,279333,358458,385302,427678,850624,844755,988128,923184,278858,279788,692971,796474,350757,247455,-12245,130824,269203,-8388607,0,2662,2664,2666,752,2481,-10110976,1,1,14,1,287,0,0,0,1
443354974,872604,980823,1333772,1415461,1013322,981814,280307,359393,384497,426604,851170,843969,987471,924149,279898,280636,692618,795564,351084,247724,-11948,130911,269313,-8388607,0,2663,2662,2666,756,2476,-10110976,1,1,14,1,287,0,0,0,1
443354975,871949,979522,1336050,1417991,1011983,980767,281164,360513,384113,425495,851827,842749,987215,925701,280735,282162,692094,794816,351646,248146,-11753,131280,269276,-8388607,0,2656,2665,2664,760,2477,-10110976,1,1,14,1,287,0,0,0,1
443354976,870677,978597,1337719,1420057,1010957,979825,281998,361339,383431,423979,852418,841839,986664,927468,281199,283214,691719,793771,352372,248907,-11789,131327,269312,-8388607,0,2656,2669,2664,752,2481,-10110976,1,1,14,1,287,0,0,0,1
443354977,868724,977694,1338769,1421867,1009850,978435,282544,362085,382594,422543,852618,840533,986298,929371,281890,284093,691069,792690,352905,249363,-11905,131320,269313,-8388607,0,2668,2657,2666,754,2476,-10110976,1,1,14,1,287,0,0,0,1
443354978,866822,976170,1339354,1422781,1008781,977192,283122,362320,381396,420851,852288,839036,985881,930881,282672,285300,690617,791544,353572,250188,-11997,131340,269133,-8388607,0,2664,2665,2664,758,2473,-10110976,1,1,14,1,287,0,0,0,1
443354979,864468,974297,1339135,1423165,1007295,975426,283523,362596,379591,419282,851789,837272,985511,932424,283644,286455,690358,790615,354085,250854,-11866,131351,269178,-8388607,0,2661,2667,2666,755,2481,-10110976,1,1,14,1,287,0,0,0,1
443354980,862031,971553,1339019,1423570,1005533,973918,284044,363474,377935,417541,851619,836330,985048,933559,284726,287760,690198,789319,354781,251344,-11872,131381,269241,-8388607,0,2661,2663,2668,749,2481,-10110976,1,1,14,1,287,0,0,0,1
443354981,859523,968706,1339058,1423922,1003608,972141,284423,364355,376219,415703,851689,835936,984621,934747,285325,289111,690015,788091,355202,251824,-11909,131101,269266,-8388607,0,2661,2661,2662,757,2473,-10110976,1,1,14,1,287,0,0,0,1
443354982,856839,965823,1339256,1424607,1001324,970263,284696,365017,374640,414091,851735,835708,984171,935735,285896,290212,689587,787263,355951,252303,-12190,130630,269231,-8388607,0,2663,2667,2662,755,2481,-10110976,1,1,14,1,287,0,0,0,1
443354983,854250,963341,1339831,1425909,999567,968433,284999,366013,373558,413178,851923,835786,984026,936384,286216,291065,689070,786379,356949,252911,-12328,130279,269185,-8388607,0,2666,2664,2671,752,2484,-10110976,1,1,14,1,287,0,0,0,1
443354984,851923,961571,1340347,1427460,997931,966848,285410,366654,372895,412466,851874,835994,984507,937245,286786,291765,688455,785340,357544,253573,-12417,130144,269286,-8388607,0,2666,2661,2664,754,2477,-10110976,1,1,14,1,287,0,0,0,1
443354985,850074,959953,1340818,1428584,996529,965203,285817,367282,372534,412009,851676,836096,985227,937766,287351,292281,687118,784199,357884,254081,-12640,129968,269140,-8388607,0,2661,2664,2659,758,2479,-10110976,1,1,14,1,287,0,0,0,1
443354986,849212,958757,1341491,1430107,995614,963966,286656,367986,372046,411865,851372,836427,985927,937832,288394,293075,685490,783395,358342,254520,-12399,130378,269188,-8388607,0,2658,2663,2664,752,2484,-10110976,1,1,14,1,287,0,0,0,1
443354987,848625,957872,1342373,1431281,995042,962624,287837,368958,371599,411640,851068,837759,986145,937438,289738,293761,684274,782689,358676,254785,-11965,130887,269230,-8388607,0,2661,2663,2668,755,2478,-10110976,1,1,14,1,287,0,0,0,1
443354988,848035,956773,1343145,1432510,994223,961597,289032,370058,371018,411517,851189,839392,986338,936440,290797,294829,682773,781899,358709,255359,-11868,131051,269140,-8388607,0,2663,2665,2661,760,2478,-10110976,1,1,14,1,287,0,0,0,1
443354989,847262,955298,1344070,1434030,993035,960417,290215,371354,370148,411136,851577,841461,986249,935001,291711,295791,681737,781571,359178,255638,-11748,131487,269146,-8388607,0,2659,2661,2664,750,2482,-10110976,1,1,14,1,287,0,0,0,1
443354990,846095,953521,1344524,1434964,991743,959401,291465,372869,368968,410739,851977,843818,985449,933561,292559,296500,680632,780987,359716,255954,-11490,131488,269140,-8388607,0,2664,2666,2665,752,2477,-10110976,1,1,14,1,287,0,0,0,1
443354991,844324,951201,1344725,1435853,990282,958331,292347,373895,367623,410006,851722,846006,984957,931495,293604,296741,679491,780543,359958,256370,-11654,131260,269097,-8388607,0,2661,2663,2666,758,2475,-10110976,1,1,14,1,287,0,0,0,1
443354992,841803,948569,1344024,1436189,988796,956911,293116,374716,366579,409747,851654,847847,984398,929322,294248,297205,678703,779937,360339,256903,-11936,131195,269140,-8388607,0,2665,2670,2658,754,2480,-10110976,1,1,14,1,287,0,0,0,1
443354993,839310,945581,1343177,1435798,987549,955192,293499,374639,365312,409285,851432,849360,983487,927066,294556,297297,677865,779357,360712,257525,-11802,131086,268982,-8388607,0,2664,2663,2665,751,2481,-10110976,1,1,14,1,287,0,0,0,1
443354994,836838,942071,1342502,1435220,985948,953414,293907,374945,364474,408882,851688,851141,982573,924331,295370,297251,677172,779281,361511,258193,-11948,130807,269042,-8388607,0,2665,2661,2666,757,2473,-10110976,1,1,14,1,287,0,0,0,1
443354995,834443,938595,1342284,1434533,984090,951424,294254,374848,363724,408144,852528,852832,981242,921767,296014,297233,676447,778890,361990,259048,-12126,130554,269053,-8388607,0,2661,2666,2658,756,2480,-10110976,1,1,14,1,287,0,0,0,1
443354996,832660,935156,1343028,1434122,981720,949248,294365,374949,363229,407779,854070,854770,979244,918867,296662,297357,676175,778704,362900,260164,-12170,130377,269034,-8388607,0,2657,2665,2665,753,2481,-10110976,1,1,14,1,287,0,0,0,1
443354997,831096,931835,1344380,1433989,979218,947202,294578,375558,362888,407260,855664,856895,977060,915895,297234,297915,675873,778549,363488,260855,-12300,130218,269023,-8388607,0,2664,2661,2664,754,2477,-10110976,1,1,14,1,287,0,0,0,1
443354998,829843,928837,1345543,1434085,977030,945263,294568,376061,362925,407085,857593,858799,974592,913480,297614,298607,675594,778302,364077,261281,-12124,130148,268998,-8388607,0,2665,2664,2660,758,2475,-10110976,1,1,14,1,287,0,0,0,1
443354999,828654,926435,1346470,1434756,974781,943820,294610,376507,362820,407225,859482,860445,971763,911378,298083,299637,675252,778504,364714,261413,-12038,130511,269082,-8388607,0,2663,2665,2664,754,2484,-10110976,1,1,14,1,287,0,0,0,1
443355000,827421,924550,1347402,1435517,973264,942514,295074,377051,362894,407266,861580,862107,968518,909483,298727,300349,674917,778511,365553,261829,-11724,130746,269089,-8388607,0,2663,2661,2668,759,2477,-10110976,1,1,14,1,287,0,0,0,1
443355001,825694,922843,1347750,1436244,972329,941525,295793,377953,363062,407221,864078,863918,965422,907500,299309,301207,674591,778421,366182,262273,-11766,131157,269121,-8388607,0,2661,2664,2662,758,2474,-10110976,1,1,14,1,287,0,0,0,1
443355002,823726,921127,1348333,1437208,971318,940575,296643,378968,362860,407399,866589,865826,962501,905764,299623,301927,673961,778324,366707,262998,-11654,131319,269149,-8388607,0,2658,2673,2666,756,2480,-10110976,1,1,14,1,287,0,0,0,1
443355003,821532,919116,1348886,1437933,970268,939753,297894,379867,362571,407001,869323,867491,958620,904042,299972,302700,673275,778147,367478,263268,-11642,131254,269157,-8388607,0,2666,2664,2665,751,2479,-10110976,1,1,14,1,287,0,0,0,1
443355004,818952,916595,1349664,1438300,969388,938749,298844,381279,362378,406388,872147,868768,955377,902501,300470,303181,672905,778085,368410,264197,-11569,131129,269155,-8388607,0,2667,2666,2663,756,2477,-10110976,1,1,14,1,287,0,0,0,1
443355005,816434,913555,1350739,1438598,968382,937577,299943,382502,362043,405503,875100,869816,951825,901018,300506,303653,672555,777594,368908,265041,-11872,130895,269083,-8388607,0,2664,2668,2662,754,2477,-10110976,1,1,14,1,287,0,0,0,1
443355006,813821,910204,1351592,1438863,967301,936291,300681,383421,361606,404243,878042,870781,948378,899923,300748,304136,672014,777194,369333,265398,-11826,130832,269024,-8388607,0,2659,2663,2664,751,2482,-10110976,1,1,14,1,287,0,0,0,1
443355007,811174,907051,1352389,1438900,966157,934838,301289,383764,361281,403365,880411,871925,945623,899337,301338,304798,671685,776777,369954,265795,-12123,130310,269007,-8388607,0,2663,2664,2664,756,2478,-10110976,1,1,14,1,287,0,0,0,1
443355008,808770,904117,1353143,1439166,965390,933629,301832,384462,361087,402511,882558,873063,943056,898770,301793,305514,671374,776197,370390,266274,-12405,130127,269082,-8388607,0,2661,2667,2662,757,2477,-10110976,1,1,14,1,287,0,0,0,1
443355009,806385,901873,1354280,1439564,964476,932138,302526,384710,360709,402298,884733,874498,940579,898442,302283,306101,670837,775615,370808,267249,-12502,130118,269014,-8388607,0,2662,2666,2665,754,2482,-10110976,1,1,14,1,287,0,0,0,1
443355010,804964,900160,1355521,1440263,963386,930681,303051,385103,360398,402347,886554,876292,938988,898380,302864,306801,670291,774758,371299,267817,-12486,130024,268914,-8388607,0,2663,2662,2666,756,2477,-10110976,1,1,14,1,287,0,0,0,1
443355011,803793,898829,1357046,1440975,962086,928940,303647,385629,359958,402307,887429,877300,938101,898806,303428,307743,669482,774387,372069,268594,-12333,130367,268965,-8388607,0,2662,2665,2661,760,2475,-10110976,1,1,14,1,287,0,0,0,1
443355012,803179,897529,1358452,1441283,960721,927091,304180,386277,359494,402134,888073,878344,937467,899006,304249,308532,668824,773906,372745,269257,-11988,130571,269015,-8388607,0,2659,2668,2661,754,2481,-10110976,1,1,14,1,287,0,0,0,1
443355013,802675,895954,1359593,1441121,959486,925477,304556,387089,358789,401846,888014,878927,937653,899730,305144,309797,668230,773059,373004,269720,-11897,131002,268848,-8388607,0,2666,2661,2666,755,2479,-10110976,1,1,14,1,287,0,0,0,1
443355014,801719,893907,1360537,1440617,958294,923609,305051,387712,357880,401004,887911,879530,938566,900440,306240,310330,667628,772118,373446,269935,-11358,131502,268846,-8388607,0,2664,2663,2664,758,2473,-10110976,1,1,14,1,287,0,0,0,1
443355015,800465,891249,1361377,1440264,957805,922060,305808,388423,356898,400008,887300,879962,940164,901375,307500,311246,667119,771728,373968,270312,-11181,131761,268974,-8388607,0,2664,2668,2663,754,2481,-10110976,1,1,14,1,287,0,0,0,1
443355016,798317,888230,1361944,1440334,957407,920324,306674,388770,355727,398921,886246,879990,941481,901957,308672,312307,666715,771151,374750,270589,-11196,131710,269049,-8388607,0,2661,2663,2666,751,2477,-10110976,1,1,14,1,287,0,0,0,1
443355017,795744,885059,1362754,1440381,956982,918718,307441,389298,354219,397721,884752,880103,943294,902345,309657,313160,666155,770701,375276,271310,-11395,131266,268966,-8388607,0,2666,2669,2661,751,2477,-10110976,1,1,14,1,287,0,0,0,1
443355018,792540,881657,1363350,1440633,956503,917243,308372,389544,352729,396873,882975,879912,945101,903204,310663,314119,665522,770320,376041,272195,-11998,130681,268965,-8388607,0,2658,2663,2659,754,2480,-10110976,1,1,14,1,287,0,0,0,1
443355019,789397,878353,1363680,1441102,955499,916161,309088,390058,350942,395419,880772,879553,946739,903397,311698,314873,664747,769677,376593,272841,-12343,130292,268768,-8388607,0,2663,2661,2662,752,2482,-10110976,1,1,14,1,287,0,0,0,1
443355020,786495,875021,1364017,1441477,954195,915047,309541,390668,349362,394104,878611,879036,948844,903966,312813,315699,664069,769132,377224,273378,-12194,130318,268917,-8388607,0,2667,2658,2664,757,2478,-10110976,1,1,14,1,287,0,0,0,1
443355021,783895,872132,1364262,1441661,952723,914362,309721,391514,347640,392687,876736,878828,950761,904608,313899,316113,663230,768193,377443,273996,-12408,130221,268786,-8388607,0,2664,2663,2661,755,2480,-10110976,1,1,14,1,287,0,0,0,1
443355022,781542,869597,1365034,1442181,951307,913847,309865,392403,346176,391619,875681,878301,952734,905274,314865,316828,662689,767424,377915,274842,-12558,130175,268839,-8388607,0,2660,2664,2664,754,2482,-10110976,1,1,14,1,287,0,0,0,1
443355023,779974,867413,1366530,1443347,950297,913314,310845,393365,345189,390432,874901,878078,954222,906022,316106,317478,661892,766282,378678,275543,-12247,130346,268836,-8388607,0,2661,2659,2666,756,2476,-10110976,1,1,14,1,287,0,0,0,1
443355024,778631,865492,1368515,1444666,949084,912678,311461,394124,344531,389440,873927,877644,955401,906821,317121,318474,661372,765200,379157,276070,-12158,130462,268839,-8388607,0,2659,2665,2666,760,2476,-10110976,1,1,14,1,287,0,0,0,1
443355025,777253,863732,1370060,1446186,948036,911700,312449,394863,344128,388727,872887,876866,955993,907465,318268,319862,660569,764319,379671,276785,-11841,130662,268847,-8388607,0,2664,2667,2660,754,2481,-10110976,1,1,14,1,287,0,0,0,1
443355026,775970,862200,1371423,1446967,947033,910566,313349,395784,343538,388166,872177,875917,956523,907903,319342,320717,659615,763308,379937,277351,-11932,130695,268835,-8388607,0,2661,2663,2666,751,2478,-10110976,1,1,14,1,287,0,0,0,1
443355027,774191,860717,1372041,1447328,945911,909225,314238,396534,343026,387648,871586,875308,956543,908397,320787,321840,658734,762166,380139,277710,-11737,131054,268828,-8388607,0,2666,2663,2663,754,2476,-10110976,1,1,14,1,287,0,0,0,1
443355028,772216,858785,1372475,1447367,944552,907867,314930,397296,342272,386965,871440,875024,956205,908468,321892,322950,657518,761405,380536,277842,-11446,131229,268767,-8388607,0,2660,2666,2658,754,2479,-10110976,1,1,14,1,287,0,0,0,1
443355029,769858,856279,1372937,1447158,943354,906548,315453,398185,341205,385917,871924,875191,955482,908411,322590,323601,656419,760526,380799,278199,-11430,131362,268730,-8388607,0,2661,2663,2666,751,2479,-10110976,1,1,14,1,287,0,0,0,1
443355030,767263,853731,1373620,1447026,942337,905233,316088,399372,340367,385113,872621,875741,954594,908439,323262,324519,655704,759893,381486,278674,-11574,131198,268759,-8388607,0,2668,2662,2661,756,2478,-10110976,1,1,14,1,287,0,0,0,1
443355031,764534,850577,1374686,1447017,941311,903621,316761,400174,339217,383877,873596,876763,953518,907903,323679,324897,654587,759066,381847,279375,-12125,130509,268751,-8388607,0,2661,2665,2662,760,2479,-10110976,1,1,14,1,287,0,0,0,1
443355032,761995,847658,1375726,1447237,940328,901972,317156,400761,338158,382895,874664,877495,951921,907126,324034,325269,653704,758519,382406,279936,-12475,130246,268811,-8388607,0,2662,2666,2665,754,2484,-10110976,1,1,14,1,287,0,0,0,1
443355033,759932,845061,1376314,1447525,939591,900015,318044,401344,337479,382101,875986,878254,950402,906391,324299,325870,652840,758065,383122,280440,-12465,129903,268880,-8388607,0,2664,2661,2666,756,2477,-10110976,1,1,14,1,287,0,0,0,1
443355034,757990,843000,1376398,1447598,939034,898109,318562,401905,336639,381519,877188,879261,948567,905475,324539,326411,652067,757356,383192,280946,-12215,130174,268613,-8388607,0,2663,2667,2661,759,2479,-10110976,1,1,14,1,287,0,0,0,1
443355035,756179,841593,1376274,1448146,938519,896427,319356,402324,336589,381131,879411,880697,946362,904437,325130,327119,651378,756702,383348,281585,-12238,130393,268731,-8388607,0,2661,2664,2664,754,2479,-10110976,1,1,14,1,287,0,0,0,1
443355036,754509,840547,1376802,1448963,938316,895111,320256,402906,336513,380547,881941,882902,944374,903695,325587,327947,650541,756076,383868,282063,-12274,130311,268703,-8388607,0,2664,2671,2666,754,2477,-10110976,1,1,14,1,287,0,0,0,1
443355037,753299,840197,1377687,1450760,937809,894202,321150,403561,336537,380282,884886,885386,942617,902907,326006,328947,649796,755790,384446,283055,-12093,130677,268600,-8388607,0,2661,2664,2662,759,2475,-10110976,1,1,14,1,287,0,0,0,1
443355038,752019,839400,1378810,1452975,937107,893229,321827,404187,336629,380213,887807,887911,940427,901877,326504,329835,649421,755270,385159,283833,-12283,130475,268626,-8388607,0,2660,2666,2662,754,2479,-10110976,1,1,14,1,287,0,0,0,1
443355039,751304,838548,1380493,1454871,936826,892674,322667,405092,336591,379960,890457,890201,938207,900838,326682,330999,649301,755257,385941,284823,-12207,130430,268747,-8388607,0,2659,2663,2666,750,2479,-10110976,1,1,14,1,287,0,0,0,1
443355040,750396,837145,1381943,1456258,936191,892026,323213,405719,336534,379797,893146,892923,935862,899464,327114,331752,649077,755341,386389,285317,-11740,130777,268591,-8388607,0,2668,2662,2662,756,2477,-10110976,1,1,14,1,287,0,0,0,1
443355041,749731,835322,1382880,1457194,935685,891428,324327,406489,336606,380006,895512,895455,933754,898118,328114,332764,649081,755750,387078,285886,-12038,130972,268640,-8388607,0,2661,2666,2658,754,2480,-10110976,1,1,14,1,287,0,0,0,1
443355042,748796,833328,1384061,1458134,934998,891102,325112,407041,336515,379990,897999,898217,931710,896328,328688,333109,649243,755975,387615,286634,-11487,131335,268621,-8388607,0,2662,2663,2666,749,2484,-10110976,1,1,14,1,287,0,0,0,1
443355043,747365,830958,1384882,1459057,934317,890349,326026,407771,336368,379865,900271,901007,929554,894430,328666,333416,649418,756119,388356,287527,-11260,131473,268639,-8388607,0,2663,2659,2664,755,2478,-10110976,1,1,14,1,287,0,0,0,1
443355044,745573,828384,1385787,1460046,933309,889971,326926,408558,335908,379833,902931,903803,927504,892986,328941,334033,649441,756232,389409,288077,-11520,131287,268794,-8388607,0,2659,2665,2662,758,2477,-10110976,1,1,14,1,287,0,0,0,1
443355045,743102,825872,1386990,1461194,932413,889545,327647,409541,335159,379130,904943,906738,925408,890980,328962,334174,649306,756617,390458,288978,-11882,130684,268649,-8388607,0,2659,2666,2661,754,2484,-10110976,1,1,14,1,287,0,0,0,1
443355046,740777,823164,1388298,1462096,931650,889066,328405,410662,334518,378538,907277,908925,923454,888920,329173,334464,649637,756448,391582,289824,-12162,130248,268603,-8388607,0,2665,2661,2668,754,2477,-10110976,1,1,14,1,287,0,0,0,1
443355047,738692,820556,1389881,1463158,930739,888186,329000,411754,333930,377840,909542,910749,921832,886633,329620,335064,649621,756032,392108,290331,-12492,130000,268557,-8388607,0,2663,2665,2662,757,2475,-10110976,1,1,14,1,287,0,0,0,1
443355048,737268,817676,1392095,1463677,930262,887912,329636,412973,333514,377141,911621,912983,920860,884588,330482,335585,649516,755918,392940,290829,-12407,129994,268524,-8388607,0,2660,2668,2664,752,2480,-10110976,1,1,14,1,287,0,0,0,1
443355049,736316,815217,1394896,1465212,929649,887101,330280,413794,333352,376517,913584,914940,920333,882629,331618,335764,648996,755226,393336,290939,-12585,129791,268559,-8388607,0,2661,2662,2666,752,2478,-10110976,1,1,14,1,287,0,0,0,1
443355050,735892,813516,1398281,1467663,929303,886162,331130,414510,333029,376032,915354,916973,920435,881163,332522,336266,648567,754563,393684,291523,-12343,129942,268628,-8388607,0,2663,2666,2662,755,2475,-10110976,1,1,14,1,287,0,0,0,1
443355051,735930,812376,1402140,1470688,929090,885250,332234,415673,332820,376196,917123,919020,921184,879936,333375,336827,647726,753483,394044,292042,-12159,129733,268594,-8388607,0,2664,2667,2659,754,2480,-10110976,1,1,14,1,287,0,0,0,1
443355052,735993,812150,1405310,1474206,929296,884630,333329,416614,332442,376169,918688,920766,921920,879138,334330,337186,647035,752619,394983,292835,-12228,129924,268618,-8388607,0,2665,2663,2663,749,2479,-10110976,1,1,14,1,287,0,0,0,1
443355053,735739,812846,1407603,1477306,929264,883854,334502,417553,332033,375692,919579,922196,922934,878635,335564,338126,645866,751755,395540,293181,-12005,130154,268541,-8388607,0,2672,2663,2672,755,2476,-10110976,1,1,14,1,287,0,0,0,1
443355054,735552,813899,1409199,1480198,929254,883057,335608,418012,331241,374823,919857,923318,923742,878212,336497,338867,644705,750944,395910,293491,-11708,130628,268547,-8388607,0,2660,2668,2664,755,2477,-10110976,1,1,14,1,287,0,0,0,1
443355055,735260,814413,1410418,1482659,929165,882151,336384,418660,330362,374018,920383,924424,924587,877945,337603,339995,643880,750185,396258,293916,-11578,131410,268581,-8388607,0,2657,2666,2664,753,2484,-10110976,1,1,14,1,287,0,0,0,1
443355056,735050,814463,1411959,1484748,929131,881633,337316,419647,329565,373306,920880,925645,925084,877520,338882,341340,642642,749821,396799,294242,-11298,131664,268603,-8388607,0,2668,2662,2667,756,2478,-10110976,1,1,14,1,287,0,0,0,1
443355057,734292,813165,1413901,1486985,929005,881246,338260,420489,328504,372318,921226,926463,925343,877473,339584,342313,641582,749472,397345,294531,-11170,131438,268486,-8388607,0,2662,2665,2664,760,2471,-10110976,1,1,14,1,287,0,0,0,1
443355058,733081,811452,1416415,1489153,928947,880860,339449,421392,327559,371556,920893,926852,925820,877625,340422,343276,640555,749070,397829,294892,-11601,130951,268556,-8388607,0,2659,2667,2663,752,2482,-10110976,1,1,14,1,287,0,0,0,1
443355059,731479,809225,1418924,1490831,928977,880142,340440,422344,326474,370611,920089,926672,926455,877760,341245,344099,639533,748371,398299,295769,-11865,130464,268640,-8388607,0,2661,2664,2666,754,2478,-10110976,1,1,14,1,287,0,0,0,1
443355060,729739,807236,1420580,1492921,928722,879617,341181,423136,325307,369535,919095,926329,926988,878307,342053,344679,638325,747546,398707,296173,-12054,130282,268513,-8388607,0,2659,2663,2662,756,2477,-10110976,1,1,14,1,287,0,0,0,1
443355061,728121,805599,1422120,1494827,928462,879061,342003,423935,324046,368604,918085,925675,927244,878884,342849,345229,637207,746892,399067,296434,-12273,130086,268557,-8388607,0,2661,2666,2662,753,2481,-10110976,1,1,14,1,287,0,0,0,1
443355062,726630,804522,1423931,1496942,928370,878491,342742,424800,322781,367354,917393,924762,927396,879835,343940,346099,635718,745957,399304,296777,-12120,130220,268548,-8388607,0,2663,2664,2666,751,2479,-10110976,1,1,14,1,287,0,0,0,1
443355063,725428,804296,1426292,1499450,927781,878058,343628,425565,321539,365956,917293,924442,927015,880803,344975,347632,634756,745295,399412,297126,-12339,130249,268604,-8388607,0,2668,2663,2663,756,2475,-10110976,1,1,14,1,287,0,0,0,1
443355064,724756,803824,1429299,1502121,927224,877750,344290,426595,320316,364880,917434,923905,926642,882155,345531,349031,633709,744425,399794,297554,-12578,130180,268520,-8388607,0,2662,2665,2662,754,2481,-10110976,1,1,14,1,287,0,0,0,1
443355065,724833,803166,1432542,1505120,926733,877771,345229,427582,319447,363827,917378,923166,926177,883540,346660,350582,632828,743628,400123,298024,-12110,130666,268581,-8388607,0,2661,2662,2664,752,2479,-10110976,1,1,14,1,287,0,0,0,1
443355066,725167,802410,1435881,1507983,926045,877473,346174,428709,318513,362873,917320,921923,925697,885036,347517,352137,632065,742769,400733,298534,-11797,130716,268554,-8388607,0,2665,2666,2665,756,2479,-10110976,1,1,14,1,287,0,0,0,1
443355067,725121,801546,1439236,1510329,925397,877442,346759,429804,317706,361847,917570,920123,925460,886787,349061,353434,631483,741989,401695,299187,-11722,131025,268611,-8388607,0,2662,2667,2664,756,2477,-10110976,1,1,14,1,287,0,0,0,1
443355068,724601,800163,1442240,1512423,924354,877063,347260,430646,317141,360742,917970,918870,925526,887804,350256,354612,631094,741292,402397,299764,-11481,131213,268557,-8388607,0,2661,2666,2664,755,2482,-10110976,1,1,14,1,287,0,0,0,1
443355069,723755,798792,1445019,1514495,923456,876617,347889,431507,316550,359888,919293,917922,925554,888819,351505,355294,630881,741166,403348,300414,-11758,130962,268677,-8388607,0,2665,2661,2666,754,2477,-10110976,1,1,14,1,287,0,0,0,1
443355070,722875,797349,1447673,1517098,922516,876302,348590,432271,315866,358809,921001,917159,925691,889951,352550,355980,630753,741158,404161,300870,-11568,130956,268724,-8388607,0,2661,2664,2659,758,2475,-10110976,1,1,14,1,287,0,0,0,1
443355071,721438,795728,1450333,1519547,921634,875498,349111,432882,315386,357630,922900,917230,925552,890467,353304,356858,630693,741057,405012,301612,-11679,130887,268679,-8388607,0,2657,2668,2663,754,2482,-10110976,1,1,14,1,287,0,0,0,1
443355072,719780,794106,1452859,1521866,920953,874762,349780,433670,314774,356535,924687,917028,925526,891026,354193,357601,630399,741048,405814,302523,-12271,130286,268730,-8388607,0,2666,2664,2666,752,2477,-10110976,1,1,14,1,287,0,0,0,1
443355073,718768,792422,1455289,1524305,920233,874188,350764,434512,314140,355697,926336,916944,925446,891166,354949,358439,630412,741210,406631,303561,-12172,130419,268647,-8388607,0,2664,2665,2666,758,2473,-10110976,1,1,14,1,287,0,0,0,1
443355074,717817,790819,1457430,1526818,919493,873313,351572,435173,313391,354765,927232,917201,925358,891369,355914,359462,630415,741013,407407,304180,-12422,130093,268734,-8388607,0,2662,2668,2659,754,2480,-10110976,1,1,14,1,287,0,0,0,1
443355075,717054,789576,1459776,1529596,918991,872454,352098,436067,312613,354194,928257,917413,925492,891287,356678,360343,630328,740682,407875,304784,-12305,130116,268676,-8388607,0,2662,2666,2663,750,2484,-10110976,1,1,14,1,287,0,0,0,1
443355076,716647,788859,1462484,1533016,918458,871613,352588,436918,311937,353909,929782,918532,926156,890973,357686,361288,630150,739974,408329,305067,-12082,130368,268702,-8388607,0,2664,2662,2663,756,2477,-10110976,1,1,14,1,287,0,0,0,1
443355077,716549,788682,1465330,1536920,918225,870939,353348,437810,311148,353480,931432,920092,926674,890176,358666,362094,629731,739543,408642,305648,-12368,130113,268779,-8388607,0,2663,2670,2659,758,2479,-10110976,1,1,14,1,287,0,0,0,1
443355078,716557,788607,1467921,1540706,918231,869987,354074,438507,310516,352795,932720,922023,926678,889587,359814,362550,629328,739314,408994,306331,-12263,130241,268597,-8388607,0,2663,2662,2664,751,2482,-10110976,1,1,14,1,287,0,0,0,1
443355079,716549,789040,1470506,1544865,918790,869073,355246,439390,309799,352377,933227,923841,927001,888221,360884,363329,628766,739000,409517,307118,-11779,130693,268753,-8388607,0,2668,2664,2664,755,2478,-10110976,1,1,14,1,287,0,0,0,1
443355080,716141,789404,1472552,1548510,919409,868439,356577,440145,308909,351909,934030,925836,927303,886767,361881,364128,628195,738632,409849,308223,-11585,130868,268614,-8388607,0,2661,2664,2662,759,2475,-10110976,1,1,14,1,287,0,0,0,1
443355081,715582,789811,1474841,1551504,919897,867705,357862,440804,308153,351453,934663,928209,926864,884680,362749,364808,627642,738273,410088,309211,-11637,131193,268529,-8388607,0,2657,2664,2666,755,2481,-10110976,1,1,14,1,287,0,0,0,1
443355082,714566,789252,1476750,1553725,920308,867532,358827,441795,307164,350996,935208,930865,926058,882704,363744,365374,626995,738316,411131,309922,-11564,131234,268663,-8388607,0,2664,2665,2663,749,2477,-10110976,1,1,14,1,287,0,0,0,1
443355083,713455,787814,1479328,1556227,920515,867138,359740,442483,306349,350360,935886,933946,925014,880443,364288,365290,626840,737842,411672,310274,-11729,131061,268698,-8388607,0,2665,2662,2662,758,2475,-10110976,1,1,14,1,287,0,0,0,1
443355084,712505,786145,1482572,1558315,920631,866967,360588,443751,305604,350353,937060,937083,923916,877555,364769,365292,626891,737643,412427,311187,-11576,131132,268722,-8388607,0,2662,2665,2662,752,2481,-10110976,1,1,14,1,287,0,0,0,1
443355085,711241,784176,1486030,1560307,920279,867025,361386,444996,305016,350133,938164,939976,922151,874984,365097,365225,626791,737474,413242,311928,-11834,130720,268638,-8388607,0,2661,2662,2664,751,2479,-10110976,1,1,14,1,287,0,0,0,1
443355086,709733,782187,1489361,1562197,919978,867212,362302,446250,304514,349557,939188,942163,920343,871886,365288,364943,626555,737082,414016,312554,-12144,130269,268639,-8388607,0,2663,2666,2662,756,2477,-10110976,1,1,14,1,287,0,0,0,1
443355087,708343,780528,1492538,1563938,919955,867323,363176,447180,304142,349224,939875,944079,918563,868962,366171,364981,626193,736795,414765,313290,-12100,130360,268578,-8388607,0,2661,2667,2659,755,2479,-10110976,1,1,14,1,287,0,0,0,1
443355088,707041,779162,1495607,1566005,919547,867447,364006,447884,303791,348864,941011,946122,916342,866315,366894,365023,625865,736277,415216,313977,-12293,130388,268514,-8388607,0,2663,2663,2666,752,2481,-10110976,1,1,14,1,287,0,0,0,1
443355089,705914,778226,1498852,1568355,919086,867486,364864,449009,303733,348708,943095,947942,914690,863732,367507,365742,625434,735895,415543,314718,-12157,130252,268637,-8388607,0,2670,2657,2661,756,2478,-10110976,1,1,14,1,287,0,0,0,1
443355090,704952,777358,1502527,1570950,918270,867539,365672,449846,303570,348543,945521,949889,912218,861443,368329,366026,625002,735098,416051,315187,-12276,130442,268571,-8388607,0,2661,2667,2661,760,2478,-10110976,1,1,14,1,287,0,0,0,1
443355091,704223,776605,1506490,1573980,917450,867583,366348,450822,303381,348298,947797,951145,910013,859996,368822,366520,624536,734448,416118,315581,-12341,130297,268688,-8388607,0,2660,2665,2666,755,2482,-10110976,1,1,14,1,287,0,0,0,1
443355092,703801,775930,1510562,1577191,916492,867394,366826,451933,303298,347663,949711,952051,907971,858372,369221,367270,624207,733609,416495,315750,-12256,130441,268543,-8388607,0,2663,2667,2665,756,2478,-10110976,1,1,14,1,287,0,0,0,1
443355093,703886,775219,1514417,1580414,915184,867042,367218,452907,302847,347113,951367,952027,905872,856611,369573,367780,623957,732991,417058,316272,-12030,130554,268547,-8388607,0,2664,2666,2664,760,2476,-10110976,1,1,14,1,287,0,0,0,1
443355094,703588,774224,1517470,1583523,914594,866823,367799,453849,302303,346366,953039,951900,904057,855122,370021,368447,623343,732396,417478,316824,-11877,130808,268546,-8388607,0,2660,2669,2666,755,2477,-10110976,1,1,14,1,287,0,0,0,1
443355095,703204,773304,1519860,1586570,913970,866335,368480,454450,301413,345446,955437,951531,901919,854083,370713,369115,622847,731952,418306,317326,-11556,131146,268549,-8388607,0,2664,2661,2666,753,2477,-10110976,1,1,14,1,287,0,0,0,1
443355096,702375,772164,1522138,1589993,913448,865472,369222,455105,300713,344054,958116,951352,900128,852983,371242,369581,622583,731793,418856,318293,-11569,131310,268502,-8388607,0,2664,2668,2661,756,2477,-10110976,1,1,14,1,287,0,0,0,1
443355097,700968,771052,1523967,1593712,913368,864526,370038,455723,299783,342243,961005,951416,898301,851865,371716,370424,621770,731436,419060,318911,-11599,131253,268578,-8388607,0,2660,2670,2659,754,2479,-10110976,1,1,14,1,287,0,0,0,1
443355098,699275,769638,1525731,1597283,913516,863733,371382,456408,299006,341179,963635,951246,896465,851252,372107,371314,621168,730915,419734,319721,-11601,130861,268524,-8388607,0,2663,2666,2665,751,2480,-10110976,1,1,14,1,287,0,0,0,1
443355099,697318,768079,1527443,1600925,913744,862800,372603,457411,298317,340152,965830,951104,894768,850765,372018,371993,620414,730471,420498,320334,-12125,130630,268473,-8388607,0,2667,2666,2659,756,2476,-10110976,1,1,14,1,287,0,0,0,1
443355100,695389,766639,1529004,1604323,914190,862113,373867,458374,297885,339331,967231,950653,893233,850503,372338,372808,619491,729895,421293,321001,-12265,130537,268537,-8388607,0,2663,2667,2659,757,2479,-10110976,1,1,14,1,287,0,0,0,1
443355101,693731,765001,1530727,1607111,914723,861573,375128,459660,297387,338603,967903,949966,892296,850396,372345,373637,618826,728967,421555,321551,-12251,130438,268410,-8388607,0,2660,2665,2666,753,2477,-10110976,1,1,14,1,287,0,0,0,1
443355102,692200,763385,1532326,1609768,915123,861246,376470,460597,297083,337833,968426,949568,892020,850280,372914,374477,617537,728087,421991,322170,-12338,130365,268467,-8388607,0,2662,2661,2661,756,2478,-10110976,1,1,14,1,287,0,0,0,1
443355103,691202,761976,1534529,1612294,915527,860924,377384,461470,296723,337235,969024,950027,891782,850526,373980,375213,616219,727330,422289,322472,-12254,130460,268399,-8388607,0,2661,2664,2660,759,2478,-10110976,1,1,14,1,287,0,0,0,1
443355104,690174,760756,1537108,1614797,915728,860510,378461,462483,296082,336731,969435,950581,892013,851154,374895,376161,614992,726536,422407,322815,-12357,130356,268397,-8388607,0,2661,2664,2662,755,2482,-10110976,1,1,14,1,287,0,0,0,1
443355105,689564,759720,1540153,1617476,915954,859750,379389,463505,295122,336136,969594,951224,892577,851626,376061,377620,613664,725661,422294,323436,-12479,130469,268541,-8388607,0,2664,2661,2666,754,2478,-10110976,1,1,14,1,287,0,0,0,1
443355106,689091,758844,1542933,1619878,915671,858952,380387,464499,294175,335428,968564,951221,893121,852230,376746,378476,612596,724879,422573,323862,-12302,130477,268439,-8388607,0,2663,2664,2662,758,2474,-10110976,1,1,14,1,287,0,0,0,1
443355107,688867,757928,1545663,1622021,915530,858287,381399,465320,293369,334598,967144,950746,893930,853331,378147,379953,611865,724419,423193,324642,-12039,130558,268453,-8388607,0,2657,2668,2664,753,2481,-10110976,1,1,14,1,287,0,0,0,1
443355108,688174,757080,1548139,1624053,915554,857810,382275,466132,292224,333547,964763,949588,895080,854106,379385,381082,611334,723736,423737,325155,-11949,130913,268458,-8388607,0,2659,2663,2666,746,2481,-10110976,1,1,14,1,287,0,0,0,1
443355109,687258,756231,1550614,1626108,915119,857140,382766,466881,291115,332291,962479,948506,896208,854378,380901,382278,611316,723138,424453,325764,-11745,131167,268408,-8388607,0,2668,2668,2666,754,2473,-10110976,1,1,14,1,287,0,0,0,1
443355110,686418,755114,1552912,1627916,914766,856549,383390,467536,289765,331027,960572,947614,897568,854529,382185,383082,611492,723116,425447,326250,-11917,130907,268440,-8388607,0,2666,2666,2659,755,2479,-10110976,1,1,14,1,287,0,0,0,1
443355111,685167,753963,1555010,1629731,913830,856063,384054,467971,288562,330025,958522,946995,898616,854055,383843,384027,611453,723225,426163,327077,-12052,130813,268310,-8388607,0,2661,2664,2665,750,2482,-10110976,1,1,14,1,287,0,0,0,1
443355112,684013,752861,1557213,1631763,912939,855612,384860,469102,287230,328624,956875,946289,899430,853847,385280,384756,611198,723390,426952,327738,-11895,130843,268502,-8388607,0,2663,2664,2664,755,2478,-10110976,1,1,14,1,287,0,0,0,1
443355113,682566,751565,1558712,1633375,911702,855110,385300,470312,285648,327163,954802,945185,900295,853285,386181,385293,611025,723507,427686,328571,-11876,130763,268316,-8388607,0,2660,2669,2659,757,2477,-10110976,1,1,14,1,287,0,0,0,1
443355114,680813,750335,1559882,1634834,910496,854973,386167,471387,284320,325734,952865,943931,900845,852274,386958,385954,610454,723554,428319,329756,-11873,130903,268370,-8388607,0,2666,2664,2664,754,2482,-10110976,1,1,14,1,287,0,0,0,1
443355115,678866,748850,1561175,1636419,909339,855018,386878,472577,282774,324783,951450,942528,901485,851406,387777,386394,609746,723130,428909,330309,-11954,130687,268457,-8388607,0,2667,2659,2666,755,2478,-10110976,1,1,14,1,287,0,0,0,1
443355116,677121,747355,1562450,1637989,908194,854834,387337,473903,281840,323622,950439,941355,901497,850273,388643,387036,609190,722385,429322,330914,-12089,130611,268398,-8388607,0,2665,2663,2666,760,2473,-10110976,1,1,14,1,287,0,0,0,1
443355117,675384,745867,1564337,1640158,907143,854617,388042,474692,281412,323075,949941,940853,901635,849185,389717,387330,608546,721583,430120,331278,-12268,130571,268328,-8388607,0,2655,2666,2665,755,2481,-10110976,1,1,14,1,287,0,0,0,1
443355118,673982,744256,1566542,1642475,906405,854018,388940,475131,281044,322424,950124,940150,901434,848312,390566,388118,608130,720886,430605,331402,-12426,130348,268381,-8388607,0,2661,2664,2666,752,2479,-10110976,1,1,14,1,287,0,0,0,1
443355119,672843,742702,1568764,1644582,905540,853211,389895,475881,280674,321919,950709,939516,900588,846791,391261,388729,607750,720284,431146,331886,-12342,130282,268319,-8388607,0,2668,2666,2663,756,2475,-10110976,1,1,14,1,287,0,0,0,1
443355120,671853,741617,1570168,1646404,904860,852173,390646,476729,280495,321081,951334,938975,899601,845409,391787,389527,607308,719908,431678,332119,-12161,130395,268345,-8388607,0,2663,2666,2659,755,2479,-10110976,1,1,14,1,287,0,0,0,1
443355121,670778,740601,1571109,1647747,904288,850940,391784,477677,279992,320469,952025,938411,898175,844014,392418,389985,606702,719750,432349,333007,-12080,130654,268431,-8388607,0,2663,2664,2664,754,2479,-10110976,1,1,14,1,287,0,0,0,1
443355122,669650,739716,1571521,1648690,903435,849896,392765,478411,279218,319732,953546,938155,896470,842702,392846,390736,606364,719578,433098,334233,-11866,130829,268379,-8388607,0,2665,2661,2662,756,2477,-10110976,1,1,14,1,287,0,0,0,1
443355123,668287,738560,1571278,1649371,903042,848347,393487,479305,278344,318470,955328,938677,894231,841088,392947,391219,605879,719147,433863,335001,-11732,131030,268462,-8388607,0,2658,2668,2659,755,2479,-10110976,1,1,14,1,287,0,0,0,1
443355124,666967,737031,1571430,1650318,902768,846837,394100,479980,277506,317933,958127,940217,892089,839409,393289,391692,605749,719040,434574,335836,-11798,131299,268445,-8388607,0,2663,2664,2664,753,2482,-10110976,1,1,14,1,287,0,0,0,1
443355125,665276,735248,1571722,1651199,902765,845223,394767,480311,276629,317215,961552,941652,889311,837549,393473,392053,605443,718732,435396,336712,-11706,131267,268412,-8388607,0,2665,2663,2669,756,2478,-10110976,1,1,14,1,287,0,0,0,1
443355126,663468,733052,1572251,1652055,902611,843221,395402,480638,275747,316514,964434,943657,886679,835180,393392,392417,605215,718161,436072,336961,-12093,130799,268302,-8388607,0,2662,2665,2660,759,2479,-10110976,1,1,14,1,287,0,0,0,1
443355127,661534,730618,1572685,1652877,902142,841108,396209,481282,275203,316003,966612,945185,884046,833092,393845,392446,604730,717516,436332,337456,-12318,130700,268353,-8388607,0,2659,2665,2665,750,2484,-10110976,1,1,14,1,287,0,0,0,1
443355128,659706,728084,1573415,1653628,901403,838891,397182,481664,274611,315830,969324,946441,881428,830960,394043,392635,604181,716954,436850,337678,-12220,130694,268386,-8388607,0,2662,2661,2668,754,2478,-10110976,1,1,14,1,287,0,0,0,1
443355129,657829,725430,1574312,1654741,900634,837168,398103,482584,274480,315450,971979,948011,878854,829224,394206,392627,603103,715884,436963,338195,-12119,130693,268378,-8388607,0,2661,2666,2661,758,2474,-10110976,1,1,14,1,287,0,0,0,1
443355130,656035,723449,1575591,1656199,899447,835518,398773,483395,274137,315137,974579,950059,876623,827731,394735,392906,601823,714731,437169,338275,-12045,130673,268354,-8388607,0,2661,2668,2662,754,2480,-10110976,1,1,14,1,287,0,0,0,1
443355131,654286,721526,1577065,1657992,898071,834162,399116,483815,274041,314566,977496,952437,874414,826088,394841,393288,600745,713751,437860,338671,-12379,130399,268372,-8388607,0,2666,2666,2662,754,2480,-10110976,1,1,14,1,287,0,0,0,1
443355132,652891,720005,1578567,1659858,896747,833033,399511,484319,273958,314418,980126,955093,872178,824916,395447,394106,599530,712800,438201,339430,-12536,130072,268306,-8388607,0,2668,2665,2663,758,2478,-10110976,1,1,14,1,287,0,0,0,1
443355133,651318,718547,1579943,1661705,895266,831921,399893,484827,273693,314175,982488,957481,870055,823569,395778,395120,598355,711868,438658,339545,-12478,130444,268306,-8388607,0,2662,2668,2659,754,2480,-10110976,1,1,14,1,287,0,0,0,1
443355134,650240,717245,1580966,1663015,893414,831129,400463,485456,273084,313738,983633,959347,867622,821956,396453,395713,597910,711361,439289,340140,-12269,130561,268335,-8388607,0,2658,2662,2667,752,2481,-10110976,1,1,14,1,287,0,0,0,1
443355135,649362,716028,1581624,1664043,891764,830027,400887,486140,272329,313379,984571,960731,866213,820196,397026,396137,597827,711002,439713,340889,-11985,130920,268330,-8388607,0,2663,2659,2659,757,2476,-10110976,1,1,14,1,287,0,0,0,1
443355136,648174,714473,1582213,1664547,889862,829315,401903,486955,271631,312930,985237,962194,864879,818808,397249,396218,597478,710803,440519,341478,-11718,131137,268332,-8388607,0,2665,2667,2661,757,2481,-10110976,1,1,14,1,287,0,0,0,1
443355137,646761,712932,1582914,1664933,888421,828935,402693,488047,270445,312283,986275,963748,863685,817425,397684,396597,597310,710584,441383,342450,-11501,131148,268380,-8388607,0,2659,2667,2666,753,2481,-10110976,1,1,14,1,287,0,0,0,1
443355138,644935,711103,1583845,1665234,886619,828251,402956,489038,269235,311107,987539,964832,862575,816241,397924,396488,597354,710459,442287,343163,-11578,131111,268322,-8388607,0,2663,2663,2666,755,2477,-10110976,1,1,14,1,287,0,0,0,1
443355139,642880,709045,1584590,1665504,885122,827768,403453,489868,268207,310013,988961,966090,861726,815076,398126,396861,596812,709802,443295,343989,-11678,131032,268153,-8388607,0,2661,2667,2662,759,2476,-10110976,1,1,14,1,287,0,0,0,1
443355140,640650,706739,1585434,1665112,883885,827471,403929,490594,267161,308929,989853,966743,860990,813590,398174,397205,596209,709233,443843,344707,-11974,130640,268199,-8388607,0,2661,2666,2662,754,2482,-10110976,1,1,14,1,287,0,0,0,1
443355141,638190,704196,1586099,1664242,882828,826927,404554,491696,266226,308143,990899,966990,860248,812132,398818,398087,595552,709004,444349,345185,-11958,130657,268253,-8388607,0,2665,2663,2668,751,2476,-10110976,1,1,14,1,287,0,0,0,1
443355142,635902,701694,1586252,1663414,881657,825765,405296,492351,265427,307237,991352,966511,859831,810996,399728,398772,594672,708515,444485,345659,-12165,130535,268220,-8388607,0,2668,2664,2662,758,2475,-10110976,1,1,14,1,287,0,0,0,1
443355143,633714,698991,1586923,1662995,880733,824620,406125,493060,264684,306372,991422,965967,859968,809678,400978,399349,593794,707909,444315,345776,-12130,130370,268270,-8388607,0,2661,2665,2666,752,2477,-10110976,1,1,14,1,287,0,0,0,1
443355144,631725,696336,1588055,1662801,880150,823262,406997,493827,263990,305570,991582,965965,860236,808735,402040,399810,592864,707086,444217,346054,-12129,130173,268256,-8388607,0,2661,2663,2663,750,2481,-10110976,1,1,14,1,287,0,0,0,1
443355145,630293,694305,1589088,1663305,879471,821629,407645,494301,263236,304993,992475,965981,860925,807984,403137,400196,591945,706296,444395,346465,-12544,130057,268177,-8388607,0,2669,2665,2662,754,2477,-10110976,1,1,14,1,287,0,0,0,1
443355146,628990,692728,1590294,1663791,878958,819955,408008,494797,262512,304343,993034,966051,861620,807624,404288,400585,590766,705373,444836,346877,-12451,129895,268261,-8388607,0,2663,2666,2658,758,2479,-10110976,1,1,14,1,287,0,0,0,1
443355147,627646,691409,1590929,1664197,878451,818039,408894,494997,261617,303636,993398,965816,861918,807254,405279,401293,589903,704158,445324,347299,-12312,129999,268107,-8388607,0,2663,2662,2664,752,2482,-10110976,1,1,14,1,287,0,0,0,1
443355148,626477,690556,1590792,1664878,877840,816038,409615,495173,260897,302843,993072,964962,862166,806956,406433,401739,588912,703455,445744,348171,-12039,130477,268171,-8388607,0,2664,2663,2666,755,2477,-10110976,1,1,14,1,287,0,0,0,1
443355149,624961,689637,1590681,1665703,877357,814126,410523,495486,260166,302146,992780,964379,862386,806341,407742,402673,588299,703017,446305,348970,-11657,131008,268198,-8388607,0,2661,2667,2661,760,2478,-10110976,1,1,14,1,287,0,0,0,1
443355150,623529,688554,1590599,1666341,876329,811959,411412,495868,259350,300986,992157,963685,862466,805942,408987,403642,587600,702650,446865,349794,-11569,131202,268171,-8388607,0,2659,2667,2666,757,2482,-10110976,1,1,14,1,287,0,0,0,1
443355151,621966,687120,1590479,1667529,875439,810460,412242,496704,258742,300018,991528,963130,862439,805898,410403,404728,586955,702542,447076,350631,-11643,131174,268178,-8388607,0,2671,2662,2670,756,2477,-10110976,1,1,14,1,287,0,0,0,1
443355152,620084,685008,1590706,1668683,874086,808759,412783,497210,257882,299111,991467,962636,862921,805797,411573,405623,586241,702071,447446,351313,-11605,130940,268109,-8388607,0,2664,2661,2662,758,2478,-10110976,1,1,14,1,287,0,0,0,1
443355153,618053,682631,1591106,1669393,872551,807195,413205,497833,257054,298380,990717,962256,863346,805709,412803,406374,585322,701499,448090,351807,-11720,130857,268116,-8388607,0,2660,2665,2663,754,2479,-10110976,1,1,14,1,287,0,0,0,1
443355154,615766,680199,1590662,1669926,871126,805834,413498,498188,255945,297339,989944,961681,863611,805717,413750,407016,584417,700333,448508,352151,-11776,130774,268246,-8388607,0,2661,2666,2667,751,2477,-10110976,1,1,14,1,287,0,0,0,1
443355155,613198,677509,1589926,1669691,869332,803955,413902,498543,254926,296249,989097,960989,863717,805856,414723,407733,583412,699263,448656,352394,-11752,130839,268272,-8388607,0,2664,2663,2662,756,2473,-10110976,1,1,14,1,287,0,0,0,1
443355156,610501,674691,1589315,1669495,867839,802374,414424,499089,253907,295382,987978,960613,863202,806162,415599,408787,582489,698482,449214,352731,-11870,130907,268233,-8388607,0,2668,2668,2659,755,2477,-10110976,1,1,14,1,287,0,0,0,1
443355157,607926,672127,1588914,1669071,866241,800722,415136,499594,252675,294599,987807,960050,862831,806238,416098,410002,581510,697659,449503,352807,-12018,130451,268196,-8388607,0,2664,2661,2665,748,2484,-10110976,1,1,14,1,287,0,0,0,1
443355158,605429,669858,1588615,1668666,864669,799375,415514,500160,251667,293626,987927,960233,862020,806517,416763,411560,581113,696790,449652,353060,-12220,130177,268030,-8388607,0,2667,2662,2668,756,2477,-10110976,1,1,14,1,287,0,0,0,1
443355159,603240,667588,1588434,1668322,863043,798122,416026,500766,250828,292644,988498,960324,860684,806780,417019,412887,580853,696084,449908,353432,-12494,129972,268077,-8388607,0,2660,2664,2664,757,2477,-10110976,1,1,14,1,287,0,0,0,1
443355160,601342,665583,1588247,1667444,861425,797151,416229,501369,250264,291865,989553,960502,859689,806594,417503,414130,580623,695411,450973,353755,-12430,129902,268299,-8388607,0,2662,2665,2665,753,2483,-10110976,1,1,14,1,287,0,0,0,1
443355161,599593,663851,1587995,1666030,859923,796497,416471,501998,249724,291399,990764,960633,858871,806598,418201,415153,580773,694977,452044,354439,-12265,130157,268248,-8388607,0,2663,2659,2666,756,2478,-10110976,1,1,14,1,287,0,0,0,1
443355162,598266,662128,1588152,1664598,858525,795760,416717,502806,249276,290736,991961,960495,857657,806428,418901,415622,580971,694374,453016,355311,-12078,130331,268138,-8388607,0,2668,2665,2662,760,2477,-10110976,1,1,14,1,287,0,0,0,1
443355163,597233,660318,1588416,1662980,857152,794728,417069,503292,248899,290135,993282,960365,856872,806020,419713,416264,581274,693990,454318,356118,-12017,130740,268152,-8388607,0,2661,2666,2662,754,2483,-10110976,1,1,14,1,287,0,0,0,1
443355164,596034,658422,1588876,1661771,855829,793285,417443,503881,248239,289252,995204,960997,855997,805798,420505,417061,581298,693515,455460,357016,-11717,130745,268080,-8388607,0,2663,2662,2664,752,2479,-10110976,1,1,14,1,287,0,0,0,1
443355165,594708,656751,1589649,1660832,854502,792019,418135,504042,248044,288487,997995,962076,854444,805505,420893,418053,581033,693293,456070,358167,-11634,130809,268080,-8388607,0,2661,2665,2663,757,2475,-10110976,1,1,14,1,287,0,0,0,1
443355166,593045,655094,1590168,1660243,853713,790604,418925,504295,247316,287662,1000646,963592,852978,805194,421492,418857,580778,693137,456758,358772,-11461,130786,268235,-8388607,0,2661,2666,2658,754,2480,-10110976,1,1,14,1,287,0,0,0,1
443355167,590969,653248,1589833,1659612,852549,789356,419172,504697,246709,286903,1003385,964820,851712,804969,422339,420275,580435,692779,457394,359168,-11402,130820,268320,-8388607,0,2664,2661,2664,749,2480,-10110976,1,1,14,1,287,0,0,0,1
443355168,588815,651601,1589200,1658915,851213,788083,419376,504991,246228,286364,1005503,966378,850352,804158,422921,421086,579719,692007,457875,359818,-11791,130841,268136,-8388607,0,2668,2663,2662,756,2477,-10110976,1,1,14,1,287,0,0,0,1
443355169,586393,649634,1587926,1658192,849939,786849,419555,505545,245470,285688,1007309,967277,849455,803194,423679,421675,578828,691039,458362,360091,-11789,130960,268141,-8388607,0,2662,2667,2659,756,2480,-10110976,1,1,14,1,287,0,0,0,1
443355170,584030,647639,1586562,1657985,848662,785593,419708,506103,244953,285215,1008876,968444,848850,802198,424479,422447,578004,690058,458745,360333,-11914,130894,268131,-8388607,0,2662,2661,2666,753,2481,-10110976,1,1,14,1,287,0,0,0,1
443355171,581719,645700,1585177,1657766,847558,783758,420368,506644,244174,284786,1009997,969536,848798,800693,425578,422656,577011,689307,459005,360363,-12019,130481,268109,-8388607,0,2666,2663,2665,756,2478,-10110976,1,1,14,1,287,0,0,0,1
443355172,579198,643874,1583839,1657495,846438,781849,421239,507136,243662,284158,1011618,970913,848946,799360,426745,423037,576097,688681,458982,360972,-12106,130347,268156,-8388607,0,2660,2665,2660,760,2477,-10110976,1,1,14,1,287,0,0,0,1
443355173,576952,641922,1582433,1657553,845584,779919,422164,507698,243075,283305,1012830,972946,849291,797849,427911,423482,575037,688434,459100,361588,-12428,130221,268084,-8388607,0,2662,2666,2666,755,2480,-10110976,1,1,14,1,287,0,0,0,1
443355174,574870,640022,1581204,1658025,844973,778127,423027,508261,242410,282499,1013917,974580,849438,796592,428585,424141,574130,688247,459811,362280,-12395,130402,268077,-8388607,0,2665,2662,2665,754,2478,-10110976,1,1,14,1,287,0,0,0,1
443355175,573039,637914,1580212,1658810,844335,776429,423746,508822,241429,281587,1014376,976328,849115,794605,429447,424411,573371,688250,460079,363484,-12106,130313,268003,-8388607,0,2659,2666,2664,759,2477,-10110976,1,1,14,1,287,0,0,0,1
443355176,571070,635949,1579534,1659817,843481,775180,424179,509583,240344,280808,1014392,977890,848774,792908,430383,424760,572687,687788,460586,364229,-12084,130176,268130,-8388607,0,2659,2669,2661,753,2477,-10110976,1,1,14,1,287,0,0,0,1
443355177,569300,634349,1579382,1661269,842604,773911,424750,510283,239483,280100,1014440,979642,848229,790904,430847,425228,571889,687091,461136,364937,-12247,130190,268017,-8388607,0,2664,2661,2666,757,2477,-10110976,1,1,14,1,287,0,0,0,1
443355178,567697,632914,1579694,1662689,841693,772663,425402,510907,238892,279743,1014815,981825,847731,789135,431597,425499,571168,686568,461690,365319,-12369,130136,268010,-8388607,0,2666,2665,2664,757,2473,-10110976,1,1,14,1,287,0,0,0,1
443355179,566232,631468,1580193,1663634,840668,771275,425936,511676,238306,279107,1015364,984016,847053,787377,432561,425821,570272,685839,462271,365855,-12396,130134,268024,-8388607,0,2663,2668,2662,754,2480,-10110976,1,1,14,1,287,0,0,0,1
443355180,565327,630013,1580301,1663983,839534,769481,426620,512226,237844,278457,1015974,986426,846208,785542,433263,426042,569137,684800,462555,366205,-12189,130360,268006,-8388607,0,2662,2663,2666,751,2481,-10110976,1,1,14,1,287,0,0,0,1
443355181,564426,628454,1580573,1663846,838510,768414,427379,512984,237453,277994,1016633,988601,845430,783770,434030,426209,567919,683939,462730,366706,-12019,130434,268068,-8388607,0,2671,2663,2666,757,2477,-10110976,1,1,14,1,287,0,0,0,1
443355182,563567,627028,1580910,1663559,837364,767587,427783,513608,237112,277663,1017397,990135,844359,782487,434679,426327,566553,682882,463000,366958,-11696,130647,267942,-8388607,0,2663,2666,2659,757,2478,-10110976,1,1,14,1,287,0,0,0,1
443355183,562420,625302,1581976,1663444,836092,766862,428016,514007,236718,277252,1017839,991365,842772,781201,434831,426776,565240,681943,463167,367115,-11498,130893,267960,-8388607,0,2661,2666,2667,754,2484,-10110976,1,1,14,1,287,0,0,0,1
443355184,561133,623398,1583110,1663623,834686,766186,427949,514562,236155,276664,1018590,992797,840873,779789,435190,427036,564241,680961,463494,367293,-11575,130898,268008,-8388607,0,2668,2663,2666,756,2477,-10110976,1,1,14,1,287,0,0,0,1
443355185,559291,621072,1584643,1664403,833661,765764,428310,514913,235533,276157,1020013,994032,839140,778779,435374,427830,563376,680117,463798,367332,-11674,130592,267943,-8388607,0,2661,2664,2660,760,2478,-10110976,1,1,14,1,287,0,0,0,1
443355186,557552,618960,1586105,1665492,832318,765498,428856,515821,234968,275933,1021736,995215,837899,778187,436194,428810,562726,679485,464089,367635,-11765,130272,267959,-8388607,0,2657,2665,2666,754,2479,-10110976,1,1,14,1,287,0,0,0,1
443355187,555720,617210,1586918,1666339,831288,765355,429740,516831,234307,275320,1023471,996135,836520,777452,436739,429712,562484,679135,464969,368130,-12151,130286,268017,-8388607,1,2659,2661,2668,751,2477,-10110976,1,1,15,1,287,0,0,0,1
443355188,553909,615549,1587788,1666961,830661,765409,430586,518045,233614,274604,1025022,996476,835305,777060,437632,430664,562381,678703,465673,368553,-12248,130072,268035,-8388607,1,2664,2663,2662,757,2475,-10110976,1,1,15,1,287,0,0,0,1
443355189,552411,614355,1588320,1667511,830164,765618,431577,519380,232868,273777,1026687,996108,834051,776825,438369,431372,562454,678413,466599,369375,-12031,130112,268038,-8388607,1,2664,2668,2662,755,2481,-10110976,1,1,15,1,287,0,0,0,1
443355190,551180,613177,1588727,1668273,829934,765899,432612,520493,232170,272625,1028187,995977,832643,776255,438673,431955,562522,678339,467598,370457,-12003,130196,268023,-8388607,1,2666,2663,2665,747,2481,-10110976,1,1,15,1,287,0,0,0,1
443355191,549983,612034,1589049,1669386,829843,765854,433421,521770,231303,271724,1030444,996021,831257,776408,438838,432897,562418,678058,468441,371054,-11893,130454,267928,-8388607,1,2663,2663,2658,756,2478,-10110976,1,1,15,1,287,0,0,0,1
443355192,548754,611090,1589813,1670765,829732,765438,434683,522664,230595,270694,1033046,996339,830109,776190,439310,433689,562314,677915,469450,372158,-11587,130644,268062,-8388607,1,2662,2665,2659,753,2480,-10110976,1,1,15,1,287,0,0,0,1
443355193,547360,609854,1590659,1672645,829489,764649,435552,523640,229581,269425,1035813,996980,829029,776271,439994,434755,561959,677151,470200,372866,-11619,130573,267906,-8388607,1,2661,2665,2665,754,2482,-10110976,1,1,15,1,287,0,0,0,1
443355194,545809,608658,1591233,1675148,828978,763303,436783,524421,228694,268582,1037600,997327,828421,776054,440936,435944,561193,676324,470758,373118,-11763,130506,267929,-8388607,1,2665,2659,2664,756,2478,-10110976,1,1,15,1,287,0,0,0,1
443355195,544019,607594,1592323,1678797,828281,761967,437788,525131,228108,268227,1039177,997290,827755,776235,442055,436911,560545,675201,471328,373457,-11765,130665,267969,-8388607,1,2668,2667,2659,760,2476,-10110976,1,1,15,1,287,0,0,0,1
443355196,542219,606318,1594310,1683075,827482,760275,438216,525409,227637,267754,1039929,997199,827774,776386,442907,437955,559542,674195,471642,373751,-11643,130641,267937,-8388607,1,2658,2665,2664,754,2481,-10110976,1,1,15,1,287,0,0,0,1
443355197,540597,604922,1596880,1687778,826706,758767,438509,525717,227224,267222,1039727,996686,827780,776618,443829,438752,558676,672923,472108,374004,-12050,130346,267998,-8388607,1,2661,2662,2666,756,2478,-10110976,1,1,15,1,287,0,0,0,1
443355198,538950,603513,1599849,1692774,825954,757440,438500,526025,226893,266897,1039816,996607,828013,776634,444700,439686,557776,671908,472361,374246,-12450,130129,268022,-8388607,1,2661,2666,2660,759,2478,-10110976,1,1,15,1,287,0,0,0,1
443355199,537590,602370,1603544,1697417,825238,756434,438860,526409,226460,266298,1039823,997305,828689,776863,445822,440500,556502,670894,472434,374507,-12445,130048,268072,-8388607,1,2661,2669,2661,752,2481,-10110976,1,1,15,1,287,0,0,0,1
443355200,536740,601083,1607063,1701657,824441,755373,439407,527118,225747,265632,1039386,998077,829577,777084,447298,441475,555353,670215,472733,375014,-12534,130088,267929,-8388607,1,2665,2664,2666,751,2479,-10110976,1,1,15,1,287,0,0,0,1
443355201,536209,599942,1610508,1705095,823951,754283,440554,527932,224734,264826,1038858,998660,830441,777431,448764,442586,554777,669592,473537,375363,-12438,130117,268014,-8388607,1,2665,2666,2666,756,2469,-10110976,1,1,15,1,287,0,0,0,1
443355202,536019,598822,1613834,1707768,823832,753409,441940,529029,223628,264047,1037537,998862,831594,777920,450179,444033,554735,669013,474105,376217,-12020,130533,267965,-8388607,1,2658,2669,2662,755,2480,-10110976,1,1,15,1,287,0,0,0,1
443355203,535787,597448,1616779,1710077,823668,752678,443214,529999,222542,263076,1035692,998835,832002,778371,451494,445265,554456,668655,474985,376743,-11979,130727,267973,-8388607,1,2661,2662,2664,751,2482,-10110976,1,1,15,1,287,0,0,0,1
443355204,535385,596278,1619786,1712346,823585,752145,444419,531133,221519,262259,1033660,998855,832373,778593,452223,446472,554592,668133,476062,377088,-11435,130975,267975,-8388607,1,2666,2659,2664,754,2476,-10110976,1,1,15,1,287,0,0,0,1
443355205,534709,594803,1622339,1714499,823450,752116,445161,531799,220528,261538,1032056,999217,831988,778523,453119,447656,554691,667530,476658,377520,-11188,131006,267958,-8388607,1,2663,2666,2659,758,2478,-10110976,1,1,15,1,287,0,0,0,1
443355206,533265,593488,1624729,1716895,823232,751928,445914,532818,219508,260477,1030758,999640,831686,777839,453910,448434,554627,667286,477260,378253,-11581,130668,267995,-8388607,1,2661,2664,2664,753,2482,-10110976,1,1,15,1,287,0,0,0,1
443355207,531621,591924,1626642,1718847,822707,751693,446662,533563,218635,259756,1030018,1000483,831296,776849,454872,449089,554038,667045,478013,379082,-11535,130783,268000,-8388607,1,2661,2662,2664,755,2478,-10110976,1,1,15,1,287,0,0,0,1
443355208,530043,590194,1628358,1720845,821983,751277,447368,534549,217710,258784,1029500,1000971,830922,775938,455951,449448,553504,666636,478783,379877,-11625,130663,267994,-8388607,1,2661,2665,2661,759,2478,-10110976,1,1,15,1,287,0,0,0,1
443355209,528140,588334,1630028,1723121,821026,750932,448015,535432,217047,257825,1028739,1001176,830605,774782,456952,449702,552651,666012,479102,380879,-11980,130414,267934,-8388607,1,2659,2666,2664,754,2482,-10110976,1,1,15,1,287,0,0,0,1
443355210,526392,586630,1632072,1725297,820058,750639,448857,536264,216317,257123,1028205,1001172,829941,773495,457612,449932,551667,665190,479417,381456,-11900,130441,267870,-8388607,1,2673,2661,2663,755,2477,-10110976,1,1,15,1,287,0,0,0,1
443355211,524939,585205,1634539,1727675,819428,751225,449488,537360,215685,256840,1028205,1001510,829264,772500,458226,450139,550876,664424,479793,381849,-12295,129978,267989,-8388607,1,2663,2665,2664,757,2478,-10110976,1,1,15,1,287,0,0,0,1
443355212,523566,583842,1637239,1728935,818945,753430,450118,538336,215098,256150,1028872,1001743,827955,771657,458521,450361,549843,663503,479954,382068,-12477,129649,267869,-8388607,1,2669,2669,2659,755,2481,-10110976,1,1,15,1,287,0,0,0,1
443355213,522641,583043,1639753,1728800,818745,757362,451024,539091,215002,256027,1030406,1002680,826845,770637,459109,450691,548866,662492,479921,382332,-12333,129596,267874,-8388607,1,2664,2666,2666,752,2479,-10110976,1,1,15,1,287,0,0,0,1
443355214,522078,582671,1641645,1727751,818732,762458,451411,539687,214546,255673,1031719,1003617,825419,769446,459895,451683,547869,661904,480081,382752,-12740,129555,267974,-8388607,1,2665,2663,2659,756,2477,-10110976,1,1,15,1,287,0,0,0,1
443355215,521713,582745,1643202,1725170,819120,768289,451316,540517,214011,254901,1033382,1004267,824502,768426,460737,452415,546850,661133,480307,383114,-12323,130084,267793,-8388607,1,2663,2676,2666,758,2480,-10110976,1,1,15,1,287,0,0,0,1
443355216,521656,582803,1643990,1721291,819838,775085,451790,541537,213554,254412,1035385,1004772,823884,767671,461756,453339,545782,660887,480642,384029,-11688,130925,267941,-8388607,1,2664,2663,2661,751,2479,-10110976,1,1,15,1,287,0,0,0,1
443355217,521556,582817,1644386,1716676,820544,782419,452782,542586,212583,253547,1036950,1005446,822974,766782,462824,454258,544784,660583,480943,384877,-11728,130990,267880,-8388607,1,2659,2663,2664,756,2476,-10110976,1,1,15,1,287,0,0,0,1
443355218,521124,582519,1644595,1710958,821417,789933,453443,543465,211655,252743,1038852,1006283,822261,765721,463067,454353,543856,660003,481085,385380,-11291,131223,267928,-8388607,1,2660,2667,2664,760,2477,-10110976,1,1,15,1,287,0,0,0,1
443355219,520189,581669,1644299,1704843,822625,796809,454435,544629,210701,251993,1041444,1008337,820882,764832,463116,454998,543124,659651,481392,386107,-11370,131325,267911,-8388607,1,2659,2666,2661,754,2483,-10110976,1,1,15,1,287,0,0,0,1
443355220,519010,580674,1643549,1698053,823891,804258,455531,545524,209712,251191,1044340,1010471,819472,764020,463315,455226,542947,659275,482184,386797,-11438,131279,268003,-8388607,1,2672,2663,2670,755,2477,-10110976,1,1,15,1,287,0,0,0,1
443355221,517283,578902,1642372,1690297,825028,812204,456064,545676,208824,250595,1047253,1012683,817714,762677,463254,455647,542704,658883,482934,387358,-11292,131099,267971,-8388607,1,2664,2665,2663,758,2473,-10110976,1,1,15,1,287,0,0,0,1
443355222,515360,577204,1640348,1682080,826433,820019,456217,545873,208012,250060,1049855,1014921,815771,761126,463573,456406,542519,658302,483623,387993,-12067,130525,267850,-8388607,1,2658,2676,2663,752,2481,-10110976,1,1,15,1,287,0,0,0,1
443355223,513524,575472,1638049,1673468,829061,828362,456146,546312,207294,249367,1051939,1016839,814248,760165,464048,457217,542346,657873,484390,388718,-12162,130372,267980,-8388607,1,2659,2665,2668,754,2481,-10110976,1,1,15,1,287,0,0,0,1
443355224,512054,573661,1634815,1664147,832890,837962,455870,546260,206935,249102,1053446,1018721,812490,758968,464679,457991,541912,657330,485068,389437,-12089,130230,267932,-8388607,1,2664,2666,2666,759,2473,-10110976,1,1,15,1,287,0,0,0,1
443355225,510944,572168,1629920,1654174,838732,848943,455759,546088,206546,248613,1055051,1020347,811087,758310,464931,458624,541411,656548,485715,389828,-12791,129449,267877,-8388607,1,2661,2663,2659,754,2479,-10110976,1,1,15,1,287,0,0,0,1
443355226,510293,571251,1623741,1642991,847253,861560,455564,545793,206403,248317,1056721,1022214,809452,757344,465238,459356,540775,655525,486352,390255,-12851,129330,267933,-8388607,1,2665,2662,2664,751,2482,-10110976,1,1,15,1,287,0,0,0,1
443355227,510344,570677,1616561,1630546,857898,876517,455400,545539,206131,247721,1058001,1024768,807956,756855,465275,459592,540242,654439,486889,390751,-12621,129624,267820,-8388607,1,2666,2661,2663,754,2477,-10110976,1,1,15,1,287,0,0,0,1
443355228,510739,570787,1608143,1617489,869965,893898,456088,545833,205976,246960,1059344,1026939,806288,756364,465656,460166,539534,653325,487590,390934,-12244,130142,267830,-8388607,1,2658,2663,2662,757,2480,-10110976,1,1,15,1,287,0,0,0,1
443355229,511306,571061,1598990,1603568,883238,913129,457581,547253,205221,246466,1059727,1029050,804794,755773,466306,461308,539157,652402,488388,391054,-11526,130943,267893,-8388607,1,2657,2664,2664,753,2482,-10110976,1,1,15,1,287,0,0,0,1
443355230,511567,571006,1588677,1589311,897203,933321,459476,549717,204639,245987,1059272,1030388,803539,755204,467287,462498,538647,651440,488757,391269,-11546,130831,267763,-8388607,1,2664,2661,2666,754,2476,-10110976,1,1,15,1,287,0,0,0,1
443355231,511539,571048,1577751,1574821,911183,953724,461584,552999,203782,245282,1058571,1031264,802588,754488,468419,463695,538315,650825,489555,391541,-11508,130725,267880,-8388607,1,2665,2665,2660,758,2475,-10110976,1,1,15,1,287,0,0,0,1
443355232,510929,570722,1565771,1560403,926084,974430,463493,555499,202558,244621,1057862,1032034,801521,753731,469076,464458,537992,650358,490160,392092,-11282,130993,267855,-8388607,1,2655,2667,2664,755,2479,-10110976,1,1,15,1,287,0,0,0,1
443355233,510065,570195,1552043,1545346,942044,994694,464398,556951,201793,243596,1057499,1032777,800548,752635,469655,464991,537742,650120,490841,392728,-11624,130553,267864,-8388607,1,2661,2664,2668,754,2478,-10110976,1,1,15,1,287,0,0,0,1
443355234,508954,569244,1536651,1529150,959068,1014841,463905,557025,200718,242387,1057719,1033693,799652,751994,469745,465023,537440,649924,491730,393388,-11952,129995,267846,-8388607,1,2666,2668,2663,758,2475,-10110976,1,1,15,1,287,0,0,0,1
443355235,508473,568441,1520283,1512283,977458,1034857,462964,555822,199452,241161,1058305,1034308,799075,750776,470177,465190,537416,649608,492350,394105,-11972,130016,267831,-8388607,1,2662,2667,2663,752,2477,-10110976,1,1,15,1,287,0,0,0,1
443355236,507756,567739,1503290,1495219,996285,1054753,461913,554251,198120,240096,1058735,1034346,798722,749926,470464,465539,537049,649360,493251,394851,-11817,130305,267743,-8388607,1,2665,2666,2666,752,2479,-10110976,1,1,15,1,287,0,0,0,1
443355237,507314,566917,1486082,1477780,1015608,1074008,461463,553542,197239,239079,1059060,1034085,798579,749021,471298,466375,536834,648998,494221,395537,-11433,130252,267806,-8388607,1,2663,2663,2662,757,2476,-10110976,1,1,15,1,287,0,0,0,1
443355238,506920,565927,1468358,1460212,1035192,1093083,461658,553491,196516,238106,1059129,1033362,798612,748087,472546,467193,536549,648203,494738,395967,-11642,129779,267759,-8388607,1,2663,2666,2658,754,2479,-10110976,1,1,15,1,287,0,0,0,1
443355239,506604,565277,1450817,1443131,1055110,1112904,462851,554445,195717,237363,1059572,1032730,798982,747255,473744,467874,536054,647794,495233,396293,-12043,129329,267688,-8388607,1,2661,2663,2663,752,2481,-10110976,1,1,15,1,287,0,0,0,1
443355240,506314,564804,1433794,1425942,1075530,1132955,464260,556066,195347,237005,1060175,1032727,799412,746521,474841,468618,535560,647093,495421,396593,-11944,129537,267706,-8388607,1,2663,2662,2661,756,2478,-10110976,1,1,15,1,287,0,0,0,1
443355241,506211,564842,1416476,1409113,1097488,1153813,465981,557857,194778,236642,1060554,1032555,799758,746283,475630,469349,534465,646199,495376,396949,-11738,129740,267627,-8388607,1,2663,2664,2660,758,2479,-10110976,1,1,15,1,287,0,0,0,1
443355242,506679,565110,1398697,1391923,1120182,1175170,467705,559646,194641,236147,1060922,1032463,799998,746074,476789,470080,533039,645529,495467,397354,-11889,129470,267619,-8388607,1,2663,2665,2664,754,2483,-10110976,1,1,15,1,287,0,0,0,1
443355243,507393,565748,1380696,1374736,1143038,1196308,469648,561295,194128,236056,1060370,1032024,800225,746146,477974,470980,531482,644691,495571,397866,-11829,129676,267733,-8388607,1,2667,2664,2668,754,2479,-10110976,1,1,15,1,287,0,0,0,1
443355244,508261,566815,1362401,1357578,1165530,1216990,471646,562727,193640,235535,1059697,1031681,800497,746071,479211,472226,530029,643894,495612,398429,-11449,130027,267754,-8388607,1,2666,2661,2664,758,2477,-10110976,1,1,15,1,287,0,0,0,1
443355245,508990,567560,1343818,1340108,1186948,1236619,473312,564414,193277,234691,1058646,1030894,800623,746198,480890,473850,528777,643218,496230,399147,-11069,130485,267703,-8388607,1,2659,2668,2664,755,2481,-10110976,1,1,15,1,287,0,0,0,1
443355246,509420,568077,1324829,1322213,1207495,1255916,474467,565347,192506,234082,1057787,1030883,800257,746248,482114,475025,527637,642721,496455,399579,-10614,130893,267792,-8388607,1,2665,2662,2664,752,2480,-10110976,1,1,15,1,287,0,0,0,1
443355247,509146,567965,1305309,1304383,1226929,1275239,474656,565730,191473,233114,1056949,1030890,799489,745790,482781,475712,526778,642491,496477,400039,-11046,130547,267680,-8388607,1,2668,2664,2662,755,2476,-10110976,1,1,15,1,287,0,0,0,1
443355248,508420,567291,1285441,1286190,1246422,1294320,473855,565391,190483,232087,1056357,1031260,798747,745570,483451,476461,526166,641973,497017,400382,-10936,130337,267705,-8388607,1,2663,2667,2663,753,2479,-10110976,1,1,15,1,287,0,0,0,1
443355249,507448,566318,1266109,1268195,1266146,1313985,473119,564946,189675,231167,1055884,1031984,797870,745320,484216,477259,525590,641651,497534,400867,-10995,130216,267771,-8388607,1,2662,2663,2666,749,2482,-10110976,1,1,15,1,287,0,0,0,1
443355250,506352,565285,1246464,1250217,1286154,1334118,472592,564630,188755,230338,1055290,1032517,796972,744823,485080,477911,525259,641041,498346,401409,-11554,129481,267706,-8388607,1,2661,2663,2663,758,2478,-10110976,1,1,15,1,287,0,0,0,1
443355251,505529,564213,1226651,1231724,1306427,1354368,473036,564428,187865,229432,1054689,1032721,795795,744790,485673,479220,524828,640381,498995,401965,-11854,129007,267703,-8388607,1,2661,2667,2659,755,2478,-10110976,1,1,15,1,287,0,0,0,1
443355252,505204,563431,1206674,1213071,1326668,1374800,473972,565336,187467,228696,1054332,1033090,794433,744658,486332,480551,524297,639392,499809,402225,-11923,128677,267604,-8388607,1,2666,2666,2661,753,2481,-10110976,1,1,15,1,287,0,0,0,1
443355253,505362,563200,1186304,1194081,1346684,1395119,475259,566501,186978,228043,1054495,1033976,793064,744722,486717,481698,523903,638607,500526,402676,-11653,128947,267708,-8388607,1,2667,2663,2664,756,2477,-10110976,1,1,15,1,287,0,0,0,1
443355254,505933,563105,1165749,1174806,1366861,1415914,476846,568013,186458,228082,1055290,1035512,791580,744455,487078,482859,524014,638003,501197,402961,-11126,129572,267801,-8388607,1,2659,2666,2661,760,2477,-10110976,1,1,15,1,287,0,0,0,1
443355255,506248,562913,1145435,1155522,1386940,1436362,477820,569608,185997,227468,1056084,1036950,789961,743741,487344,483756,523684,636928,501510,403160,-11205,129479,267576,-8388607,1,2659,2662,2666,753,2482,-10110976,1,1,15,1,287,0,0,0,1
443355256,506606,563106,1125275,1136554,1406685,1456765,478356,570689,185595,227177,1057137,1038066,788675,743377,487520,484507,523375,635988,502003,403509,-10996,129524,267677,-8388607,1,2665,2661,2666,756,2477,-10110976,1,1,15,1,287,0,0,0,1
443355257,506974,562945,1105610,1117680,1425994,1476587,478974,571350,185093,226684,1057915,1039288,787245,742663,487851,485101,523258,635312,502773,403776,-10550,129758,267594,-8388607,1,2668,2665,2662,760,2476,-10110976,1,1,15,1,287,0,0,0,1
443355258,507080,562663,1085950,1099085,1444697,1495185,479243,572208,184715,226056,1058696,1039893,786176,741836,488685,486082,522768,634856,503437,404577,-10678,129720,267646,-8388607,1,2660,2668,2666,754,2481,-10110976,1,1,15,1,287,0,0,0,1
443355259,507020,562159,1065933,1080159,1462865,1512447,479620,572693,184125,225458,1059425,1040587,785197,740972,489307,486841,522057,634132,504163,405263,-10903,129404,267709,-8388607,1,2661,2664,2664,753,2481,-10110976,1,1,15,1,287,0,0,0,1
443355260,506855,561668,1045643,1061098,1480222,1529068,479985,573060,183290,224520,1060369,1041354,784175,740247,489894,487802,521575,633735,504927,405905,-10929,129258,267741,-8388607,1,2664,2670,2666,758,2476,-10110976,1,1,15,1,287,0,0,0,1
443355261,506519,561053,1025260,1041627,1497591,1544920,480246,573342,182419,223593,1061871,1042438,783189,739521,490312,488274,521158,633360,505844,406602,-10713,129646,267813,-8388607,1,2660,2666,2658,754,2479,-10110976,1,1,15,1,287,0,0,0,1
443355262,505885,560523,1004930,1022499,1514919,1560689,480460,573473,181245,222288,1063786,1043396,781911,738543,490524,488721,520824,632962,506575,407311,-10561,129664,267793,-8388607,1,2662,2663,2666,753,2477,-10110976,1,1,15,1,287,0,0,0,1
443355263,505325,559675,984938,1003828,1531838,1576190,481157,574507,180236,221017,1065248,1044542,780712,737601,490772,489096,520593,632447,507420,407906,-10649,129515,267745,-8388607,1,2668,2659,2666,757,2477,-10110976,1,1,15,1,287,0,0,0,1
443355264,504601,558922,965623,986595,1548900,1590931,482347,575926,179161,220204,1066565,1045623,779621,736694,491430,489564,520418,632466,508308,408770,-10940,129091,267690,-8388607,1,2662,2667,2662,755,2477,-10110976,1,1,15,1,287,0,0,0,1
443355265,503890,558086,947126,970768,1564969,1604739,484149,578145,178340,219535,1067955,1046655,778659,735463,492414,490302,520259,632478,508971,409678,-10895,129081,267669,-8388607,1,2659,2666,2665,753,2484,-10110976,1,1,15,1,287,0,0,0,1
443355266,503257,557462,929564,956719,1580457,1616923,486659,580364,177532,218977,1069140,1047949,778271,734295,493661,490815,520000,632165,509322,410419,-10719,129087,267880,-8388607,1,2664,2663,2666,755,2477,-10110976,1,1,15,1,287,0,0,0,1
443355267,502707,557049,912578,944711,1594947,1627020,488804,582280,177225,218669,1070183,1049287,777968,733135,494990,491753,519222,631859,509659,411223,-10922,128792,267663,-8388607,1,2664,2663,2661,758,2477,-10110976,1,1,15,1,287,0,0,0,1
443355268,502300,556944,896647,934976,1608265,1634708,490346,583295,176546,218313,1071351,1050816,777693,732351,495924,492088,518833,631635,509960,411786,-10953,128731,267686,-8388607,1,2661,2666,2662,754,2482,-10110976,1,1,15,1,287,0,0,0,1
443355269,501789,556818,881944,927049,1620004,1640571,491214,583718,176481,217929,1072397,1052640,777529,731506,496816,492642,518246,631091,510056,412635,-10732,129050,267818,-8388607,1,2661,2664,2670,751,2478,-10110976,1,1,15,1,287,0,0,0,1
443355270,501233,557052,868535,921160,1630098,1644865,491617,583476,176350,217661,1072844,1054267,777171,730573,497545,492950,517625,630669,510497,413183,-10523,129341,267795,-8388607,1,2661,2666,2664,759,2475,-10110976,1,1,15,1,287,0,0,0,1
443355271,500754,557244,856821,916797,1638617,1647353,491798,583502,176048,217193,1073382,1055437,776559,729685,498717,493153,516938,630239,510751,413793,-10493,129452,267733,-8388607,1,2660,2667,2659,753,2480,-10110976,1,1,15,1,287,0,0,0,1
443355272,499890,556954,846955,913959,1645382,1648186,492089,583559,175485,216631,1073873,1056816,776424,728665,499816,493916,516143,629532,510939,414224,-10509,129412,267783,-8388607,1,2661,2663,2665,752,2481,-10110976,1,1,15,1,287,0,0,0,1
443355273,498740,556417,839757,912276,1650045,1647949,492846,583728,174827,216071,1074098,1058156,776175,727729,501331,494592,515297,628711,511094,414579,-10512,129519,267725,-8388607,1,2666,2661,2661,751,2477,-10110976,1,1,15,1,287,0,0,0,1
443355274,497551,555377,835267,911215,1653424,1647135,493466,584525,173998,214911,1074444,1060036,775852,726852,502630,495474,514439,627889,511453,414982,-10297,129651,267721,-8388607,1,2661,2673,2662,756,2479,-10110976,1,1,15,1,287,0,0,0,1
443355275,496279,553837,832790,910346,1655205,1646837,494164,585952,173067,214081,1074765,1061861,775207,726223,503211,496193,513654,627060,512029,415159,-10529,129303,267572,-8388607,1,2660,2663,2665,753,2482,-10110976,1,1,15,1,287,0,0,0,1
443355276,494823,552404,832203,909989,1656052,1646335,495369,586782,172343,213262,1075053,1063497,774492,725980,504003,496640,512964,626527,512777,415771,-11101,128941,267689,-8388607,1,2663,2666,2666,757,2478,-10110976,1,1,15,1,287,0,0,0,1
443355277,493708,550897,833323,910242,1656340,1645950,496241,588189,171493,212457,1074787,1064748,773742,725314,504302,497373,512209,625608,513367,416334,-11207,128843,267658,-8388607,1,2662,2665,2662,760,2479,-10110976,1,1,15,1,287,0,0,0,1
443355278,492531,549351,834504,910620,1656167,1645064,497230,590281,170388,211598,1074876,1065743,772863,724848,504503,497889,511975,625146,514290,417047,-11094,128848,267709,-8388607,1,2661,2666,2664,754,2482,-10110976,1,1,15,1,287,0,0,0,1
443355279,491915,547768,835802,911330,1655271,1643951,498848,592382,169659,210958,1074762,1066416,772077,724106,505135,498719,511717,624695,514919,417660,-11059,128821,267659,-8388607,1,2665,2662,2666,756,2478,-10110976,1,1,15,1,287,0,0,0,1
443355280,491345,546350,836621,911797,1653562,1642195,500367,594332,168980,210393,1074605,1067129,771229,723719,506057,499753,511450,623949,515519,417968,-11039,128635,267601,-8388607,1,2661,2664,2662,758,2475,-10110976,1,1,15,1,287,0,0,0,1
443355281,490774,545479,837195,912184,1651349,1640164,501343,595979,168421,209752,1074946,1067687,770530,723439,506988,500982,511411,623529,516010,418369,-11130,128621,267489,-8388607,1,2657,2669,2666,754,2480,-10110976,1,1,15,1,287,0,0,0,1
443355282,490224,544771,837822,912580,1648785,1638194,502300,597222,167697,209008,1075559,1067735,769657,723308,507860,502077,511325,623052,516791,418830,-10694,129067,267512,-8388607,1,2661,2663,2668,746,2481,-10110976,1,1,15,1,287,0,0,0,1
443355283,489816,543928,838158,913220,1646174,1636214,503141,598141,167375,208844,1075914,1068223,768901,723367,508580,503489,511067,622290,517245,419220,-10526,129191,267523,-8388607,1,2668,2666,2661,754,2477,-10110976,1,1,15,1,287,0,0,0,1
443355284,489530,542782,838588,914238,1643265,1634157,503900,598883,167137,208411,1076135,1067923,767912,723728,508821,504792,510656,621895,517707,420003,-10636,129135,267595,-8388607,1,2664,2666,2661,757,2480,-10110976,1,1,15,1,287,0,0,0,1
443355285,489009,541630,839061,915329,1640709,1632350,505359,599932,166397,207887,1075776,1067188,766924,723970,509239,506114,509863,621370,518108,420530,-10680,129078,267579,-8388607,1,2663,2663,2665,752,2480,-10110976,1,1,15,1,287,0,0,0,1
443355286,488357,540335,839927,916534,1638510,1630785,507231,601093,165876,207546,1075707,1066238,766102,724120,509699,507132,509225,620839,518650,421337,-10596,129097,267470,-8388607,1,2665,2662,2663,755,2477,-10110976,1,1,15,1,287,0,0,0,1
443355287,487611,538962,840594,917658,1636508,1629415,509402,602735,165317,206886,1075750,1065464,765146,724238,510441,508255,508605,620155,519037,421564,-10703,129137,267545,-8388607,1,2661,2666,2659,758,2478,-10110976,1,1,15,1,287,0,0,0,1
443355288,486953,537467,840851,918474,1635049,1628167,511607,604205,164351,206076,1076057,1064911,764321,724129,511295,509504,507742,619354,519277,421925,-10795,128799,267461,-8388607,1,2659,2661,2664,748,2483,-10110976,1,1,15,1,287,0,0,0,1
443355289,486184,536054,841108,919425,1634048,1627536,513658,605643,163727,205514,1076015,1064235,763673,723829,512316,510587,506935,618824,519843,422396,-10612,128848,267540,-8388607,1,2666,2663,2668,756,2478,-10110976,1,1,15,1,287,0,0,0,1
443355290,485444,534985,841019,920449,1633226,1626763,515401,606765,163153,204578,1076388,1063740,763022,723511,513265,511371,506111,618081,520347,422855,-10432,128894,267631,-8388607,1,2660,2669,2662,757,2471,-10110976,1,1,15,1,287,0,0,0,1
443355291,484446,533890,841333,921425,1632125,1625735,516570,608039,161989,203742,1076247,1062737,762144,723087,513700,512032,505444,617316,521142,423653,-10362,128955,267478,-8388607,1,2659,2665,2665,752,2481,-10110976,1,1,15,1,287,0,0,0,1
443355292,483351,532944,841330,922206,1630698,1624711,517554,609311,161460,203105,1075676,1061726,761375,722863,514357,512934,504580,616457,521901,424228,-10658,128863,267528,-8388607,1,2661,2664,2668,751,2478,-10110976,1,1,15,1,287,0,0,0,1
443355293,482413,532019,841454,922859,1628410,1622811,518573,610977,160976,202544,1075226,1061245,761062,722552,515272,513701,503819,615965,522694,424904,-10809,128549,267455,-8388607,1,2663,2665,2666,758,2473,-10110976,1,1,15,1,287,0,0,0,1
443355294,481440,531159,841800,923431,1626370,1620400,519446,612339,160417,202090,1074707,1060770,761107,722275,516381,514845,503248,615333,523304,425654,-10780,128670,267423,-8388607,1,2661,2670,2658,754,2479,-10110976,1,1,15,1,287,0,0,0,1
443355295,480488,529985,842055,923972,1623701,1617224,520240,613209,159819,201513,1073499,1060382,762070,721849,517454,515762,503065,614752,524019,426208,-10589,128848,267320,-8388607,1,2666,2663,2666,750,2477,-10110976,1,1,15,1,287,0,0,0,1
443355296,479553,528833,842765,924209,1621545,1614308,521021,613828,159353,201380,1070690,1060145,765097,721295,518991,516967,503176,614438,524786,426893,-10535,129062,267402,-8388607,1,2668,2663,2662,755,2478,-10110976,1,1,15,1,287,0,0,0,1
443355297,478604,527690,843406,924077,1619389,1611098,521369,614281,159117,201058,1066061,1058547,770286,720862,519598,517524,503058,613871,525548,427304,-10628,128775,267358,-8388607,1,2660,2667,2659,757,2477,-10110976,1,1,15,1,287,0,0,0,1
443355298,477810,526637,844115,924100,1617251,1608192,521804,614935,159302,201221,1058285,1056531,777548,721108,520188,517739,503011,613339,526650,427633,-10580,128910,267435,-8388607,1,2663,2666,2661,750,2481,-10110976,1,1,15,1,287,0,0,0,1
443355299,476923,525511,844569,924183,1614736,1605807,522496,615758,159336,201171,1047371,1052917,787951,722208,520246,517000,502576,612615,527290,427899,-10424,129040,267428,-8388607,1,2668,2659,2664,757,2477,-10110976,1,1,15,1,287,0,0,0,1
443355300,475897,524622,844676,923864,1612426,1603352,524340,617612,159660,201492,1035014,1048333,800805,724886,519772,516352,502466,612161,527988,428733,-10314,129095,267335,-8388607,1,2659,2668,2664,758,2480,-10110976,1,1,15,1,287,0,0,0,1
443355301,474578,523645,844541,923717,1609969,1601033,525993,619544,160041,201729,1020702,1042980,815451,728848,519871,515368,502098,611725,528795,429140,-10373,129061,267333,-8388607,1,2661,2665,2664,754,2484,-10110976,1,1,15,1,287,0,0,0,1
443355302,473142,522849,844315,923399,1607691,1598844,528014,621220,159884,201398,1005791,1035673,831462,735228,520754,514741,501615,611411,529209,429663,-10613,129085,267446,-8388607,1,2660,2663,2668,751,2477,-10110976,1,1,15,1,287,0,0,0,1
443355303,471561,521979,844655,923185,1605118,1596909,529783,622752,159282,200781,989776,1026357,847626,744468,521880,515233,501160,611043,529825,430126,-10608,129158,267301,-8388607,1,2666,2665,2663,756,2475,-10110976,1,1,15,1,287,0,0,0,1
443355304,470027,520844,845106,923566,1602316,1595214,530631,624009,158552,200162,972076,1014388,864438,757492,522996,516056,500518,610655,530181,430720,-10628,129068,267372,-8388607,1,2661,2670,2663,752,2481,-10110976,1,1,15,1,287,0,0,0,1
443355305,468610,519638,845516,923970,1599306,1593460,531488,625148,158170,199653,952797,999311,882360,774627,522645,516412,499740,610176,530513,431491,-10851,128861,267291,-8388607,1,2668,2663,2666,753,2481,-10110976,1,1,15,1,287,0,0,0,1
443355306,467534,518536,846481,924529,1596224,1591635,532315,626479,157893,199373,932242,982033,901917,795656,520900,516108,498605,609761,531134,432287,-10965,128584,267441,-8388607,1,2664,2665,2663,756,2475,-10110976,1,1,15,1,287,0,0,0,1
443355307,466415,517605,847047,924668,1592967,1589311,532939,627703,157919,199390,909807,963348,923940,819284,519149,515497,497629,609177,531544,433061,-11076,128551,267352,-8388607,1,2662,2668,2660,754,2481,-10110976,1,1,15,1,287,0,0,0,1
443355308,465556,516580,847331,924712,1589961,1586494,533814,629096,158474,199372,887514,944116,947095,843827,518103,515453,496549,608622,531602,433536,-10758,128867,267308,-8388607,1,2661,2662,2660,753,2482,-10110976,1,1,15,1,287,0,0,0,1
443355309,464796,515867,847360,924785,1587204,1583372,534903,630741,158769,199354,865525,924972,970566,868109,519059,516293,495440,608104,531345,434192,-10748,129069,267474,-8388607,1,2665,2662,2664,756,2478,-10110976,1,1,15,1,287,0,0,0,1
443355310,464216,514873,847212,924623,1584533,1580086,536029,631948,158627,199213,844643,905907,993793,891208,521454,517976,494273,607663,531353,435039,-10581,129230,267503,-8388607,1,2663,2665,2661,753,2479,-10110976,1,1,15,1,287,0,0,0,1
443355311,463427,514093,847132,924669,1581573,1576504,536613,632727,157875,198501,823519,886291,1015899,912927,523765,520361,493172,607226,531495,435496,-10478,129286,267343,-8388607,1,2662,2665,2664,753,2482,-10110976,1,1,15,1,287,0,0,0,1
443355312,462401,513071,847428,924835,1578818,1572569,537486,633526,157531,198139,801704,866188,1037831,934390,524877,522360,492087,606275,531461,435900,-10532,129248,267326,-8388607,1,2661,2663,2666,753,2478,-10110976,1,1,15,1,287,0,0,0,1
443355313,461537,512101,847829,925192,1575533,1568430,538584,634483,157506,198143,779144,844674,1059359,956604,524728,522297,491232,605681,531735,436660,-10611,129276,267434,-8388607,1,2659,2666,2658,760,2478,-10110976,1,1,15,1,287,0,0,0,1
443355314,460505,510508,847855,925426,1571816,1564110,539522,635753,157970,198801,756210,822408,1081930,979479,522972,521169,490430,605146,531906,436924,-10772,129201,267396,-8388607,1,2659,2668,2664,755,2482,-10110976,1,1,15,1,287,0,0,0,1
443355315,459688,508999,848045,925994,1567920,1559697,540319,636723,159115,200078,733529,799962,1105060,1002705,520389,519308,489846,604903,532343,437198,-10719,129043,267463,-8388607,1,2664,2664,2668,751,2477,-10110976,1,1,15,1,287,0,0,0,1
443355316,458779,507523,848214,926414,1564266,1555544,540668,637416,160858,201737,710640,776901,1128592,1025274,518690,517735,489259,604246,532809,437862,-10523,128880,267513,-8388607,1,2668,2665,2666,759,2475,-10110976,1,1,15,1,287,0,0,0,1
443355317,457814,506187,848244,926694,1560992,1551732,541119,637730,162362,202920,687944,753835,1152374,1046487,518595,516923,489154,603921,533253,438553,-10474,129001,267392,-8388607,1,2661,2666,2658,754,2480,-10110976,1,1,15,1,287,0,0,0,1
443355318,456712,504817,848083,927101,1558091,1548067,541487,637912,163397,203357,665003,729914,1175936,1066673,520110,517360,488814,603494,534095,439179,-10684,128921,267377,-8388607,1,2672,2663,2666,747,2477,-10110976,1,1,15,1,287,0,0,0,1
443355319,455787,503534,848288,927494,1555414,1544961,542415,638035,163708,203536,641864,705481,1198768,1086472,522509,518578,488359,602906,535385,439847,-10741,128860,267350,-8388607,1,2663,2668,2661,753,2477,-10110976,1,1,15,1,287,0,0,0,1
443355320,454837,502525,848373,928198,1553350,1542030,543767,639085,163470,203124,617947,680542,1222485,1107201,524434,520415,488172,602161,536253,440490,-10676,128790,267395,-8388607,1,2663,2664,2659,756,2480,-10110976,1,1,15,1,287,0,0,0,1
443355321,453732,501694,848757,929070,1551516,1539857,545945,641028,162751,202781,593929,655521,1246867,1129332,526027,522387,488171,601262,537045,440820,-10638,128836,267459,-8388607,1,2663,2663,2666,754,2481,-10110976,1,1,15,1,287,0,0,0,1
443355322,452901,500795,849358,929790,1549809,1537887,548400,643732,162435,202653,569765,631158,1271686,1153506,527185,524544,487996,600231,537618,441144,-10769,128871,267422,-8388607,1,2665,2661,2665,757,2477,-10110976,1,1,15,1,287,0,0,0,1
443355323,452129,499916,850245,930572,1548431,1536246,550374,646367,162263,203121,545627,606826,1297280,1178236,528024,526557,487667,599466,537968,441247,-10895,128640,267364,-8388607,1,2661,2664,2660,759,2475,-10110976,1,1,15,1,287,0,0,0,1
443355324,451530,499022,851262,931299,1546774,1534555,552556,648630,162451,203962,521344,582477,1322212,1202162,529480,528473,487377,598925,538689,441322,-10891,128756,267364,-8388607,1,2660,2665,2664,755,2481,-10110976,1,1,15,1,287,0,0,0,1
443355325,451316,498248,852485,931861,1545274,1532705,553896,650101,162711,204986,496981,557927,1345883,1224857,531297,530528,487017,597937,539484,441904,-10637,129152,267391,-8388607,1,2665,2665,2668,750,2475,-10110976,1,1,15,1,287,0,0,0,1
443355326,450742,497507,853223,932339,1543225,1530233,554697,651523,163181,205141,472229,533368,1368027,1245654,532836,532716,486607,596776,540224,442086,-10555,129059,267307,-8388607,1,2668,2665,2662,758,2475,-10110976,1,1,15,1,287,0,0,0,1
443355327,450160,496598,854024,932421,1540760,1527374,555457,652860,163682,205232,448358,508644,1389187,1265582,534548,534479,486483,595916,541014,442664,-10679,129105,267404,-8388607,1,2664,2667,2662,753,2481,-10110976,1,1,15,1,287,0,0,0,1
443355328,449684,495934,854600,932678,1537575,1524336,555857,653922,164156,205593,425054,485246,1409548,1285373,535544,535465,485934,595824,541948,443144,-10366,129305,267384,-8388607,1,2664,2664,2668,750,2479,-10110976,1,1,15,1,287,0,0,0,1
443355329,448709,495141,855015,932714,1534557,1521017,556315,655204,164798,205733,402750,462914,1428956,1306435,536057,536266,485912,595772,542809,443781,-10355,129320,267395,-8388607,1,2659,2662,2664,755,2477,-10110976,1,1,15,1,287,0,0,0,1
443355330,447525,494288,855235,932836,1531858,1517629,556623,656005,165162,206480,381046,441401,1448544,1327977,535707,536725,486093,595642,543472,444516,-10266,129512,267335,-8388607,1,2661,2666,2658,755,2479,-10110976,1,1,15,1,287,0,0,0,1
443355331,446168,493086,855530,932810,1529514,1514985,557456,656621,166159,207749,360233,420842,1467794,1350006,535662,538379,486176,595771,544502,445528,-10538,129065,267283,-8388607,1,2663,2661,2665,752,2482,-10110976,1,1,15,1,287,0,0,0,1
443355332,444854,491801,856132,933009,1528307,1512408,558787,657439,167186,209275,339746,400230,1485563,1372201,535723,540309,486423,595911,545575,446485,-10775,128840,267350,-8388607,1,2665,2659,2669,755,2477,-10110976,1,1,15,1,287,0,0,0,1
443355333,443606,490590,856908,933298,1527676,1510740,560869,658870,168047,210425,320090,379855,1502911,1393023,537004,542561,486357,595842,546690,447729,-10946,128859,267380,-8388607,1,2661,2667,2666,756,2479,-10110976,1,1,15,1,287,0,0,0,1
443355334,442566,489296,857660,933428,1527178,1509442,563844,660736,168849,211114,301830,359049,1518542,1412783,539503,544953,486240,595585,547787,448774,-11103,128763,267555,-8388607,1,2655,2667,2663,753,2481,-10110976,1,1,15,1,287,0,0,0,1
443355335,441876,488240,857957,933609,1526752,1508405,567056,663524,169067,211064,285680,339079,1533492,1431128,542683,547552,485670,595230,548344,449876,-11077,128543,267503,-8388607,1,2663,2665,2668,754,2476,-10110976,1,1,15,1,287,0,0,0,1
443355336,441108,486968,858153,933567,1526212,1507098,569774,666167,168820,210114,271977,320609,1547243,1448913,546230,549633,485069,594697,548673,450489,-10855,128524,267541,-8388607,1,2665,2665,2660,759,2475,-10110976,1,1,15,1,287,0,0,0,1
443355337,440515,486139,858490,933823,1525223,1505819,572593,668430,168622,209398,260538,304074,1559440,1466595,549172,551379,484259,594243,548652,451130,-10823,128798,267370,-8388607,1,2661,2667,2664,755,2481,-10110976,1,1,15,1,287,0,0,0,1
443355338,439916,485451,858850,934419,1524131,1504383,574792,669966,167985,208270,250856,288211,1570795,1483951,550764,552849,483381,593607,548488,451483,-10690,128786,267540,-8388607,1,2664,2663,2668,752,2477,-10110976,1,1,15,1,287,0,0,0,1
443355339,439031,484661,859479,935449,1522609,1502355,576304,671139,167500,208012,242271,273311,1580560,1500524,551083,554156,482235,593129,548185,451903,-10879,128612,267370,-8388607,1,2661,2665,2663,755,2471,-10110976,1,1,15,1,287,0,0,0,1
443355340,438602,484169,860386,936674,1520423,1499753,577639,672037,167301,208487,234313,259177,1588086,1515156,551510,554994,480732,592309,548094,452076,-11126,128384,267354,-8388607,1,2660,2667,2660,751,2477,-10110976,1,1,15,1,287,0,0,0,1
443355341,438471,483697,861492,937920,1517963,1496780,578753,672996,167568,209239,226990,245290,1594157,1526705,552219,555467,479496,591519,548066,452711,-10998,128532,267391,-8388607,1,2665,2664,2663,751,2481,-10110976,1,1,15,1,287,0,0,0,1
443355342,438168,483142,862552,939385,1515303,1493895,579691,674088,167736,210204,220561,232579,1599006,1536220,552947,555283,478030,590481,548205,453063,-10875,128614,267379,-8388607,1,2668,2659,2662,756,2476,-10110976,1,1,15,1,287,0,0,0,1
443355343,438246,482814,863270,940544,1512866,1491131,580546,675626,168171,210974,216301,221293,1603374,1544092,554543,555309,477146,589721,548532,453493,-10683,128823,267380,-8388607,1,2663,2666,2658,755,2479,-10110976,1,1,15,1,287,0,0,0,1
443355344,438377,482416,863914,941301,1510688,1489361,581745,677191,168759,211368,214247,212780,1607368,1551708,556040,555076,475908,588842,548898,453650,-10679,128863,267450,-8388607,1,2660,2664,2664,753,2482,-10110976,1,1,15,1,287,0,0,0,1
443355345,438228,481716,864448,942109,1509337,1487858,583005,679185,169229,211400,213952,205806,1611424,1558715,557153,555190,475117,588215,549174,454152,-10534,128886,267502,-8388607,1,2664,2664,2664,756,2478,-10110976,1,1,15,1,287,0,0,0,1
443355346,438203,481105,865000,942768,1508838,1486830,585022,681195,169388,210926,213882,201348,1614283,1565139,557477,556181,474564,587716,549327,454301,-10129,129226,267406,-8388607,1,2661,2664,2660,759,2478,-10110976,1,1,15,1,287,0,0,0,1
443355347,437880,480386,865300,943567,1508415,1486156,587186,683212,169696,211133,213546,198598,1616662,1569934,557896,557802,474281,587175,549782,454590,-9964,129343,267519,-8388607,1,2661,2664,2665,752,2481,-10110976,1,1,15,1,287,0,0,0,1
443355348,436898,479193,865320,944058,1508014,1485293,589568,685330,170144,211210,212880,196915,1617261,1573098,558254,559406,473995,586290,550126,454684,-10107,129298,267400,-8388607,1,2665,2664,2668,753,2478,-10110976,1,1,15,1,287,0,0,0,1
443355349,435876,478127,865692,944726,1507510,1484365,591976,687496,169926,211853,211848,196450,1617218,1573962,558978,560663,473302,585087,550705,454864,-10206,129092,267425,-8388607,1,2661,2665,2663,758,2475,-10110976,1,1,15,1,287,0,0,0,1
443355350,434467,476716,865928,945417,1506348,1483210,593844,689335,169504,212573,211250,196153,1617472,1573791,560296,561495,472955,584070,551162,455089,-10333,129114,267393,-8388607,1,2658,2665,2662,754,2477,-10110976,1,1,15,1,287,0,0,0,1
443355351,433154,475286,866144,945972,1504461,1481795,595126,691176,169228,212869,211192,196826,1617886,1573578,561453,562215,472250,582765,551832,455437,-10490,128970,267499,-8388607,1,2661,2664,2664,751,2479,-10110976,1,1,15,1,287,0,0,0,1
443355352,431863,473729,866341,946297,1502704,1480091,595773,692390,169169,212833,211867,197766,1618445,1573687,561750,561889,471605,581832,552455,455863,-10803,128610,267431,-8388607,1,2668,2663,2662,756,2478,-10110976,1,1,15,1,287,0,0,0,1
443355353,430625,472225,867005,947031,1500876,1477882,596459,692940,169190,212430,212497,198439,1618654,1574453,561248,561467,470971,581318,552842,456290,-10978,128368,267314,-8388607,1,2664,2668,2659,754,2480,-10110976,1,1,15,1,287,0,0,0,1
443355354,429802,471019,867791,948012,1499212,1475549,597399,693302,169563,212197,212754,198746,1618424,1575273,560596,561678,470264,581195,553267,456933,-10929,128221,267247,-8388607,1,2663,2665,2661,751,2478,-10110976,1,1,15,1,287,0,0,0,1
443355355,429029,470175,868710,949249,1497801,1472965,598391,693880,170154,212127,212953,198457,1617580,1575381,560402,562846,469867,580627,553784,457582,-10934,128290,267409,-8388607,1,2663,2661,2659,756,2477,-10110976,1,1,15,1,287,0,0,0,1
443355356,428355,469513,869801,950478,1495796,1470783,599732,694893,170517,211832,212693,197533,1616315,1574794,561546,564481,469211,580179,554212,457910,-11033,128225,267395,-8388607,1,2661,2667,2661,757,2480,-10110976,1,1,15,1,287,0,0,0,1
443355357,427878,469308,870949,951850,1493963,1469497,601187,696283,170933,211975,212372,197491,1615456,1573696,564159,567210,468645,579501,555156,458505,-10948,128334,267321,-8388607,1,2663,2665,2664,754,2479,-10110976,1,1,15,1,287,0,0,0,1
443355358,427630,469209,872394,953362,1492471,1468450,602118,698504,171100,212211,212283,197776,1615101,1572558,567346,569767,468116,578974,556187,458982,-10895,128534,267395,-8388607,1,2667,2663,2666,755,2477,-10110976,1,1,15,1,287,0,0,0,1
443355359,427389,469294,873915,955111,1490983,1468270,603018,701273,171045,212264,212520,198400,1615474,1571931,570848,572329,467711,578404,556906,459703,-10781,128707,267360,-8388607,1,2665,2666,2661,757,2475,-10110976,1,1,15,1,287,0,0,0,1
443355360,427493,469235,875741,956770,1489669,1468128,604636,703871,170778,212336,212788,199055,1615760,1571534,573998,574836,467477,578213,557803,460327,-10611,128812,267347,-8388607,1,2659,2668,2666,753,2481,-10110976,1,1,15,1,287,0,0,0,1
443355361,427718,468933,877435,958246,1488766,1467269,606281,706269,170303,212440,212767,199629,1616168,1571514,576459,577215,467083,578445,558165,461283,-10615,128827,267428,-8388607,1,2661,2664,2666,752,2478,-10110976,1,1,15,1,287,0,0,0,1
443355362,427598,468707,878951,959590,1487441,1465876,608133,708267,170124,212191,212807,199707,1615344,1570736,578715,579858,467136,578609,558751,461971,-10475,129237,267503,-8388607,1,2664,2668,2666,757,2473,-10110976,1,1,15,1,287,0,0,0,1
443355363,427338,468050,880103,960852,1486298,1464436,610196,709928,169997,211784,212219,199122,1613456,1569163,581541,582601,466822,578542,559224,462810,-10364,129438,267328,-8388607,1,2661,2666,2658,754,2481,-10110976,1,1,15,1,287,0,0,0,1
443355364,426743,467226,880919,961863,1485066,1462766,611676,711174,169945,211691,211600,198291,1611543,1566363,584665,585008,466551,578376,559843,463698,-10226,129333,267331,-8388607,1,2663,2662,2664,752,2478,-10110976,1,1,15,1,287,0,0,0,1
443355365,425768,466393,881530,962819,1483886,1461239,612793,712353,170405,211757,211186,198014,1609836,1563177,588343,587802,466441,577826,560803,464609,-10265,129158,267425,-8388607,1,2668,2666,2662,756,2477,-10110976,1,1,15,1,287,0,0,0,1
443355366,424323,465447,882007,963989,1482252,1460183,613848,713694,170728,211471,211132,197744,1608109,1560188,591347,590188,466256,577133,561999,465558,-10575,129030,267343,-8388607,1,2660,2666,2658,757,2479,-10110976,1,1,15,1,287,0,0,0,1
443355367,423045,464559,882478,965064,1480684,1459209,615221,715020,170902,211397,211107,197860,1607219,1558210,594412,591949,466203,576557,563278,466216,-10566,128870,267495,-8388607,1,2661,2662,2664,753,2482,-10110976,1,1,15,1,287,0,0,0,1
443355368,421805,463229,883273,966118,1479293,1458209,616905,716649,171189,211273,210967,198250,1606452,1556832,597280,594079,465912,576180,564367,466947,-10840,128775,267357,-8388607,1,2666,2659,2665,753,2478,-10110976,1,1,15,1,287,0,0,0,1
443355369,420706,462147,883828,967254,1478402,1457084,618613,718508,171128,211282,210966,198768,1605458,1555661,599795,596497,465836,576016,565195,467424,-11143,128434,267390,-8388607,1,2662,2665,2662,759,2478,-10110976,1,1,15,1,287,0,0,0,1
443355370,419924,461202,884701,968243,1478110,1456346,621029,719900,171011,211593,210905,199024,1604373,1554186,602424,599534,465648,576007,565603,467878,-11099,128111,267422,-8388607,1,2658,2665,2666,757,2482,-10110976,1,1,15,1,287,0,0,0,1
443355371,419438,460467,885707,969281,1478423,1455790,623062,721377,170843,211440,210855,199208,1602656,1552695,606130,602734,464883,575598,566145,468245,-11082,128242,267439,-8388607,1,2662,2661,2668,754,2478,-10110976,1,1,15,1,287,0,0,0,1
443355372,419354,459827,886794,970444,1479435,1455645,624768,723013,171140,211473,210926,199693,1601035,1551082,609597,606469,464307,574946,566980,468820,-10900,128579,267527,-8388607,1,2663,2664,2662,758,2475,-10110976,1,1,15,1,287,0,0,0,1
443355373,419263,459387,887858,971650,1480059,1456061,626233,724906,171556,211877,211074,200363,1599226,1549131,612964,609709,463518,574355,567876,469453,-10727,128612,267479,-8388607,1,2661,2668,2659,754,2479,-10110976,1,1,15,1,287,0,0,0,1
443355374,419344,459034,888782,973150,1480801,1457027,627355,726836,172085,211868,211357,200756,1597742,1547388,615512,612007,462870,573549,568755,470086,-10512,128921,267422,-8388607,1,2666,2662,2665,751,2477,-10110976,1,1,15,1,287,0,0,0,1
443355375,419266,459095,890097,974809,1481316,1457512,628939,729046,172723,212075,211520,201032,1595726,1545930,617302,613275,462500,573004,569442,470652,-10532,128858,267474,-8388607,1,2667,2667,2661,755,2472,-10110976,1,1,15,1,287,0,0,0,1
443355376,418824,459019,891235,976491,1482061,1457776,630423,731107,172834,211602,211222,200384,1593804,1544796,618128,614002,462049,572757,569481,470925,-10345,129144,267464,-8388607,1,2660,2670,2659,755,2477,-10110976,1,1,15,1,287,0,0,0,1
443355377,418292,458811,892637,978393,1482788,1457984,632721,733086,172729,211448,210900,199983,1591620,1542728,618593,614576,461643,572892,569502,471331,-10441,129095,267457,-8388607,1,2662,2666,2661,751,2484,-10110976,1,1,15,1,287,0,0,0,1
443355378,417506,458231,893921,979979,1483373,1457780,634792,734658,172398,210938,210212,199807,1588675,1540680,619140,615114,461213,572618,569324,472131,-10548,129005,267561,-8388607,1,2668,2663,2668,755,2474,-10110976,1,1,15,1,287,0,0,0,1
443355379,416918,457314,895189,981627,1484114,1457856,636811,736833,171861,210639,210070,200048,1585912,1538684,620017,616141,460646,572548,569949,472976,-10679,128934,267436,-8388607,1,2663,2666,2660,755,2479,-10110976,1,1,15,1,287,0,0,0,1
443355380,416383,456656,896693,982938,1484137,1458305,638946,739211,171361,210397,210008,200281,1583229,1536645,621102,617155,460220,572048,570735,474147,-10448,129085,267454,-8388607,1,2661,2664,2664,754,2482,-10110976,1,1,15,1,287,0,0,0,1
443355381,415678,455512,898163,984089,1483730,1458279,640984,741704,171039,210241,209970,200826,1580929,1535105,621634,618188,459629,571599,571554,475624,-10504,128925,267602,-8388607,1,2660,2665,2666,756,2477,-10110976,1,1,15,1,287,0,0,0,1
443355382,414922,454753,899452,985245,1482958,1457613,642919,744440,170939,210315,209771,201125,1578814,1534416,621966,618791,459024,570798,572459,476351,-10653,128855,267482,-8388607,1,2661,2665,2664,758,2477,-10110976,1,1,15,1,287,0,0,0,1
443355383,414457,453753,900539,986597,1482095,1456783,645341,746988,171266,210310,209595,200957,1577325,1533910,622126,619374,458264,570501,572753,477199,-10625,128748,267565,-8388607,1,2657,2665,2664,755,2481,-10110976,1,1,15,1,287,0,0,0,1
443355384,413680,453006,901667,988331,1481358,1455873,647791,748976,171784,210372,209019,200368,1576103,1532747,621992,619714,457685,570353,572881,477368,-10596,128852,267553,-8388607,1,2665,2662,2666,756,2478,-10110976,1,1,15,1,287,0,0,0,1
443355385,412957,452565,902831,990253,1481056,1454647,649870,750800,172222,210427,208637,199888,1574597,1531260,622497,620051,456663,569915,572620,478004,-10665,128809,267634,-8388607,1,2668,2663,2662,756,2473,-10110976,1,1,15,1,287,0,0,0,1
443355386,411935,452116,904200,992453,1480886,1453746,651842,752167,172905,210360,208590,200142,1572993,1529364,622603,620546,455604,569452,572553,478489,-10834,128666,267477,-8388607,1,2661,2666,2659,753,2479,-10110976,1,1,15,1,287,0,0,0,1
443355387,411121,451977,905781,994837,1481020,1453382,653803,753801,173426,210553,209173,200682,1571715,1527018,623281,620726,454471,568334,572678,478637,-10824,128698,267551,-8388607,1,2662,2666,2668,750,2479,-10110976,1,1,15,1,287,0,0,0,1
443355388,410520,451838,907275,997144,1481161,1453497,655573,756225,173404,210459,209513,201455,1570892,1524460,623772,621070,452922,566553,572830,478949,-10830,128659,267583,-8388607,1,2668,2664,2662,756,2476,-10110976,1,1,15,1,287,0,0,0,1
443355389,410068,451925,908963,999225,1481689,1453810,657727,758975,173450,210734,209617,202429,1570477,1522603,623607,620554,451575,565077,573119,479108,-10782,128853,267517,-8388607,1,2663,2667,2659,757,2480,-10110976,1,1,15,1,287,0,0,0,1
443355390,409817,451660,910322,1000687,1481938,1454178,660035,761568,173140,210569,209424,202630,1569995,1520692,623610,620070,450256,563835,573466,479291,-10786,128851,267575,-8388607,1,2663,2663,2664,751,2482,-10110976,1,1,15,1,287,0,0,0,1
443355391,409654,451312,911755,1002121,1482908,1454691,662547,764374,173133,210633,209178,202706,1569638,1518701,623526,619657,449509,562666,573723,479307,-10602,129102,267547,-8388607,1,2663,2662,2664,757,2478,-10110976,1,1,15,1,287,0,0,0,1
443355392,409497,450748,913194,1003503,1484303,1454870,664969,766503,172943,210544,208292,202232,1568875,1516654,624021,619794,449246,561951,573899,479564,-10401,129436,267454,-8388607,1,2661,2667,2662,760,2479,-10110976,1,1,15,1,287,0,0,0,1
443355393,409001,450065,914616,1004460,1485514,1455320,667521,768326,172626,210020,207402,201788,1568129,1514461,624907,620502,449139,561268,574607,479954,-10307,129558,267434,-8388607,1,2655,2664,2664,754,2482,-10110976,1,1,15,1,287,0,0,0,1
443355394,408373,449242,915818,1005784,1486302,1455047,670103,769964,172682,209463,207569,201541,1566603,1512434,626580,621869,449528,560847,575756,480248,-10346,129411,267511,-8388607,1,2665,2668,2665,755,2478,-10110976,1,1,15,1,287,0,0,0,1
443355395,407348,448315,916765,1006964,1486540,1453968,672162,771490,172892,209239,208086,201791,1565133,1510214,628026,623745,449990,560336,577263,480940,-10450,129193,267491,-8388607,1,2665,2665,2656,759,2473,-10110976,1,1,15,1,287,0,0,0,1
443355396,406229,447488,917381,1007941,1485573,1452821,674035,772791,172991,208990,208064,202247,1563341,1508545,629111,625110,450601,559895,578756,481620,-10705,129019,267571,-8388607,1,2659,2667,2666,754,2482,-10110976,1,1,15,1,287,0,0,0,1
443355397,405147,446399,917703,1008919,1484168,1451088,675406,774067,173148,208873,208271,202136,1560942,1506635,630201,626206,450957,559344,580502,482221,-10532,129204,267608,-8388607,1,2659,2665,2666,751,2473,-10110976,1,1,15,1,287,0,0,0,1
443355398,403907,445537,917976,1009551,1482234,1449051,676142,775317,173230,209064,208043,202382,1557975,1504087,631033,626833,451204,559078,581711,482843,-10698,129013,267550,-8388607,1,2659,2666,2663,756,2469,-10110976,1,1,15,1,287,0,0,0,1
443355399,402906,444505,918307,1010094,1480243,1447033,677206,775994,173306,209461,207737,202517,1554476,1501397,631874,627241,451299,558814,582836,483830,-10942,128765,267530,-8388607,1,2663,2667,2659,755,2480,-10110976,1,1,15,1,287,0,0,0,1
443355400,401914,443360,918561,1010825,1478655,1444992,678650,776884,173298,209891,207597,202708,1550429,1497872,632817,627889,450769,558768,583244,484435,-11003,128725,267555,-8388607,1,2665,2663,2661,749,2481,-10110976,1,1,15,1,287,0,0,0,1
443355401,401294,442410,919209,1011942,1477703,1443401,680497,778722,173574,210301,207668,202959,1546150,1494394,634200,628843,450071,558665,583792,485063,-10845,128813,267546,-8388607,1,2668,2659,2662,756,2476,-10110976,1,1,15,1,287,0,0,0,1
443355402,400745,441380,920176,1013253,1476517,1441810,682932,781042,173855,210172,207586,203301,1541514,1490812,635629,630395,448989,557927,583856,485924,-10929,128871,267588,-8388607,1,2661,2666,2659,757,2480,-10110976,1,1,15,1,287,0,0,0,1
443355403,400157,440625,921059,1014435,1474911,1440640,685265,783807,173804,210277,207793,203444,1536680,1487541,637059,632155,447929,556937,584210,486208,-11024,128695,267498,-8388607,1,2657,2664,2664,753,2482,-10110976,1,1,15,1,287,0,0,0,1
443355404,399806,439994,922025,1015682,1473758,1439590,687470,786988,173847,209875,207800,203301,1531828,1484426,638083,633956,446895,555820,584431,486691,-11167,128472,267436,-8388607,1,2663,2659,2664,756,2478,-10110976,1,1,15,1,287,0,0,0,1
443355405,399587,439806,923097,1017221,1472411,1438849,689459,790350,173777,209305,207558,203030,1527328,1481254,639332,636029,446079,554954,584907,487201,-10895,128663,267491,-8388607,1,2664,2665,2664,760,2473,-10110976,1,1,15,1,287,0,0,0,1
443355406,399438,439517,924086,1018999,1471260,1437955,691231,793036,173776,208596,207383,202694,1523496,1477970,640716,637618,445310,554481,585215,488112,-10696,129056,267646,-8388607,1,2661,2664,2664,754,2481,-10110976,1,1,15,1,287,0,0,0,1
443355407,398970,439457,925028,1020762,1470488,1436437,693012,795034,173299,208465,206885,202229,1519812,1474722,642711,639371,445051,554500,585436,489198,-10535,129180,267559,-8388607,1,2661,2665,2668,752,2477,-10110976,1,1,15,1,287,0,0,0,1
443355408,398709,439194,925995,1022186,1469524,1434627,694478,796873,173028,208418,206600,202309,1516714,1471182,645143,641044,444807,554643,585767,490444,-10619,129195,267594,-8388607,1,2664,2661,2663,757,2475,-10110976,1,1,15,1,287,0,0,0,1
443355409,398394,438859,927127,1023656,1468061,1432138,696184,798259,172851,208534,206489,202686,1513401,1467959,647511,643184,444154,555288,585970,491686,-10729,129158,267474,-8388607,1,2661,2666,2662,754,2480,-10110976,1,1,15,1,287,0,0,0,1
443355410,398170,438211,927658,1024897,1466004,1428845,697489,799491,172660,208651,206737,202917,1510212,1464725,649241,645238,443791,555643,586531,492977,-10627,129304,267574,-8388607,1,2664,2661,2666,751,2482,-10110976,1,1,15,1,287,0,0,0,1
443355411,397443,437451,928035,1025945,1463497,1425807,698449,800438,172757,208923,206904,203152,1507060,1461507,650770,647209,443319,555744,587096,494195,-10343,129445,267400,-8388607,1,2668,2662,2662,755,2478,-10110976,1,1,15,1,287,0,0,0,1
443355412,396691,436597,927800,1026824,1460796,1423306,699042,801160,173132,209217,207050,203145,1504049,1458174,652185,648708,442877,555436,587679,495168,-10198,129586,267574,-8388607,1,2660,2663,2659,755,2480,-10110976,1,1,15,1,287,0,0,0,1
443355413,395524,435485,927570,1027478,1458545,1421056,699520,801917,173530,209206,207210,203066,1502049,1454973,653718,649625,441792,554569,588529,495714,-10223,129466,267725,-8388607,1,2661,2664,2661,754,2482,-10110976,1,1,15,1,287,0,0,0,1
443355414,394225,434472,927458,1028369,1456791,1419136,700200,802524,173711,209453,207244,202942,1499715,1450681,656038,650407,441445,554207,589055,496026,-10320,129508,267558,-8388607,1,2663,2659,2662,756,2477,-10110976,1,1,15,1,287,0,0,0,1
443355415,392671,433247,927414,1029226,1455420,1417763,701285,803298,174062,209381,207323,202710,1498439,1446966,658456,651493,440684,553647,589245,496291,-10477,129146,267462,-8388607,1,2661,2667,2659,758,2478,-10110976,1,1,15,1,287,0,0,0,1
443355416,391037,432118,927375,1030658,1454149,1416444,703317,804293,174091,209479,207624,202957,1497212,1443210,660519,652675,439924,552934,589552,496649,-10746,128820,267435,-8388607,1,2666,2663,2662,755,2482,-10110976,1,1,15,1,287,0,0,0,1
443355417,389785,430941,927680,1031961,1453093,1415258,705700,805797,174328,209769,208027,203266,1495750,1440248,662904,654095,439184,552010,589685,497106,-10980,128667,267486,-8388607,1,2665,2661,2665,755,2477,-10110976,1,1,15,1,287,0,0,0,1
443355418,388721,429680,928210,1033201,1451468,1414383,707963,807678,174152,209724,208169,203517,1494259,1437720,664872,656225,438300,551265,590287,497240,-11165,128552,267465,-8388607,1,2663,2665,2661,752,2475,-10110976,1,1,15,1,287,0,0,0,1
443355419,387757,428698,928951,1034745,1449709,1414015,709861,809645,173675,209768,207612,203280,1492512,1434996,665845,658243,437632,550626,590938,497913,-11157,128353,267498,-8388607,1,2659,2665,2663,757,2487,-10110976,1,1,15,1,287,0,0,0,1
443355420,387055,427978,929838,1035799,1447619,1413896,710624,811738,173250,209541,207152,202850,1490510,1432966,666453,659507,437163,549601,591740,498502,-11277,128402,267430,-8388607,1,2664,2666,2666,754,2475,-10110976,1,1,15,1,287,0,0,0,1
443355421,386707,427265,930837,1036997,1445953,1414077,711793,813511,172833,209207,206824,202573,1488501,1430732,667156,660224,437124,548976,592553,499064,-11295,128503,267376,-8388607,1,2670,2662,2662,757,2475,-10110976,1,1,15,1,287,0,0,0,1
443355422,386822,426834,931960,1038530,1444470,1414074,712819,815440,172736,208972,206938,202131,1487026,1428838,667757,661259,437479,548990,593838,500171,-10792,128849,267535,-8388607,1,2661,2666,2662,755,2479,-10110976,1,1,15,1,287,0,0,0,1
443355423,387038,426439,933266,1040106,1443235,1413342,713827,817249,172593,208488,206799,201941,1485023,1426546,668074,661711,437646,548954,594619,500788,-10711,129156,267518,-8388607,1,2663,2664,2665,751,2481,-10110976,1,1,15,1,287,0,0,0,1
443355424,387103,425933,934463,1041410,1442293,1411986,715129,818797,172564,208617,207189,202154,1482779,1424639,668114,661828,437601,548960,595301,501279,-10429,129111,267464,-8388607,1,2663,2662,2662,756,2478,-10110976,1,1,15,1,287,0,0,0,1
443355425,386819,425571,935678,1042719,1441177,1410960,716678,820349,172990,208903,207687,202354,1480601,1423072,668248,662109,437463,548813,596266,501897,-10477,129256,267474,-8388607,1,2663,2663,2661,755,2480,-10110976,1,1,15,1,287,0,0,0,1
443355426,386290,425034,936503,1043727,1440266,1409574,717837,822092,173078,209129,207967,202414,1477769,1421810,667755,662882,436855,548312,597343,502510,-10551,129402,267626,-8388607,1,2659,2663,2666,752,2481,-10110976,1,1,15,1,287,0,0,0,1
443355427,385772,424212,937124,1044825,1439125,1408353,719271,824211,173142,209712,208008,202091,1474861,1420981,666902,663698,436292,547677,598039,503080,-10394,129516,267485,-8388607,1,2663,2659,2664,756,2476,-10110976,1,1,15,1,287,0,0,0,1
443355428,384791,423018,937615,1045847,1437991,1406876,720743,826378,173164,209946,207944,201942,1472166,1420182,666822,663890,435586,546856,599063,503775,-10485,129382,267405,-8388607,1,2661,2664,2662,757,2476,-10110976,1,1,15,1,287,0,0,0,1
443355429,383865,421779,937961,1046569,1436647,1405153,722241,828102,173266,210355,208388,202023,1469952,1419748,666758,664417,434769,546176,599516,504266,-10452,129215,267408,-8388607,1,2661,2664,2664,754,2482,-10110976,1,1,15,1,287,0,0,0,1
443355430,382839,420671,938348,1047285,1434926,1402980,723939,830019,173642,210787,208847,202384,1467948,1419155,667145,664855,434072,545620,599809,504504,-10555,129155,267410,-8388607,1,2661,2663,2665,755,2478,-10110976,1,1,15,1,287,0,0,0,1
443355431,381750,419114,938698,1047983,1432917,1399964,725134,831038,173603,210795,209003,202594,1466677,1418641,667999,664931,433345,544892,600009,504760,-10591,128932,267387,-8388607,1,2661,2665,2661,758,2474,-10110976,1,1,15,1,287,0,0,0,1
443355432,380481,417786,939164,1048813,1430429,1396915,726266,831448,173522,210713,209373,202309,1465093,1418207,668911,665239,432782,544258,600277,505216,-10836,128799,267398,-8388607,1,2659,2668,2666,752,2481,-10110976,1,1,15,1,287,0,0,0,1
443355433,379312,416553,939597,1050003,1428097,1393849,727208,831849,173501,210750,209389,202250,1463394,1417429,669179,665498,432411,543754,600450,505766,-10776,128871,267489,-8388607,1,2666,2663,2664,750,2478,-10110976,1,1,15,1,287,0,0,0,1
443355434,378173,415500,940144,1051540,1425478,1391060,728083,832166,173147,210180,209251,201715,1461507,1416846,669718,666269,431607,543196,600794,506476,-11064,128503,267373,-8388607,1,2663,2666,2662,758,2478,-10110976,1,1,15,1,287,0,0,0,1
443355435,377254,414919,941276,1053343,1423193,1388452,729314,832806,172837,210311,208876,201189,1459701,1415979,670536,667050,430966,542773,601422,507504,-11138,128448,267405,-8388607,1,2659,2670,2659,753,2480,-10110976,1,1,15,1,287,0,0,0,1
443355436,376576,414604,942599,1055333,1421127,1386331,730981,834170,172399,209991,208403,200895,1458466,1414921,671618,667524,430413,542545,602287,508350,-11320,128449,267308,-8388607,1,2662,2665,2665,751,2482,-10110976,1,1,15,1,287,0,0,0,1
443355437,376189,414472,943675,1057362,1419352,1384701,732841,836235,172041,209959,208407,200808,1457781,1413340,672676,668094,429987,541900,602850,509250,-11332,128567,267456,-8388607,1,2667,2659,2664,756,2478,-10110976,1,1,15,1,287,0,0,0,1
443355438,375981,414091,944768,1059191,1417874,1383310,735235,838191,171688,209843,208678,200949,1457474,1411131,674126,668127,429388,541377,603261,509558,-11106,128629,267473,-8388607,1,2668,2664,2662,760,2477,-10110976,1,1,15,1,287,0,0,0,1
443355439,375937,414346,945703,1060691,1416550,1382077,737417,840416,171766,209935,209217,200856,1457535,1409415,676142,668505,428931,540772,603687,509565,-10602,128811,267475,-8388607,1,2659,2665,2666,753,2481,-10110976,1,1,15,1,287,0,0,0,1
443355440,375843,414269,946823,1061830,1415027,1380507,739448,841978,171791,210259,209548,200975,1457360,1407427,677628,669297,428444,540474,604106,509839,-10486,129269,267458,-8388607,1,2661,2663,2664,755,2479,-10110976,1,1,15,1,287,0,0,0,1
443355441,375671,413617,947732,1062665,1413082,1378500,741050,843014,171769,210137,209288,200745,1456806,1405003,679078,670415,427784,539288,604578,509608,-10469,129389,267377,-8388607,1,2663,2664,2660,758,2478,-10110976,1,1,15,1,287,0,0,0,1
443355442,375238,413030,948689,1063321,1410509,1375623,742149,843919,172001,210647,209507,200536,1455964,1402556,680928,671931,427076,538456,604921,509894,-10285,129629,267374,-8388607,1,2663,2668,2668,754,2487,-10110976,1,1,15,1,287,0,0,0,1
443355443,374382,412018,949510,1063872,1407407,1372381,742642,844329,172133,210833,209819,200151,1454731,1400138,682670,673770,425822,537236,605480,510222,-10205,129584,267329,-8388607,1,2665,2662,2666,754,2478,-10110976,1,1,15,1,287,0,0,0,1
443355444,373248,410786,950275,1064215,1403948,1368909,742953,844545,172139,211002,209818,200012,1453746,1397548,684533,675784,424926,536059,605812,510226,-10250,129470,267350,-8388607,1,2660,2667,2664,755,2473,-10110976,1,1,15,1,287,0,0,0,1
443355445,371866,409213,950956,1064272,1400197,1365498,742912,844561,172248,211339,210323,200368,1452472,1394873,686532,677715,424358,535306,605778,510404,-10585,129237,267395,-8388607,1,2661,2666,2659,754,2479,-10110976,1,1,15,1,287,0,0,0,1
443355446,370428,407663,951697,1064036,1396918,1362336,742578,844282,172321,211456,210661,200628,1451026,1392115,688317,679248,423841,534103,606037,510535,-10734,129009,267468,-8388607,1,2661,2664,2662,751,2478,-10110976,1,1,15,1,287,0,0,0,1
443355447,368990,406047,952420,1063732,1394025,1359671,742688,844032,172347,211585,211103,200643,1448828,1389626,689714,680671,423509,533378,606402,511154,-10810,128946,267415,-8388607,1,2666,2661,2664,756,2476,-10110976,1,1,15,1,287,0,0,0,1
443355448,367772,404371,953097,1063995,1391332,1357165,743062,844537,172030,211635,210927,200490,1446324,1386745,691298,682458,423276,533079,606935,512049,-10939,128835,267434,-8388607,1,2663,2666,2659,754,2479,-10110976,1,1,15,1,287,0,0,0,1
443355449,366322,402687,954217,1064543,1389312,1355076,743943,845975,171708,211302,210777,200089,1443283,1384361,692582,684404,423032,532676,607534,512814,-11042,128708,267315,-8388607,1,2661,2664,2664,755,2482,-10110976,1,1,15,1,287,0,0,0,1
443355450,365477,401461,955528,1065471,1387967,1353529,745783,848289,171513,210966,210491,199602,1439802,1382423,694240,686509,422676,532466,607873,513927,-11125,128508,267386,-8388607,1,2666,2663,2661,754,2478,-10110976,1,1,15,1,287,0,0,0,1
443355451,364463,400509,956813,1066752,1386949,1352081,748133,850652,171218,210938,210336,199273,1436504,1380750,696014,689410,422005,532496,608328,515012,-11336,128339,267322,-8388607,1,2660,2665,2662,757,2475,-10110976,1,1,15,1,287,0,0,0,1
443355452,363647,399763,958423,1068362,1386069,1350690,750478,853262,171136,210724,210562,199190,1433737,1379342,697979,692155,421264,532564,608804,516198,-11219,128492,267366,-8388607,1,2659,2667,2663,755,2479,-10110976,1,1,15,1,287,0,0,0,1
443355453,363085,399445,959832,1069989,1384733,1348546,752221,855139,171018,210689,210295,199102,1430723,1378100,699926,694913,420550,532338,609108,517208,-11026,128592,267402,-8388607,1,2665,2661,2664,754,2478,-10110976,1,1,15,1,287,0,0,0,1
443355454,362644,399341,961251,1071944,1382723,1346224,753362,856871,170864,210767,210643,198970,1427624,1376622,702209,697461,419933,532211,609620,518229,-11002,128789,267339,-8388607,1,2665,2666,2662,758,2475,-10110976,1,1,15,1,287,0,0,0,1
443355455,362299,399436,962469,1073813,1379707,1343088,753693,858047,170682,211092,210672,199153,1424645,1375103,704515,700113,418968,532068,609943,519319,-10872,129256,267401,-8388607,1,2657,2668,2663,754,2479,-10110976,1,1,15,1,287,0,0,0,1
443355456,362185,399341,963997,1076041,1376212,1339266,753811,859118,170651,211349,210715,198949,1422057,1373309,706928,702646,418294,531557,610106,519644,-10622,129366,267378,-8388607,1,2661,2664,2666,751,2477,-10110976,1,1,15,1,287,0,0,0,1
443355457,361979,399058,965552,1077921,1372290,1335339,754183,859707,170748,211528,210715,198580,1419005,1371695,709291,705135,417684,531210,610406,520682,-10451,129455,267333,-8388607,1,2664,2663,2662,757,2476,-10110976,1,1,15,1,287,0,0,0,1
443355458,361484,398692,966636,1079466,1368909,1331037,754746,860092,170949,211592,210901,198838,1416356,1369910,711787,707997,416796,530677,610367,521386,-10440,129608,267272,-8388607,1,2663,2665,2659,755,2480,-10110976,1,1,15,1,287,0,0,0,1
443355459,360697,397942,967609,1080600,1366014,1327310,755313,859884,170951,211774,211219,198880,1413875,1368317,713784,709851,415793,530154,610425,522030,-10392,129382,267291,-8388607,1,2663,2662,2664,752,2482,-10110976,1,1,15,1,287,0,0,0,1
443355460,359675,396986,968437,1081351,1363393,1324210,756128,859981,171145,212087,211629,198950,1411861,1366504,715816,711612,415214,529984,610807,523025,-10394,129491,267297,-8388607,1,2662,2663,2663,757,2476,-10110976,1,1,15,1,287,0,0,0,1
443355461,358678,395802,968933,1082068,1360996,1321582,756906,860478,171237,212019,211921,199065,1410499,1364683,717867,712756,414772,529302,611547,523939,-10231,129597,267293,-8388607,1,2662,2667,2659,757,2480,-10110976,1,1,15,1,287,0,0,0,1
443355462,357300,394387,969473,1082494,1358754,1319022,758138,861152,171138,212078,211777,199047,1409359,1362634,719720,713758,414624,528598,612304,524691,-10479,129465,267215,-8388607,1,2665,2665,2664,754,2481,-10110976,1,1,15,1,287,0,0,0,1
443355463,355965,392949,970216,1082847,1357087,1317256,759783,862618,170781,212075,211884,198696,1408928,1360594,721795,714562,414827,528052,613539,525521,-10620,129255,267246,-8388607,1,2665,2659,2664,755,2477,-10110976,1,1,15,1,287,0,0,0,1
443355464,354547,391463,970784,1083071,1355366,1315419,761752,864461,170582,211890,211818,198359,1408723,1359522,723931,715813,415067,527566,614423,525735,-10961,128976,267233,-8388607,1,2664,2663,2663,758,2477,-10110976,1,1,15,1,287,0,0,0,1
443355465,353009,390004,971460,1083241,1353998,1313428,764069,866104,170462,211500,211419,197932,1408804,1358379,726458,717230,414986,527270,615410,526213,-10986,128958,267314,-8388607,1,2658,2668,2663,755,2482,-10110976,1,1,15,1,287,0,0,0,1
443355466,351801,388611,972212,1083293,1352606,1311406,765752,867026,170187,211687,211385,197753,1409139,1357453,728290,718688,414950,526888,616561,526849,-10850,128951,267274,-8388607,1,2655,2664,2664,752,2478,-10110976,1,1,15,1,287,0,0,0,1
443355467,350581,387175,973028,1083089,1351201,1309224,766746,867610,170002,211477,211401,197937,1409163,1356427,729798,720121,414511,526547,617511,527182,-11238,128763,267353,-8388607,1,2662,2666,2662,757,2471,-10110976,1,1,15,1,287,0,0,0,1
443355468,349645,386152,974007,1083116,1349546,1306876,767166,867965,169719,211367,211485,198040,1409005,1355282,731243,720926,414152,525928,618475,527806,-11334,128699,267301,-8388607,1,2661,2666,2658,754,2480,-10110976,1,1,15,1,287,0,0,0,1
443355469,349129,385067,975039,1083179,1347470,1304461,767620,868183,169793,211413,211600,198147,1408889,1353985,732073,721396,413658,525388,619481,528284,-11205,128728,267252,-8388607,1,2665,2664,2667,750,2479,-10110976,1,1,15,1,287,0,0,0,1
443355470,348738,384192,976081,1083468,1345049,1302206,768070,868962,169799,211389,211651,197815,1408535,1352552,732603,721426,412952,524373,620262,528594,-11128,128852,267335,-8388607,1,2663,2666,2662,755,2477,-10110976,1,1,15,1,287,0,0,0,1
443355471,348230,383433,976699,1083303,1343061,1300351,768386,870355,169749,211470,211501,197452,1408067,1350884,732732,721018,412455,523395,620738,528286,-10933,129090,267287,-8388607,1,2658,2665,2659,753,2479,-10110976,1,1,15,1,287,0,0,0,1
443355472,347793,382830,977292,1083484,1341497,1298890,769654,872367,169780,211642,211534,197483,1407312,1350018,732935,721117,411934,522605,621210,528341,-10629,129220,267257,-8388607,1,2660,2665,2665,754,2488,-10110976,1,1,15,1,287,0,0,0,1
443355473,347369,382493,977849,1083545,1340451,1297648,771358,874210,170102,211827,211874,197992,1406524,1349199,732751,721175,411499,521788,621461,528175,-10649,129298,267263,-8388607,1,2666,2664,2666,756,2478,-10110976,1,1,15,1,287,0,0,0,1
443355474,346656,381711,977947,1083747,1339404,1296264,772881,875969,170364,212002,212093,198305,1405408,1348565,732229,721280,410773,520974,621954,528737,-10489,129750,267251,-8388607,1,2663,2663,2660,760,2475,-10110976,1,1,15,1,287,0,0,0,1
443355475,345734,381068,978068,1084047,1338176,1294907,774527,877824,170712,212291,212327,198543,1403812,1348377,731859,721830,410434,520403,622350,529655,-10567,129556,267284,-8388607,1,2661,2666,2666,752,2481,-10110976,1,1,15,1,287,0,0,0,1
443355476,344626,380124,978063,1084270,1336715,1293227,776157,879406,170654,212468,212506,198590,1402547,1348201,731593,722152,409812,520154,623073,530637,-10499,129617,267201,-8388607,1,2668,2665,2668,754,2478,-10110976,1,1,15,1,287,0,0,0,1
443355477,343474,379004,978415,1084612,1334639,1291012,777761,881186,170648,212453,212418,198495,1401214,1348402,731894,722642,409222,519951,623702,531391,-10505,129485,267272,-8388607,1,2661,2664,2664,758,2477,-10110976,1,1,15,1,287,0,0,0,1
443355478,342165,377841,978636,1084940,1332396,1288664,779195,883212,170752,212436,212190,198267,1400498,1348356,732570,724158,408713,519567,624094,532373,-10710,129312,267264,-8388607,1,2657,2669,2662,755,2481,-10110976,1,1,15,1,287,0,0,0,1
443355479,340879,376584,979044,1085377,1329549,1286172,780302,884411,170505,212229,211836,197958,1399753,1348657,733297,724971,408190,519238,624279,532882,-10824,129186,267110,-8388607,1,2662,2661,2666,751,2477,-10110976,1,1,15,1,287,0,0,0,1
443355480,339650,375022,979960,1085750,1327136,1282529,781227,885249,170513,212001,211676,198077,1398504,1349067,734409,726279,407687,518992,624651,533586,-10996,128982,267168,-8388607,1,2668,2659,2662,755,2475,-10110976,1,1,15,1,287,0,0,0,1
443355481,338478,373629,980809,1086535,1324788,1278846,781935,885402,170284,211676,211601,197872,1397323,1348964,735471,727759,406993,518479,624743,534083,-10984,128845,267189,-8388607,1,2661,2665,2662,756,2477,-10110976,1,1,15,1,287,0,0,0,1
443355482,337629,372430,982331,1087797,1322761,1275412,782785,885557,170094,211491,211332,198058,1395944,1348481,736632,729145,405966,517932,625026,534734,-11155,128735,267194,-8388607,1,2661,2663,2666,750,2481,-10110976,1,1,15,1,287,0,0,0,1
443355483,336826,371301,983972,1089248,1321087,1271791,783804,885798,170023,211375,211517,198137,1394400,1347487,737647,730344,404851,517051,624959,534999,-11343,128603,267045,-8388607,1,2665,2663,2664,757,2477,-10110976,1,1,15,1,287,0,0,0,1
443355484,336401,370556,985391,1090625,1319474,1269057,785566,887055,170062,211192,211354,198231,1393155,1346406,738806,731068,403533,516259,625011,535236,-11348,128541,267189,-8388607,1,2663,2666,2659,760,2480,-10110976,1,1,15,1,287,0,0,0,1
443355485,336092,370044,986714,1091760,1318143,1266898,787541,889269,170007,211254,211330,198117,1392210,1344814,740317,732388,402034,514978,624892,535452,-11407,128573,267153,-8388607,1,2662,2664,2661,752,2481,-10110976,1,1,15,1,287,0,0,0,1
443355486,336125,369683,987966,1092983,1317436,1265447,789840,891649,170300,211378,211224,198315,1391394,1343403,742627,733723,401029,513984,625169,535690,-10904,129073,267167,-8388607,1,2664,2661,2668,755,2478,-10110976,1,1,15,1,287,0,0,0,1
443355487,336163,369622,989079,1093912,1317108,1263998,791991,893615,170419,211449,211377,198390,1390840,1341779,744946,735689,399968,512863,625216,536007,-10599,129408,267013,-8388607,1,2661,2664,2658,758,2478,-10110976,1,1,15,1,287,0,0,0,1
443355488,336088,369496,990162,1094892,1316860,1262848,794027,895310,170962,211791,211550,198601,1390064,1339615,747600,737626,398998,511905,625368,536278,-10556,129533,267191,-8388607,1,2657,2666,2662,754,2480,-10110976,1,1,15,1,287,0,0,0,1
443355489,335892,368911,991080,1095804,1316232,1261573,795696,896604,171385,212195,211826,199217,1389247,1337365,750355,739847,398550,511356,626046,536916,-10507,129533,267130,-8388607,1,2665,2662,2666,753,2478,-10110976,1,1,15,1,287,0,0,0,1
443355490,335529,368365,992154,1096430,1315117,1259878,797497,897540,171625,212178,211868,199130,1388040,1334938,752911,742233,398481,510825,626648,537474,-10478,129495,267236,-8388607,1,2669,2664,2664,757,2474,-10110976,1,1,15,1,287,0,0,0,1
443355491,335045,367254,992633,1096977,1312890,1258111,798799,898894,171719,212146,211686,199433,1386503,1332892,755596,744879,398615,510346,627427,537738,-10419,129647,267218,-8388607,1,2661,2668,2662,753,2479,-10110976,1,1,15,1,287,0,0,0,1
443355492,334342,366068,992874,1097250,1310417,1256141,799965,900168,171992,212046,211531,199542,1384898,1330294,758337,747408,398753,509906,628367,538063,-10277,129744,267138,-8388607,1,2662,2663,2667,749,2479,-10110976,1,1,15,1,287,0,0,0,1
443355493,333287,364773,992631,1096941,1307687,1254217,801043,901553,171778,211839,211105,199123,1382835,1327953,760709,749476,398499,509451,629331,538522,-10469,129401,267100,-8388607,1,2664,2667,2664,755,2476,-10110976,1,1,15,1,287,0,0,0,1
443355494,332160,363239,992336,1096459,1304867,1252525,801505,902565,171618,211528,210657,199072,1380720,1325037,763139,751717,398368,509019,630071,539280,-10454,129359,267242,-8388607,1,2662,2663,2659,754,2479,-10110976,1,1,15,1,287,0,0,0,1
443355495,330797,361808,992231,1096245,1302493,1250884,802316,903403,171524,211109,210547,199041,1378156,1322121,765538,753808,397765,508627,630927,540153,-10558,129247,267241,-8388607,1,2663,2662,2666,752,2481,-10110976,1,1,15,1,287,0,0,0,1
443355496,329475,360321,992217,1095752,1300778,1249667,803458,904483,171304,211014,210663,199263,1374985,1318890,767531,755642,397058,508534,631395,541266,-10666,129055,267123,-8388607,1,2666,2662,2664,757,2477,-10110976,1,1,15,1,287,0,0,0,1
443355497,328133,358719,992316,1095618,1299372,1248124,805301,906240,171213,210892,210375,199359,1371579,1315679,769430,757271,396183,508143,631529,541807,-10884,128859,267200,-8388607,1,2662,2665,2661,756,2477,-10110976,1,1,15,1,287,0,0,0,1
443355498,327127,357362,992842,1095771,1298506,1246986,807731,908918,170999,210644,210602,199522,1368372,1312861,771424,759554,395110,507517,631231,542578,-11059,128688,267167,-8388607,1,2657,2665,2665,755,2484,-10110976,1,1,15,1,287,0,0,0,1
443355499,325983,356006,993779,1096091,1297527,1246278,810439,912041,171057,210726,210275,199543,1365246,1310288,773458,761502,394031,506685,631238,543192,-10929,128637,267141,-8388607,1,2661,2661,2666,755,2476,-10110976,1,1,15,1,287,0,0,0,1
443355500,325221,355041,995221,1096585,1296717,1245326,812886,915041,171263,210773,210024,199611,1362235,1308040,775572,763541,393309,505980,631285,543243,-11052,128499,267052,-8388607,1,2665,2665,2664,760,2473,-10110976,1,1,15,1,287,0,0,0,1
443355501,324717,354290,996760,1097291,1295634,1244222,814691,917320,171634,210913,209952,199692,1359585,1305762,777831,765774,392411,505108,631274,543946,-11293,128512,267155,-8388607,1,2666,2670,2663,753,2481,-10110976,1,1,15,1,287,0,0,0,1
443355502,324590,353813,998590,1098390,1294922,1242529,816305,918949,172063,211138,210008,200049,1357413,1304065,780189,767919,391629,504357,631290,544511,-11078,128567,267080,-8388607,1,2664,2664,2668,750,2480,-10110976,1,1,15,1,287,0,0,0,1
443355503,324702,353476,1000582,1099562,1293920,1240275,817796,920083,172237,211320,210071,200119,1355338,1302596,782262,769998,390938,503887,631453,545334,-10993,128778,266994,-8388607,1,2665,2666,2663,757,2477,-10110976,1,1,15,1,287,0,0,0,1
443355504,324890,353529,1002481,1100765,1292809,1236983,819488,920520,172520,211367,210241,200581,1353609,1301308,784184,771788,390360,503570,631646,546450,-10550,129099,267106,-8388607,1,2659,2669,2662,754,2477,-10110976,1,1,15,1,287,0,0,0,1
443355505,324873,353451,1003870,1101540,1291270,1233340,820756,921077,172594,211150,210214,200724,1351981,1300438,785732,773355,389606,503597,631726,547200,-10561,129306,267138,-8388607,1,2666,2664,2665,751,2479,-10110976,1,1,15,1,287,0,0,0,1
443355506,324711,353185,1005092,1102528,1289275,1229753,822177,921846,172348,211257,210003,200750,1350680,1299542,787681,775167,388991,503332,631899,547932,-10434,129563,267015,-8388607,1,2667,2661,2661,751,2477,-10110976,1,1,15,1,287,0,0,0,1
443355507,324429,352893,1006640,1103711,1287041,1226749,823511,922943,172446,211002,209756,200830,1349787,1298748,789528,776597,388686,503076,632462,548527,-10214,129808,267045,-8388607,1,2663,2663,2661,756,2476,-10110976,1,1,15,1,287,0,0,0,1
443355508,323984,352292,1007991,1104802,1284683,1224196,824258,923977,172358,210672,209509,200642,1349295,1298111,791245,777962,388345,502426,633081,549050,-10249,129806,267088,-8388607,1,2659,2665,2664,751,2481,-10110976,1,1,15,1,287,0,0,0,1
443355509,322900,351335,1008945,1105809,1282864,1222913,825135,925209,171965,210541,209278,200625,1348913,1297450,792738,778966,387947,501701,634271,549576,-10461,129534,267005,-8388607,1,2661,2662,2664,756,2478,-10110976,1,1,15,1,287,0,0,0,1
443355510,321915,350243,1009863,1106862,1281442,1222000,826802,926776,172136,210438,209211,200596,1348748,1296790,793904,779518,387805,500954,635584,550146,-10512,129467,267007,-8388607,1,2663,2664,2660,759,2478,-10110976,1,1,15,1,287,0,0,0,1
443355511,320852,348988,1010647,1107309,1280532,1221150,828955,928679,172076,210105,209055,200988,1348654,1296538,795002,780500,387680,500338,636389,550530,-10731,129373,266987,-8388607,1,2658,2661,2664,753,2481,-10110976,1,1,15,1,287,0,0,0,1
443355512,319848,347786,1011131,1108171,1279221,1220644,831436,931138,172087,210005,208947,200953,1349194,1296402,795942,781391,387447,499464,637116,550740,-10680,129247,266865,-8388607,1,2665,2661,2668,754,2478,-10110976,1,1,15,1,287,0,0,0,1
443355513,318682,346550,1011591,1108969,1277985,1220209,834336,933922,171994,209778,208625,201036,1349713,1296678,796894,782497,386954,498993,637736,550763,-10928,129127,266995,-8388607,1,2665,2666,2661,754,2475,-10110976,1,1,15,1,287,0,0,0,1
443355514,317444,345366,1012216,1109617,1276835,1219790,836788,936715,172248,209711,208699,201041,1350475,1296901,798034,783438,386654,498425,638181,551125,-11083,128730,266957,-8388607,1,2655,2670,2660,754,2480,-10110976,1,1,15,1,287,0,0,0,1
443355515,316399,344311,1012823,1110638,1275602,1219205,838558,939036,172337,209971,208391,201314,1351469,1297448,799013,784598,386347,497846,639009,551709,-11128,128899,266950,-8388607,1,2664,2666,2665,751,2488,-10110976,1,1,15,1,287,0,0,0,1
443355516,315710,343542,1013716,1111463,1274862,1218592,840275,940902,172768,209861,208325,201491,1352326,1297623,799750,785266,386085,497142,639943,552503,-11197,128763,266877,-8388607,1,2668,2663,2662,756,2476,-10110976,1,1,15,1,287,0,0,0,1
443355517,315110,342657,1014582,1112090,1274343,1217905,841853,942704,172894,210107,208477,201661,1353118,1298118,800271,786109,385714,496414,640963,552881,-11262,128747,266751,-8388607,1,2664,2664,2659,757,2475,-10110976,1,1,15,1,287,0,0,0,1
443355518,314845,342095,1015398,1112826,1274154,1216803,843868,944603,173059,210159,208718,202033,1354035,1298654,801045,786540,385611,495581,641897,553325,-11152,128787,266944,-8388607,1,2658,2663,2667,754,2484,-10110976,1,1,15,1,287,0,0,0,1
443355519,314671,341527,1016171,1113280,1273980,1216061,846197,946852,173207,210483,208572,202328,1354798,1299208,801872,787496,385142,494850,642288,553583,-11004,128918,266833,-8388607,1,2663,2659,2664,757,2477,-10110976,1,1,15,1,287,0,0,0,1
443355520,314575,340942,1016914,1113611,1273754,1214961,848524,949518,173436,210546,208532,202480,1354983,1299343,802458,788591,384717,494317,642605,553756,-10651,129233,266789,-8388607,1,2661,2664,2660,759,2479,-10110976,1,1,15,1,287,0,0,0,1
443355521,314426,340223,1017866,1113884,1273097,1213700,850981,952183,173286,209855,208332,201975,1354855,1299501,803053,789551,384196,493857,643158,554262,-10480,129335,266744,-8388607,1,2666,2665,2665,753,2484,-10110976,1,1,15,1,287,0,0,0,1
443355522,314068,339672,1018867,1114180,1272454,1212961,852947,954692,173327,209804,208058,202022,1354502,1299705,803713,790394,383534,493559,643681,555341,-10454,129482,266902,-8388607,1,2666,2663,2665,754,2478,-10110976,1,1,15,1,287,0,0,0,1
443355523,313481,338747,1019829,1114355,1271905,1212153,854874,956850,173334,209679,207979,202155,1353652,1299214,804298,791187,382785,493016,644346,556295,-10396,129477,266851,-8388607,1,2664,2665,2662,757,2475,-10110976,1,1,15,1,287,0,0,0,1
443355524,312694,337583,1020502,1114643,1271640,1211271,856790,958862,173077,209346,207762,202126,1353091,1298622,804934,791500,382068,492708,644764,557283,-10517,129341,266795,-8388607,1,2659,2668,2666,754,2481,-10110976,1,1,15,1,287,0,0,0,1
443355525,311792,336548,1021329,1115115,1271394,1210194,858848,960405,172996,209448,208013,202312,1351780,1297917,805992,792142,381377,492188,645232,558190,-10283,129435,266678,-8388607,1,2661,2662,2666,751,2478,-10110976,1,1,15,1,287,0,0,0,1
443355526,310582,335311,1022150,1115588,1270458,1208714,861020,961944,173116,209539,207909,202609,1350540,1297417,807313,793098,380809,491931,645475,558638,-10478,129409,266713,-8388607,1,2665,2664,2662,758,2475,-10110976,1,1,15,1,287,0,0,0,1
443355527,309403,334114,1023040,1116245,1269369,1206991,863407,963267,173161,209595,207758,202599,1349471,1296616,808869,794549,380354,491447,645488,559276,-10574,129215,266816,-8388607,1,2663,2666,2659,754,2479,-10110976,1,1,15,1,287,0,0,0,1
443355528,308183,333132,1023997,1116781,1268178,1205053,865348,964272,173202,209735,207686,202782,1347918,1295915,810662,796133,380016,491073,645600,559817,-10866,128764,266730,-8388607,1,2663,2663,2664,752,2482,-10110976,1,1,15,1,287,0,0,0,1
443355529,306931,332028,1024946,1117376,1267097,1203438,867121,965839,173404,209548,207504,202378,1346257,1295080,812462,798030,379247,490418,645572,560293,-11221,128622,266717,-8388607,1,2665,2659,2662,756,2478,-10110976,1,1,15,1,287,0,0,0,1
443355530,306020,331117,1025604,1118246,1266519,1202356,869052,967467,173647,209498,207430,202460,1344792,1294421,814944,800114,378404,489826,645744,561203,-11155,128708,266860,-8388607,1,2658,2668,2662,759,2479,-10110976,1,1,15,1,287,0,0,0,1
443355531,305357,330552,1026261,1118946,1266429,1201836,871263,969389,173587,209495,207489,202793,1343487,1293352,817176,802335,377560,489436,645728,561805,-11096,128756,266796,-8388607,1,2657,2665,2664,753,2482,-10110976,1,1,15,1,287,0,0,0,1
443355532,304690,330064,1026850,1119565,1266534,1201229,873739,971903,173797,209525,207480,202695,1342682,1292074,820300,804950,376516,488905,645875,562426,-10957,128879,266727,-8388607,1,2666,2666,2666,756,2478,-10110976,1,1,15,1,287,0,0,0,1
443355533,304176,329712,1027714,1120447,1266362,1200608,876732,974836,173596,209469,207783,202888,1341789,1290484,823793,806953,375424,488019,646013,562689,-10883,129039,266861,-8388607,1,2664,2663,2662,759,2478,-10110976,1,1,15,1,287,0,0,0,1
443355534,303790,329139,1028076,1121467,1266078,1199642,879644,977705,173365,209136,207490,202585,1341123,1288932,826494,809290,374347,486884,646123,562604,-11048,129040,266749,-8388607,1,2658,2665,2664,752,2482,-10110976,1,1,15,1,287,0,0,0,1
443355535,303450,328820,1028693,1122460,1265601,1198316,882156,980426,173213,209203,207255,202552,1340395,1287345,829664,811863,373622,485842,646588,562437,-10731,129237,266683,-8388607,1,2655,2663,2664,752,2478,-10110976,1,1,15,1,287,0,0,0,1
443355536,303090,328447,1029282,1123536,1264758,1196868,884459,982890,173336,209227,207173,202536,1340125,1286241,832256,814465,372615,484972,647614,562880,-10497,129446,266808,-8388607,1,2663,2666,2666,759,2475,-10110976,1,1,15,1,287,0,0,0,1
443355537,302318,327769,1029654,1124358,1264048,1195200,885991,984549,173045,209173,207016,202485,1338179,1283854,835526,817018,372492,484357,647799,562699,-10584,129417,266719,-8388607,1,2661,2666,2666,754,2479,-10110976,1,1,15,1,287,0,0,0,1
443355538,301573,327191,1030153,1125067,1262967,1193245,887304,986154,173089,209079,206979,202689,1336890,1281839,838284,819448,371964,483260,648364,562543,-10495,129440,266568,-8388607,1,2665,2661,2667,753,2480,-10110976,1,1,15,1,287,0,0,0,1
443355539,300801,326608,1030441,1125531,1262182,1191407,888510,987388,173142,209155,207174,202470,1335695,1279815,841439,822220,371428,482528,649014,562916,-10657,129167,266562,-8388607,1,2665,2659,2659,756,2475,-10110976,1,1,15,1,287,0,0,0,1
443355540,299949,325596,1030900,1125974,1261056,1189261,889942,988632,173332,209119,207619,202671,1334824,1277727,844730,825206,370933,481911,649613,562719,-10765,129346,266500,-8388607,1,2658,2664,2659,757,2477,-10110976,1,1,15,1,287,0,0,0,1
443355541,299080,324499,1031210,1126432,1260101,1186977,891607,990114,173627,209334,207617,202736,1333718,1276278,848097,828030,370345,481091,649887,562797,-10644,129384,266689,-8388607,1,2661,2664,2664,753,2482,-10110976,1,1,15,1,287,0,0,0,1
443355542,298277,323221,1031737,1126499,1259099,1185050,893105,991488,173734,209562,207707,202538,1332455,1274409,851082,830938,369913,480569,650535,563240,-10809,129106,266687,-8388607,1,2663,2659,2666,757,2477,-10110976,1,1,15,1,287,0,0,0,1
443355543,297429,322029,1032227,1126753,1258361,1183912,894748,993034,173559,209671,207764,202449,1331077,1273074,853302,833711,369502,480051,650911,563713,-10778,129057,266564,-8388607,1,2663,2665,2661,756,2478,-10110976,1,1,15,1,287,0,0,0,1
443355544,296509,320783,1032913,1127020,1258515,1183637,896431,994759,173824,210003,207803,202698,1329412,1272000,855668,836770,369140,479536,651477,564529,-10889,129084,266640,-8388607,1,2661,2668,2665,754,2481,-10110976,1,1,15,1,287,0,0,0,1
443355545,295352,319516,1033902,1127151,1258758,1183738,898198,996618,173478,209861,207682,202394,1328056,1271233,857793,839573,368248,478717,651512,564887,-11033,128948,266574,-8388607,1,2663,2663,2666,755,2477,-10110976,1,1,15,1,287,0,0,0,1
443355546,294683,318406,1034692,1127692,1259129,1184028,900605,998626,173308,209837,207620,202528,1326783,1270795,859895,842266,367401,478204,651689,565374,-10942,129039,266548,-8388607,1,2661,2664,2662,758,2475,-10110976,1,1,15,1,287,0,0,0,1
443355547,294115,317391,1035594,1128540,1259235,1183938,903389,1000807,173128,209610,207635,202624,1325298,1269889,862019,845026,366720,477750,651946,566243,-11017,128990,266531,-8388607,1,2659,2666,2662,754,2480,-10110976,1,1,15,1,287,0,0,0,1
443355548,293600,316691,1036680,1129583,1258495,1183045,905635,1003074,173018,209586,207795,202386,1324413,1269324,864284,847359,365957,477125,652195,567068,-10795,128982,266608,-8388607,1,2665,2662,2664,751,2478,-10110976,1,1,15,1,287,0,0,0,1
443355549,293033,316181,1037751,1130805,1256964,1181522,907643,1004743,172700,209448,207640,202010,1323359,1268740,866094,849081,364977,476922,652334,567916,-10839,128911,266605,-8388607,1,2668,2664,2662,756,2475,-10110976,1,1,15,1,287,0,0,0,1
443355550,292262,315488,1038965,1132161,1254960,1179824,908942,1006055,172756,209282,207440,201685,1322131,1267717,867768,851187,364244,476798,652827,568964,-10943,129047,266504,-8388607,1,2661,2666,2662,755,2479,-10110976,1,1,15,1,287,0,0,0,1
443355551,291939,314945,1040357,1133582,1252665,1177868,910037,1007298,172769,209351,207489,201431,1320611,1267377,868957,852586,363661,476485,653202,570158,-10836,129285,266531,-8388607,1,2662,2663,2665,749,2481,-10110976,1,1,15,1,287,0,0,0,1
443355552,291403,314384,1041714,1135164,1250670,1176067,910824,1008384,172746,209458,207603,201384,1319615,1267186,870611,854351,363239,476299,653489,570938,-10722,129246,266489,-8388607,1,2668,2666,2664,755,2476,-10110976,1,1,15,1,287,0,0,0,1
443355553,291136,313828,1043159,1136822,1248478,1174000,911468,1009492,172532,209624,207725,201148,1318759,1267142,872420,856383,362866,476067,653930,571960,-10753,129202,266577,-8388607,1,2663,2667,2657,756,2479,-10110976,1,1,15,1,287,0,0,0,1
443355554,290505,313113,1044681,1138507,1246196,1171698,912665,1010728,172817,209792,208216,201605,1317788,1266607,873993,858007,362606,475847,654274,572557,-10560,129319,266420,-8388607,1,2659,2661,2665,752,2482,-10110976,1,1,15,1,287,0,0,0,1
443355555,289903,312425,1046348,1139785,1244589,1169148,914285,1012249,172946,209929,208481,201882,1317461,1266370,875887,859132,361935,475747,654871,573645,-10840,129205,266570,-8388607,1,2665,2662,2661,756,2477,-10110976,1,1,15,1,287,0,0,0,1
443355556,289003,311490,1047766,1141209,1242858,1166850,915848,1013695,172878,210313,208811,202001,1317186,1265856,877714,860128,361699,475154,655460,574345,-10834,129287,266364,-8388607,1,2660,2665,2665,760,2475,-10110976,1,1,15,1,287,0,0,0,1
443355557,288331,310767,1048825,1142451,1241552,1165084,917873,1015741,172630,210463,208891,201947,1317091,1265361,879102,860550,361278,474620,656428,575094,-10627,129416,266556,-8388607,1,2662,2668,2666,755,2481,-10110976,1,1,15,1,287,0,0,0,1
443355558,287659,309806,1049876,1143770,1240749,1163953,920100,1017876,172745,210483,209099,201893,1317200,1265267,880534,861093,360767,473910,657210,575833,-10652,129333,266392,-8388607,1,2664,2663,2664,748,2476,-10110976,1,1,15,1,287,0,0,0,1
443355559,286837,308922,1050810,1144960,1239554,1163001,922152,1020545,172945,210671,209315,201666,1317651,1265243,882323,861704,360399,473102,658399,576145,-10571,129429,266567,-8388607,1,2665,2661,2663,760,2475,-10110976,1,1,15,1,287,0,0,0,1
443355560,285649,307939,1051494,1146081,1238440,1162070,924101,1022812,172786,210693,209349,201416,1318261,1265274,883951,862327,360187,472381,659301,576683,-10416,129319,266390,-8388607,1,2663,2668,2661,756,2480,-10110976,1,1,15,1,287,0,0,0,1
443355561,284532,306831,1052228,1147411,1237224,1160723,925879,1024691,173025,210671,209340,201486,1318889,1265349,885355,863252,360052,471796,660535,576934,-10785,129078,266402,-8388607,1,2662,2663,2665,752,2477,-10110976,1,1,15,1,287,0,0,0,1
443355562,283606,306039,1053115,1148671,1235622,1159093,927324,1026314,172706,210489,209394,201041,1319303,1265302,886808,864405,359715,471116,661640,577447,-10855,129009,266414,-8388607,1,2668,2663,2666,757,2473,-10110976,1,1,15,1,287,0,0,0,1
443355563,282476,305111,1053719,1149761,1233970,1157229,928504,1027291,172482,210335,209352,200697,1319600,1265115,887797,864976,359835,470747,662925,578015,-11052,128912,266427,-8388607,1,2664,2667,2661,755,2477,-10110976,1,1,15,1,287,0,0,0,1
443355564,281591,304229,1054200,1150915,1232402,1155571,929214,1028041,172071,210245,209301,200618,1319461,1264180,888828,865325,359774,470511,664272,578811,-11083,128959,266417,-8388607,1,2663,2660,2667,754,2480,-10110976,1,1,15,1,287,0,0,0,1
443355565,280976,303301,1055019,1151754,1230960,1153808,930278,1028968,171941,210434,209123,200446,1319553,1263366,889754,865995,359593,470267,665204,579495,-11045,129061,266338,-8388607,1,2666,2662,2665,755,2478,-10110976,1,1,15,1,287,0,0,0,1
443355566,280500,302454,1055711,1152576,1229703,1152608,930991,1029877,171740,210286,209179,200396,1319642,1262365,890763,866345,359271,469763,666169,579952,-10954,128918,266216,-8388607,1,2661,2667,2662,759,2479,-10110976,1,1,15,1,287,0,0,0,1
443355567,279970,301567,1056569,1153253,1228697,1151623,932218,1031213,171463,210199,209357,200418,1319532,1261549,892043,867185,359016,469242,666907,580394,-10880,129119,266341,-8388607,1,2657,2664,2664,753,2482,-10110976,1,1,15,1,287,0,0,0,1
443355568,279489,300707,1057260,1153862,1228082,1150760,933965,1032638,171738,210483,209523,200271,1318883,1260802,892951,868330,358674,468603,667672,580746,-10747,129038,266371,-8388607,1,2661,2662,2664,755,2478,-10110976,1,1,15,1,287,0,0,0,1
443355569,279171,299713,1058088,1154185,1227363,1149879,935310,1034099,171788,210648,209986,200337,1318140,1260270,893674,869371,358252,467781,668399,581228,-10779,129038,266263,-8388607,1,2664,2665,2663,757,2475,-10110976,1,1,15,1,287,0,0,0,1
443355570,278667,299025,1058737,1154977,1226432,1148799,937187,1035693,171791,210973,210139,200373,1316704,1259689,894305,870934,357791,467068,668683,581743,-10587,129125,266383,-8388607,1,2661,2665,2664,752,2481,-10110976,1,1,15,1,287,0,0,0,1
443355571,277974,298238,1059415,1155713,1225224,1147282,938987,1037128,172157,211158,210309,200156,1314733,1258711,894414,872301,356913,466431,669090,582645,-10727,129277,266339,-8388607,1,2661,2664,2668,751,2478,-10110976,1,1,15,1,287,0,0,0,1
443355572,277281,297574,1060304,1156687,1223900,1146102,940468,1038508,172244,211365,210503,200082,1312674,1257731,895170,873659,356294,466052,669506,583497,-10657,129297,266478,-8388607,1,2662,2665,2662,757,2473,-10110976,1,1,15,1,287,0,0,0,1
443355573,276398,296484,1061333,1157704,1222479,1144510,941922,1040421,172227,211437,210514,200011,1310345,1256658,896187,875414,355581,465608,669740,584133,-10637,129042,266241,-8388607,1,2661,2670,2659,754,2479,-10110976,1,1,15,1,287,0,0,0,1
443355574,275555,295477,1062292,1158940,1220855,1142958,943278,1041934,172157,211535,210569,199862,1308089,1255057,897208,877331,354899,465019,669692,584751,-10876,128977,266290,-8388607,1,2666,2663,2666,755,2484,-10110976,1,1,15,1,287,0,0,0,1
443355575,274846,294646,1063659,1160250,1219619,1140979,944861,1043112,171944,211506,210644,200002,1305565,1254009,898669,879362,354187,464551,669936,585470,-10805,129039,266376,-8388607,1,2668,2666,2666,756,2478,-10110976,1,1,15,1,287,0,0,0,1
443355576,274106,293650,1064899,1161691,1217947,1138524,946304,1044298,171786,211483,210801,200013,1302772,1252442,899976,881439,353447,464245,670229,586283,-10838,129176,266410,-8388607,1,2661,2666,2659,757,2479,-10110976,1,1,15,1,287,0,0,0,1
443355577,273388,292716,1066450,1163108,1216641,1135792,948052,1045331,171339,211585,210654,199907,1300028,1251050,901384,883719,353035,463887,670464,586995,-10822,128979,266395,-8388607,1,2654,2664,2660,754,2481,-10110976,1,1,15,1,287,0,0,0,1
443355578,272705,291919,1068003,1164730,1215023,1133181,949938,1046876,171324,211326,210678,199595,1297087,1249479,902885,885798,352431,463564,670505,587787,-10834,129139,266358,-8388607,1,2670,2663,2666,758,2477,-10110976,1,1,15,1,287,0,0,0,1
443355579,272013,291102,1069562,1166358,1213652,1131163,951949,1048846,171047,211217,210618,199407,1294529,1247436,904906,887996,351669,462924,670961,588179,-10904,129239,266466,-8388607,1,2664,2667,2661,757,2475,-10110976,1,1,15,1,287,0,0,0,1
443355580,271307,290350,1071416,1168121,1212405,1129493,953632,1050808,170966,211038,210326,198788,1292120,1245371,907097,889862,350680,462267,671146,588497,-10792,129000,266424,-8388607,1,2659,2665,2664,754,2481,-10110976,1,1,15,1,287,0,0,0,1
443355581,270488,289555,1073240,1169770,1211353,1128526,955190,1052936,170910,211189,210251,198675,1290276,1243033,909657,892113,349921,461311,671121,588696,-10812,129336,266384,-8388607,1,2665,2663,2668,751,2480,-10110976,1,1,15,1,287,0,0,0,1
443355582,269909,289063,1074805,1171388,1210689,1127593,956727,1054873,170663,210992,210742,198830,1288658,1240373,912981,894763,349012,460169,671564,589041,-10829,129062,266299,-8388607,1,2664,2672,2663,758,2473,-10110976,1,1,15,1,287,0,0,0,1
443355583,269060,288290,1076044,1172932,1209755,1126211,957953,1056377,170829,211204,210723,198867,1287084,1237313,916573,897009,348082,459148,671985,589650,-10779,128969,266371,-8388607,1,2660,2669,2666,755,2477,-10110976,1,1,15,1,287,0,0,0,1
443355584,268294,287686,1077107,1174389,1209043,1124397,959709,1057247,170612,211411,210914,198864,1285347,1234367,919494,898900,347148,458332,672658,589934,-10660,129358,266391,-8388607,1,2661,2666,2664,751,2478,-10110976,1,1,15,1,287,0,0,0,1
443355585,267609,287074,1078092,1175681,1207560,1122203,961379,1058242,170963,211567,211134,199153,1283546,1230940,922156,900492,346588,457362,673512,590213,-10710,129393,266387,-8388607,1,2669,2664,2666,757,2477,-10110976,1,1,15,1,287,0,0,0,1
443355586,266748,286236,1078796,1176652,1206131,1120049,962702,1059059,171022,211830,211331,199021,1281379,1227887,924709,902266,346438,456787,674084,590578,-10587,129508,266426,-8388607,1,2664,2668,2662,754,2480,-10110976,1,1,15,1,287,0,0,0,1
443355587,265924,285214,1079250,1177839,1204464,1118250,963963,1060119,170979,211767,211266,198930,1279390,1224448,926688,903932,346202,456168,674700,590810,-10667,129390,266350,-8388607,1,2663,2665,2663,751,2479,-10110976,1,1,15,1,287,0,0,0,1
443355588,265032,284272,1080112,1179108,1203066,1116573,964804,1061157,171117,212041,211249,198941,1277158,1221220,929094,905695,346089,455552,675287,590637,-10901,129221,266362,-8388607,1,2661,2659,2664,756,2478,-10110976,1,1,15,1,287,0,0,0,1
443355589,263867,283269,1080914,1180030,1202006,1115269,966013,1061786,170974,211979,211344,198623,1274670,1218023,931245,907064,345723,455197,675837,590592,-10700,129336,266259,-8388607,1,2661,2666,2659,759,2478,-10110976,1,1,15,1,287,0,0,0,1
443355590,262966,282052,1081695,1180831,1201385,1114096,967244,1062498,170901,211942,211465,198528,1272349,1214814,933426,908487,345480,454764,676662,591279,-10828,129178,266275,-8388607,1,2662,2661,2664,750,2481,-10110976,1,1,15,1,287,0,0,0,1
443355591,261988,281099,1082141,1181793,1200714,1112262,968574,1063221,170820,211796,211621,198563,1269264,1211649,934831,909776,344986,454073,677405,592261,-11125,129086,266362,-8388607,1,2663,2661,2665,756,2478,-10110976,1,1,15,1,287,0,0,0,1
443355592,260984,279900,1082823,1182622,1200094,1110911,970613,1064565,170726,211613,211546,198494,1266246,1208658,935786,910490,344150,453578,677763,592942,-10824,129099,266245,-8388607,1,2664,2661,2662,760,2475,-10110976,1,1,15,1,287,0,0,0,1
443355593,260102,278779,1083672,1183364,1199294,1109425,972882,1066239,170266,211419,211333,198340,1262539,1205769,936180,911220,343358,453470,678076,593878,-10936,128924,266315,-8388607,1,2657,2668,2664,753,2481,-10110976,1,1,15,1,287,0,0,0,1
443355594,259183,277892,1084333,1184057,1198239,1108085,975038,1068394,170178,211476,211410,198232,1259127,1203097,936493,912033,342474,453299,678287,594665,-10966,129027,266267,-8388607,1,2664,2661,2666,752,2478,-10110976,1,1,15,1,287,0,0,0,1
443355595,258458,277115,1085070,1184804,1196818,1107040,976753,1070640,170121,211563,211177,198155,1255466,1200876,936813,912868,341760,452510,678665,595696,-10936,129064,266256,-8388607,1,2665,2666,2662,757,2475,-10110976,1,1,15,1,287,0,0,0,1
443355596,257956,276335,1086029,1185409,1195020,1106019,977854,1072538,169962,211480,210958,198010,1252042,1198642,936612,913826,341121,452007,679203,596606,-11009,129035,266243,-8388607,1,2659,2667,2659,754,2480,-10110976,1,1,15,1,287,0,0,0,1
443355597,257260,275580,1087009,1186307,1192980,1104396,978618,1074029,170273,211530,211180,198040,1248377,1196335,936380,914145,340641,451613,680169,597789,-10774,129189,266237,-8388607,1,2661,2663,2666,751,2479,-10110976,1,1,15,1,287,0,0,0,1
443355598,256565,274825,1088405,1187363,1190786,1102662,979347,1075246,170315,211848,211327,198336,1245344,1194598,935595,914569,340645,451448,680938,599121,-10711,129337,266282,-8388607,1,2662,2664,2662,757,2477,-10110976,1,1,15,1,287,0,0,0,1
443355599,255979,273829,1090033,1188586,1188520,1099926,980529,1076324,170460,211961,211772,198430,1242234,1192594,934860,914479,340372,451284,681672,600324,-10755,129392,266278,-8388607,1,2663,2665,2664,756,2480,-10110976,1,1,15,1,287,0,0,0,1
443355600,255287,273362,1091973,1190278,1186082,1097345,981639,1077870,170635,211975,211642,198240,1239746,1191143,934320,914677,340049,451225,682371,601641,-10818,129185,266237,-8388607,1,2666,2666,2661,748,2481,-10110976,1,1,15,1,287,0,0,0,1
443355601,254500,272597,1093897,1192126,1183570,1094670,982908,1079290,170903,212032,211780,198311,1237459,1189902,933739,914848,339667,451356,682866,602664,-10945,129330,266297,-8388607,1,2667,2662,2664,756,2478,-10110976,1,1,15,1,287,0,0,0,1
443355602,253767,271991,1095706,1193673,1180856,1092032,983800,1080425,170756,211941,211571,198282,1235763,1188916,933365,914764,339114,451226,683735,603500,-10939,129230,266277,-8388607,1,2662,2665,2662,760,2473,-10110976,1,1,15,1,287,0,0,0,1
443355603,253079,271499,1097105,1194955,1178620,1089796,984346,1081786,170728,212068,211682,198349,1234498,1188482,933510,915288,338719,451225,684583,604517,-10942,129026,266277,-8388607,1,2654,2664,2666,754,2481,-10110976,1,1,15,1,287,0,0,0,1
443355604,252464,270901,1097832,1196164,1176546,1087658,984803,1082713,170820,212064,211645,198418,1233090,1187974,933639,915831,338110,450414,685643,605427,-10927,129306,266276,-8388607,1,2661,2659,2664,754,2476,-10110976,1,1,15,1,287,0,0,0,1
443355605,251943,270373,1098448,1196999,1174736,1085654,985701,1083419,170829,211867,211723,198618,1232368,1187196,934175,916321,337732,449816,686822,605867,-10733,129514,266273,-8388607,1,2664,2666,2662,757,2477,-10110976,1,1,15,1,287,0,0,0,1
443355606,251065,269731,1099062,1197927,1172983,1083701,986678,1084360,170675,211867,211534,198622,1231606,1186291,934337,916252,337517,449044,687921,606137,-10534,129574,266183,-8388607,1,2661,2666,2662,754,2481,-10110976,1,1,15,1,287,0,0,0,1
443355607,250375,269018,1099675,1199154,1171382,1081388,988119,1085422,170523,212032,211592,198809,1230547,1185240,935052,916547,337091,448385,689341,606105,-10554,129657,266188,-8388607,1,2665,2664,2666,750,2480,-10110976,1,1,15,1,287,0,0,0,1
443355608,249358,268268,1100057,1200089,1169472,1079450,989628,1086506,170379,211284,211062,198480,1229583,1183773,935151,916619,336754,447333,690353,606377,-10839,129510,266276,-8388607,1,2665,2665,2662,761,2473,-10110976,1,1,15,1,287,0,0,0,1
443355609,247977,267312,1100230,1201277,1167398,1077319,990645,1087507,170280,211396,210778,198094,1228382,1181656,935439,916712,336549,446741,691529,606589,-10756,129360,266284,-8388607,1,2661,2666,2658,755,2480,-10110976,1,1,15,1,287,0,0,0,1
443355610,247100,266412,1100116,1202503,1165936,1075500,991631,1088463,170141,211193,210652,198092,1226720,1179766,935756,916796,336525,446324,693048,606967,-10748,129379,266180,-8388607,1,2663,2664,2664,751,2482,-10110976,1,1,15,1,287,0,0,0,1
443355611,245902,265584,1100021,1203444,1164291,1073930,992483,1088959,170588,211237,210791,198521,1225142,1177772,935547,916889,336491,445932,694348,607857,-11007,129295,266314,-8388607,1,2666,2661,2665,754,2478,-10110976,1,1,15,1,287,0,0,0,1
443355612,244744,264538,1099854,1204236,1162692,1071988,993607,1089559,170827,211400,211021,198626,1223483,1175584,935424,917051,336717,445705,695956,608646,-11072,129338,266400,-8388607,1,2662,2665,2662,758,2479,-10110976,1,1,15,1,287,0,0,0,1
443355613,243779,263748,1099773,1205146,1161234,1070022,994641,1090346,170752,211465,211182,198851,1221542,1173136,935226,916906,336562,445285,697359,609430,-11134,129190,266297,-8388607,1,2661,2663,2665,754,2482,-10110976,1,1,15,1,287,0,0,0,1
443355614,242636,262776,1099821,1205775,1159573,1068210,995814,1091442,171106,211534,211185,199043,1219722,1170988,935016,917183,336526,444880,698458,610014,-11083,129073,266160,-8388607,1,2661,2663,2665,755,2478,-10110976,1,1,15,1,287,0,0,0,1
443355615,241873,261712,1099805,1206418,1158001,1066351,997466,1092620,171302,211592,211142,199133,1218073,1168990,935354,917531,336409,444426,699252,610161,-11001,129038,266282,-8388607,1,2661,2665,2658,757,2478,-10110976,1,1,15,1,287,0,0,0,1
443355616,241158,260825,1100005,1206842,1156269,1064708,998525,1094325,171531,211853,211194,199395,1216123,1166616,935894,918559,336097,443840,699787,610813,-11102,129126,266235,-8388607,1,2661,2668,2666,754,2481,-10110976,1,1,15,1,287,0,0,0,1
443355617,240403,259815,1100569,1207275,1154400,1063069,999477,1096012,171589,211537,211052,199327,1213692,1164356,936788,919609,335368,443272,699961,611346,-11115,128994,266269,-8388607,1,2665,2663,2668,755,2479,-10110976,1,1,15,1,287,0,0,0,1
443355618,239798,258956,1101179,1207665,1152373,1061602,1000426,1097692,171717,211783,211149,199671,1211248,1162235,937524,921106,334146,442721,700170,611933,-10910,129128,266164,-8388607,1,2664,2666,2668,758,2475,-10110976,1,1,15,1,287,0,0,0,1
443355619,239295,258029,1102054,1207977,1150552,1060030,1001533,1099484,172006,211682,211268,199656,1208548,1160283,938425,922215,333048,442159,700081,612487,-11062,129013,266246,-8388607,1,2659,2668,2666,758,2481,-10110976,1,1,15,1,287,0,0,0,1
443355620,239010,257264,1103066,1208709,1148784,1057934,1002657,1101170,171862,211794,211091,199916,1205542,1158084,938854,923570,331620,441185,700005,613108,-10994,129245,266132,-8388607,1,2661,2665,2666,750,2477,-10110976,1,1,15,1,287,0,0,0,1
443355621,238478,256401,1103979,1209075,1146623,1055562,1003879,1102486,171895,211445,210945,199806,1202215,1155371,939538,924699,330684,440216,699510,613776,-10819,129174,266113,-8388607,1,2668,2668,2661,761,2477,-10110976,1,1,15,1,287,0,0,0,1
443355622,238277,255621,1104900,1209670,1144227,1052750,1005050,1103793,171561,211201,210627,199608,1198649,1152486,940548,925604,329747,439587,699092,614337,-10847,129203,266245,-8388607,1,2663,2667,2662,757,2480,-10110976,1,1,15,1,287,0,0,0,1
443355623,237707,255057,1105599,1210225,1141758,1050181,1005554,1104980,171438,211084,210329,199572,1195000,1149450,941863,926293,328781,439034,698850,615229,-10676,129548,266170,-8388607,1,2663,2662,2664,752,2484,-10110976,1,1,15,1,287,0,0,0,1
443355624,237007,254236,1105924,1210790,1139092,1048076,1006069,1106156,171234,210944,210072,199755,1191156,1145965,942827,927735,328063,438735,698938,616099,-10761,129322,266167,-8388607,1,2663,2672,2664,752,2476,-10110976,1,1,15,1,287,0,0,0,1
443355625,236300,253438,1106248,1211300,1136781,1046202,1006519,1107200,171290,210665,209897,199672,1187079,1142789,943864,928844,327516,438348,699009,617057,-10684,129465,266162,-8388607,1,2661,2666,2666,758,2478,-10110976,1,1,15,1,287,0,0,0,1
443355626,235503,252676,1106456,1211730,1134810,1044648,1007018,1108255,171456,210759,209876,199731,1183109,1139798,945292,930169,327074,438189,699003,618223,-10675,129524,266171,-8388607,1,2659,2668,2664,754,2484,-10110976,1,1,15,1,287,0,0,0,1
443355627,234535,251758,1106522,1212575,1132978,1043023,1007664,1109403,171622,210691,209740,199786,1179288,1137107,946674,931904,326562,438242,698997,619221,-10865,129411,266187,-8388607,1,2665,2662,2662,755,2478,-10110976,1,1,15,1,287,0,0,0,1
443355628,233557,250875,1106117,1212925,1131380,1041676,1009085,1110836,171934,210778,209870,200147,1176244,1134566,948646,933703,326237,437879,699249,620003,-10950,129210,266245,-8388607,1,2664,2665,2663,758,2475,-10110976,1,1,15,1,287,0,0,0,1
443355629,232561,250094,1105730,1213319,1130293,1040526,1010528,1112431,172010,210912,210049,200238,1173321,1131856,950735,935516,325654,437602,699665,620641,-10880,129264,266188,-8388607,1,2659,2663,2659,755,2477,-10110976,1,1,15,1,287,0,0,0,1
443355630,231761,249342,1105303,1213429,1128964,1039213,1012058,1113727,172186,210910,209581,200236,1170777,1129705,952862,937362,325201,437025,699988,621359,-10983,129308,266192,-8388607,1,2662,2663,2666,748,2477,-10110976,1,1,15,1,287,0,0,0,1
443355631,230759,248239,1104669,1213554,1127843,1038129,1013321,1114935,172176,210905,209645,200612,1168419,1127341,954949,939178,324499,436237,700647,621478,-10871,129323,266032,-8388607,1,2668,2664,2659,756,2475,-10110976,1,1,15,1,287,0,0,0,1
443355632,229772,247430,1104068,1214130,1126639,1037266,1014198,1115820,172379,211197,209589,200637,1166654,1124995,956973,940624,323650,435205,701430,621507,-10875,129268,266195,-8388607,1,2663,2667,2662,754,2479,-10110976,1,1,15,1,287,0,0,0,1
443355633,228885,246527,1103827,1214879,1125616,1035925,1014913,1116533,172302,211096,209749,200743,1164859,1122677,958444,941912,323176,434293,702338,621557,-10931,129153,266024,-8388607,1,2663,2663,2666,753,2477,-10110976,1,1,15,1,287,0,0,0,1
443355634,228049,245755,1103628,1215612,1124107,1034354,1015676,1117035,172447,210685,209687,200999,1162374,1120114,959742,943181,322736,433347,702964,621374,-11025,129052,266161,-8388607,1,2666,2663,2666,757,2478,-10110976,1,1,15,1,287,0,0,0,1
443355635,227401,244910,1103441,1216480,1122403,1032520,1015975,1117359,172476,210481,209555,200988,1159984,1117482,960582,944698,322109,432061,703180,621081,-11074,129108,266116,-8388607,1,2661,2667,2659,760,2479,-10110976,1,1,15,1,287,0,0,0,1
443355636,226798,244093,1103128,1217074,1120097,1030294,1016505,1117992,172373,210227,209337,201043,1157532,1115037,961382,945754,321359,431249,703914,620818,-11106,128997,265986,-8388607,1,2658,2666,2663,754,2484,-10110976,1,1,15,1,287,0,0,0,1
443355637,226565,243595,1102543,1217599,1117908,1027951,1016762,1118484,172284,210338,209146,201117,1155219,1112186,961835,946655,320809,430621,704882,621098,-10919,129071,266096,-8388607,1,2665,2659,2666,756,2477,-10110976,1,1,15,1,287,0,0,0,1
443355638,226100,242985,1101764,1217734,1115724,1025654,1016773,1118971,172262,209965,208811,200711,1152998,1109660,961994,947266,320417,429801,705804,621445,-10940,129074,266042,-8388607,1,2665,2666,2664,756,2479,-10110976,1,1,15,1,287,0,0,0,1
443355639,225871,242480,1101097,1217814,1113619,1023722,1017177,1119640,172180,209909,208581,200774,1150873,1107259,962242,947982,320276,429125,707177,622095,-10755,129372,266071,-8388607,1,2659,2668,2661,752,2482,-10110976,1,1,15,1,287,0,0,0,1
443355640,225537,241931,1100648,1217634,1112227,1022125,1017826,1120497,172323,210080,208621,200898,1148966,1105581,962395,948561,320265,428639,708495,622990,-10641,129676,266131,-8388607,1,2664,2662,2665,752,2478,-10110976,1,1,15,1,287,0,0,0,1
443355641,224984,241250,1100052,1217500,1110768,1020436,1018585,1121892,172476,209869,208344,201330,1147456,1104041,962404,949019,320085,428266,709683,623745,-10784,129274,266008,-8388607,1,2661,2664,2664,758,2473,-10110976,1,1,15,1,287,0,0,0,1
443355642,224387,240410,1099872,1217489,1109551,1019363,1019681,1123611,172687,210050,208588,201608,1145814,1102623,962594,950021,320364,428031,711046,624450,-10511,129369,266083,-8388607,1,2662,2670,2661,752,2481,-10110976,1,1,15,1,287,0,0,0,1
443355643,223975,239389,1099861,1217454,1108377,1018440,1020998,1125328,172900,210324,208494,201876,1144279,1101925,963088,951105,320331,427987,711828,625202,-10606,129468,266091,-8388607,1,2665,2664,2667,751,2477,-10110976,1,1,15,1,287,0,0,0,1
443355644,223166,238380,1100108,1217512,1106778,1017689,1022223,1127449,172988,210426,208656,201952,1142867,1101217,963541,952384,320375,427807,712923,626231,-10691,129358,265998,-8388607,1,2663,2663,2666,756,2477,-10110976,1,1,15,1,287,0,0,0,1
443355645,222398,237254,1100359,1217891,1105130,1016730,1023166,1129839,173218,210227,208564,201779,1141788,1100763,964337,953824,320025,427622,713985,627312,-10773,129404,266012,-8388607,1,2662,2667,2659,759,2479,-10110976,1,1,15,1,287,0,0,0,1
443355646,221471,236202,1100371,1218262,1103419,1015854,1023839,1131608,173102,210312,208551,201835,1141004,1100520,965214,955000,319637,427367,714577,628699,-11013,129027,265961,-8388607,1,2660,2662,2664,754,2482,-10110976,1,1,15,1,287,0,0,0,1
443355647,220744,235138,1100402,1218564,1101430,1014495,1024577,1133301,173209,209987,208354,201736,1140003,1099837,966141,955759,318781,427096,714994,629797,-11053,128896,266077,-8388607,1,2663,2664,2664,756,2478,-10110976,1,1,15,1,287,0,0,0,1
443355648,220148,234429,1100378,1218953,1099387,1013153,1025244,1134523,173329,210063,208161,201824,1139161,1099470,967198,956255,317997,426663,715578,630650,-11078,129041,266000,-8388607,1,2663,2664,2660,758,2478,-10110976,1,1,15,1,287,0,0,0,1
443355649,219292,233565,1099651,1219215,1097313,1011081,1025762,1135415,173157,209948,207968,201802,1138304,1099023,968263,957309,317171,425977,715664,631398,-11085,128995,265897,-8388607,1,2662,2665,2664,754,2480,-10110976,1,1,15,1,287,0,0,0,1
443355650,218736,232893,1098955,1219318,1095359,1009076,1026470,1136595,172922,209676,207966,201986,1137128,1098492,969246,958352,316463,425384,715648,631739,-10903,129279,266100,-8388607,1,2663,2664,2673,754,2478,-10110976,1,1,15,1,287,0,0,0,1
443355651,218044,232432,1098470,1219377,1093275,1007019,1027323,1137467,172604,209286,207588,201871,1135380,1097716,970129,959147,315568,424598,715622,632248,-10720,129247,265946,-8388607,1,2663,2666,2660,759,2475,-10110976,1,1,15,1,287,0,0,0,1
443355652,217392,231811,1098030,1219910,1091161,1005079,1028159,1138447,172510,209401,207469,201755,1133703,1096739,971232,960129,314922,423950,715867,632749,-10721,129280,265934,-8388607,1,2658,2668,2666,753,2479,-10110976,1,1,15,1,287,0,0,0,1
443355653,216672,231179,1098182,1220350,1089214,1003400,1029499,1139533,172500,209250,207379,201992,1132190,1095805,972549,961205,314282,423164,716086,633519,-10811,129272,266128,-8388607,1,2663,2666,2666,754,2479,-10110976,1,1,15,1,287,0,0,0,1
443355654,215935,230165,1098039,1220929,1088089,1001997,1030699,1140965,172576,209165,207364,202124,1131203,1094409,973788,961693,313615,422491,716450,634457,-10895,129168,265866,-8388607,1,2668,2666,2663,757,2474,-10110976,1,1,15,1,287,0,0,0,1
443355655,215304,229450,1097876,1221629,1087200,1001071,1032645,1142425,172941,209187,207588,202203,1130185,1093418,975246,962402,313173,421938,717126,635004,-10993,129119,266006,-8388607,1,2660,2670,2659,756,2479,-10110976,1,1,15,1,287,0,0,0,1
443355656,214607,228543,1097532,1222043,1086677,1000083,1034881,1143732,173374,209271,207659,202080,1129201,1092471,976913,963186,312868,421896,717685,635713,-10921,129126,265966,-8388607,1,2661,2666,2666,752,2482,-10110976,1,1,15,1,287,0,0,0,1
443355657,213978,227764,1096787,1222392,1086285,998822,1037209,1144651,173484,209650,207980,202247,1128764,1091666,978445,964507,312686,421402,717963,636456,-10823,129215,265968,-8388607,1,2663,2664,2659,755,2476,-10110976,1,1,15,1,287,0,0,0,1
443355658,213254,226867,1095916,1222690,1085729,997228,1039236,1145955,173533,209820,207914,202378,1128058,1090919,980053,966598,312518,421341,718634,636895,-10850,129153,265915,-8388607,1,2662,2668,2661,756,2482,-10110976,1,1,15,1,287,0,0,0,1
443355659,212570,226263,1095117,1222955,1084681,995282,1041399,1147099,173691,209960,207652,202606,1127247,1090605,982055,968772,312303,421178,718991,637471,-10493,129449,266117,-8388607,1,2659,2663,2666,753,2481,-10110976,1,1,15,1,287,0,0,0,1
443355660,211683,225405,1094352,1223325,1083398,993283,1042939,1148332,173782,210138,207982,202490,1126381,1089872,983851,970680,312113,420630,719568,637885,-10766,129294,265854,-8388607,1,2666,2663,2666,752,2477,-10110976,1,1,15,1,287,0,0,0,1
443355661,210950,224591,1093911,1223792,1082201,991333,1044486,1150004,173477,209911,207840,202674,1125857,1089078,985642,973229,311546,419812,720058,637950,-10948,129130,265926,-8388607,1,2662,2664,2659,759,2475,-10110976,1,1,15,1,287,0,0,0,1
443355662,210219,223480,1093628,1224320,1081478,989650,1046289,1151368,173461,209826,207891,202602,1125466,1088255,987642,975406,310966,419092,720403,638239,-10928,129043,265847,-8388607,1,2657,2664,2664,753,2481,-10110976,1,1,15,1,287,0,0,0,1
443355663,209475,222403,1093352,1224754,1080862,988182,1047914,1152790,173160,209729,207771,202556,1124648,1087318,989410,977110,310162,417975,720355,638108,-11051,129060,265820,-8388607,1,2665,2661,2670,754,2477,-10110976,1,1,15,1,287,0,0,0,1
443355664,208721,221335,1092935,1224950,1080246,986807,1049887,1154529,173062,209415,207768,202135,1123753,1086295,991356,979195,309019,417063,720254,638083,-11018,128996,265870,-8388607,1,2667,2666,2662,758,2475,-10110976,1,1,15,1,287,0,0,0,1
443355665,208110,220671,1093144,1225005,1079407,985128,1051792,1156992,172759,209064,207498,202016,1122631,1084967,993476,981158,308014,416262,720509,638247,-10820,129140,266003,-8388607,1,2661,2666,2658,754,2480,-10110976,1,1,15,1,287,0,0,0,1
443355666,207616,220004,1093514,1224952,1078060,983647,1053540,1159675,172614,208746,207299,201847,1121350,1083404,995319,983147,307153,415294,720532,638191,-10947,128939,265877,-8388607,1,2662,2663,2666,751,2477,-10110976,1,1,15,1,287,0,0,0,1
443355667,207144,219281,1093565,1224680,1076478,982329,1055337,1162385,172558,208828,207331,201557,1119986,1081970,997091,985292,306295,414513,720728,639031,-10971,128973,265937,-8388607,1,2668,2663,2662,754,2477,-10110976,1,1,15,1,287,0,0,0,1
443355668,206888,218556,1093509,1224597,1074388,980924,1057066,1165362,172609,208952,207240,201598,1118163,1080789,998939,987596,305610,413702,720994,639372,-10761,129147,265994,-8388607,1,2662,2669,2659,754,2477,-10110976,1,1,15,1,287,0,0,0,1
443355669,206424,217887,1093779,1224258,1072516,979803,1058709,1167813,172750,209083,207607,201916,1116391,1079699,1000706,989998,305066,413532,721653,640072,-10673,129169,265911,-8388607,1,2663,2666,2664,753,2482,-10110976,1,1,15,1,287,0,0,0,1
443355670,206082,217250,1094141,1224317,1070426,978339,1060184,1169672,172770,209401,207731,202044,1114835,1078654,1002492,992153,304717,413271,722010,640846,-10600,129415,265898,-8388607,1,2666,2661,2664,753,2476,-10110976,1,1,15,1,287,0,0,0,1
443355671,205406,216553,1094493,1224186,1068485,976445,1061414,1171133,172968,209706,208045,202196,1113225,1077604,1004517,994315,304517,413219,722728,641745,-10665,129395,265909,-8388607,1,2663,2667,2663,758,2479,-10110976,1,1,15,1,287,0,0,0,1
443355672,204570,215815,1094789,1224207,1066346,974448,1062696,1172318,173297,210384,208241,202303,1111875,1076380,1006745,996824,304198,413165,723322,642574,-10772,129241,265913,-8388607,1,2657,2666,2664,754,2482,-10110976,1,1,15,1,287,0,0,0,1
443355673,204077,215117,1095236,1224566,1064168,972818,1064413,1173277,173377,210235,208247,202266,1110791,1075456,1009297,999224,303927,412955,724235,643604,-10723,129279,265817,-8388607,1,2661,2663,2665,756,2478,-10110976,1,1,15,1,287,0,0,0,1
443355674,203411,214211,1095490,1224771,1062355,971399,1066249,1174980,173601,210568,208190,202207,1109415,1074623,1012047,1001974,303784,412978,724774,644594,-10806,129255,265859,-8388607,1,2664,2666,2659,760,2475,-10110976,1,1,15,1,287,0,0,0,1
443355675,202333,213453,1095544,1224364,1061558,971227,1068465,1176943,173754,210333,208358,202130,1107980,1073877,1014477,1004255,303333,412519,725318,645477,-10810,129186,265890,-8388607,1,2661,2668,2666,754,2479,-10110976,1,1,15,1,287,0,0,0,1
443355676,201614,212777,1095236,1222616,1060707,972611,1070934,1178684,173419,210235,208517,202026,1106808,1073322,1017004,1006799,302635,411925,725940,645823,-10710,129234,265810,-8388607,1,2665,2664,2668,750,2476,-10110976,1,1,15,1,287,0,0,0,1
443355677,200731,212082,1094428,1219222,1060847,975830,1073495,1179970,173252,209841,208420,201743,1105506,1072521,1019300,1008980,302035,410932,726144,645939,-10994,128990,265926,-8388607,1,2667,2663,2661,756,2475,-10110976,1,1,15,1,287,0,0,0,1
443355678,200022,211671,1093226,1214445,1061862,980766,1075412,1181152,172911,209696,208423,201717,1104355,1071565,1021794,1011233,301081,410080,726565,646098,-11181,129010,265849,-8388607,1,2659,2670,2662,755,2477,-10110976,1,1,15,1,287,0,0,0,1
443355679,199291,211228,1091438,1208604,1063285,987140,1076750,1182212,172454,209756,208373,201546,1103624,1070658,1024326,1013437,300179,408934,727107,646045,-11289,129024,265786,-8388607,1,2664,2666,2666,751,2479,-10110976,1,1,15,1,287,0,0,0,1
443355680,198906,210924,1089162,1201450,1064583,994898,1078484,1183030,172060,209640,208051,201271,1102835,1069617,1026623,1015390,299456,408083,727715,646387,-10967,129186,265864,-8388607,1,2668,2661,2663,757,2477,-10110976,1,1,15,1,287,0,0,0,1
443355681,198456,210518,1086480,1193324,1065670,1003324,1080371,1184815,172112,209826,208278,201135,1102024,1068497,1029528,1017473,298630,407172,728856,646747,-10659,129385,265859,-8388607,1,2663,2667,2662,756,2481,-10110976,1,1,15,1,287,0,0,0,1
443355682,197956,210003,1083392,1184344,1066561,1012208,1082361,1187295,171893,209792,208156,200983,1101890,1067390,1031821,1019308,298049,406163,729910,647015,-10832,129288,265881,-8388607,1,2662,2663,2661,750,2481,-10110976,1,1,15,1,287,0,0,0,1
443355683,197270,209609,1080225,1174485,1067320,1021484,1084447,1190023,172087,209844,208551,201232,1101594,1066145,1034241,1021440,297824,405340,730917,647368,-10645,129383,265907,-8388607,1,2662,2663,2665,757,2476,-10110976,1,1,15,1,287,0,0,0,1
443355684,196520,208826,1077376,1164089,1068129,1031876,1086149,1192446,172490,210217,208890,200950,1101300,1065438,1036357,1022975,297781,404857,731824,647404,-10451,129445,265944,-8388607,1,2659,2676,2664,761,2471,-10110976,1,1,15,1,287,0,0,0,1
443355685,195812,207936,1074418,1153368,1069487,1042445,1087195,1194166,172552,210229,209025,201126,1101201,1064537,1038527,1024681,297825,404570,732427,647395,-10610,129435,265946,-8388607,1,2661,2664,2664,755,2482,-10110976,1,1,15,1,287,0,0,0,1
443355686,194763,207128,1071534,1142131,1071074,1053885,1088289,1196016,172575,210458,209201,201109,1101347,1064041,1040751,1026363,297624,404449,732908,647744,-10832,129236,265751,-8388607,1,2663,2662,2666,755,2478,-10110976,1,1,15,1,287,0,0,0,1
443355687,193961,206145,1068534,1130285,1073185,1065872,1089677,1198085,172852,210704,209465,201017,1101203,1063437,1042952,1028277,297683,404030,733398,648400,-10991,128810,265770,-8388607,1,2661,2664,2662,757,2475,-10110976,1,1,15,1,287,0,0,0,1
443355688,193235,205268,1065711,1118081,1074888,1078623,1091567,1201368,172673,210839,209539,200900,1100954,1062995,1045039,1029977,297128,403779,733596,648884,-10940,128744,265813,-8388607,1,2658,2668,2663,755,2481,-10110976,1,1,15,1,287,0,0,0,1
443355689,192611,204632,1062675,1105258,1076227,1091555,1093785,1204913,172529,210915,209597,201123,1100437,1062492,1046822,1031982,296433,403028,733593,649488,-10945,128860,265928,-8388607,1,2661,2662,2664,751,2479,-10110976,1,1,15,1,287,0,0,0,1
443355690,192152,203909,1059028,1091949,1077948,1105207,1096117,1208751,172540,210976,209686,201080,1099854,1062213,1048260,1033700,295525,402351,733545,650137,-11045,128740,265882,-8388607,1,2665,2671,2664,754,2473,-10110976,1,1,15,1,287,0,0,0,1
443355691,191926,203359,1055060,1078137,1080224,1119376,1098309,1212393,172200,210672,209825,200835,1098802,1061738,1049804,1035416,294376,401638,733065,650312,-10932,128955,265892,-8388607,1,2664,2667,2662,754,2480,-10110976,1,1,15,1,287,0,0,0,1
443355692,191439,202772,1050870,1064116,1083478,1133931,1099992,1215199,172012,210752,209937,200636,1097412,1061208,1050896,1036979,293467,400725,732737,650757,-10703,128942,265856,-8388607,1,2662,2663,2661,749,2479,-10110976,1,1,15,1,287,0,0,0,1
443355693,191308,202452,1046722,1049833,1087164,1148585,1101759,1217184,171769,210660,209751,200412,1096070,1060528,1051521,1038192,292685,399697,732134,651229,-10696,129051,265717,-8388607,1,2663,2659,2659,756,2476,-10110976,1,1,15,1,287,0,0,0,1
443355694,191053,201967,1041801,1035349,1091970,1163829,1103721,1218945,171889,210606,209764,200243,1094826,1059875,1052505,1039640,291926,399001,731887,651871,-10572,129002,265884,-8388607,1,2660,2667,2662,757,2478,-10110976,1,1,15,1,287,0,0,0,1
443355695,190937,201704,1035812,1020500,1098294,1179350,1106127,1221115,171715,210477,209822,200080,1093399,1059132,1053523,1040612,291283,398546,731933,652798,-10738,128854,265714,-8388607,1,2661,2664,2663,754,2482,-10110976,1,1,15,1,287,0,0,0,1
443355696,190719,201563,1028616,1005268,1105364,1195197,1108553,1223403,171603,210646,209698,199901,1092119,1058210,1054602,1042355,290573,398014,731518,653650,-10793,128779,265764,-8388607,1,2663,2663,2666,756,2478,-10110976,1,1,15,1,287,0,0,0,1
443355697,190499,201554,1020205,989202,1112724,1211583,1110511,1224849,171526,210825,209862,199652,1090747,1057641,1055556,1043844,289763,397636,731044,654453,-10631,128833,265772,-8388607,1,2665,2666,2664,760,2481,-10110976,1,1,15,1,287,0,0,0,1
443355698,190352,201448,1010517,972611,1121227,1228310,1111842,1225854,171594,210738,209879,199625,1089521,1057384,1056641,1045343,289409,397451,730879,655320,-10407,129066,265678,-8388607,1,2657,2668,2663,754,2481,-10110976,1,1,15,1,287,0,0,0,1
443355699,190178,201452,999482,955687,1131416,1245321,1113127,1227163,171513,210860,210236,199891,1088539,1057281,1058419,1047157,288909,397232,730894,656303,-10217,129388,265848,-8388607,1,2661,2666,2666,752,2477,-10110976,1,1,15,1,287,0,0,0,1
443355700,189891,201204,985777,938099,1144269,1262472,1114571,1228176,171623,211124,210313,199960,1087938,1057253,1060340,1049079,288508,396996,731149,657135,-10392,129192,265806,-8388607,1,2668,2667,2666,758,2473,-10110976,1,1,15,1,287,0,0,0,1
443355701,189565,200769,971029,919800,1158989,1281236,1116200,1229570,171782,211327,210391,199968,1087662,1057434,1062428,1051280,288083,396420,731472,657839,-10748,128691,265780,-8388607,1,2659,2668,2666,756,2481,-10110976,1,1,15,1,287,0,0,0,1
443355702,189090,200409,955539,901071,1175082,1300810,1118346,1230871,171803,211298,210495,199850,1087415,1057413,1064935,1053475,287646,395947,731927,658370,-10497,128863,265791,-8388607,1,2665,2663,2663,749,2482,-10110976,1,1,15,1,287,0,0,0,1
443355703,188667,200240,939162,882377,1192142,1320743,1120690,1232415,171731,211441,210497,199448,1087568,1057552,1067499,1055548,287238,395495,732448,658547,-10145,129290,265720,-8388607,1,2668,2662,2662,757,2476,-10110976,1,1,15,1,287,0,0,0,1
443355704,188186,199940,921942,863099,1209852,1340717,1123246,1235039,171554,211305,210552,199661,1087598,1057266,1070358,1057658,286779,394713,732920,658541,-10233,129243,265761,-8388607,1,2659,2663,2661,755,2477,-10110976,1,1,15,1,287,0,0,0,1
443355705,187443,199485,904453,843546,1226838,1360619,1126294,1237986,171462,211366,210604,199431,1087500,1056789,1072870,1059570,286159,393900,733198,658549,-10332,128951,265755,-8388607,1,2661,2664,2664,754,2484,-10110976,1,1,15,1,287,0,0,0,1
443355706,186824,198988,886931,824218,1243881,1380764,1128961,1241052,171369,211271,210413,199560,1087124,1055410,1075452,1061417,285453,393098,734020,658584,-10711,128394,265722,-8388607,1,2668,2662,2665,755,2478,-10110976,1,1,15,1,287,0,0,0,1
443355707,186400,198863,869700,805250,1261509,1400855,1131776,1244438,171341,211122,210592,199476,1086931,1054758,1078088,1063655,284921,392395,735059,658653,-10892,128512,265905,-8388607,1,2663,2664,2662,759,2480,-10110976,1,1,15,1,287,0,0,0,1
443355708,185996,198610,852456,786142,1279497,1421640,1134723,1248185,170936,211078,210590,199135,1086455,1053261,1080297,1065635,284505,391197,735998,659005,-10350,128832,265732,-8388607,1,2660,2666,2664,753,2484,-10110976,1,1,15,1,287,0,0,0,1
443355709,185865,198407,834613,766917,1297214,1442114,1137441,1251594,171055,211245,210625,199040,1085707,1051871,1082673,1067744,284206,390734,737113,659061,-10539,128379,265665,-8388607,1,2661,2662,2666,751,2478,-10110976,1,1,15,1,287,0,0,0,1
443355710,185727,198268,816704,747990,1315107,1461929,1140275,1254725,170803,211128,210643,198687,1084911,1050611,1084589,1069629,283840,390164,738035,659577,-10728,128143,265787,-8388607,1,2659,2666,2664,758,2477,-10110976,1,1,15,1,287,0,0,0,1
443355711,185789,198412,799290,728693,1332234,1480922,1142398,1257722,170562,210921,210431,198610,1084005,1049355,1086498,1071971,283706,389676,739199,659714,-10516,128320,265722,-8388607,1,2661,2666,2658,754,2481,-10110976,1,1,15,1,287,0,0,0,1
443355712,186154,198787,781790,709807,1348896,1499999,1144569,1260766,170755,211007,210627,198573,1083099,1047916,1088673,1074281,283720,389102,740185,660012,-10162,128537,265772,-8388607,1,2666,2664,2668,751,2481,-10110976,1,1,15,1,287,0,0,0,1
443355713,186517,198855,763721,690905,1365470,1519234,1146336,1263574,170795,211212,210614,198735,1081755,1046233,1090347,1076539,283402,388640,740893,660485,-10155,128576,265781,-8388607,1,2668,2663,2662,755,2475,-10110976,1,1,15,1,287,0,0,0,1
443355714,187003,198812,745946,671670,1382505,1538877,1148445,1266702,170995,211458,211038,199041,1080626,1044622,1092261,1078448,283150,388233,741891,661048,-10344,128480,265803,-8388607,1,2660,2666,2658,755,2479,-10110976,1,1,15,1,287,0,0,0,1
443355715,187487,198912,728206,652635,1399994,1558616,1150265,1269721,171018,211715,211139,198867,1079451,1043213,1093889,1080273,282906,387978,742779,661648,-10133,128526,265537,-8388607,1,2660,2663,2665,752,2486,-10110976,1,1,15,1,287,0,0,0,1
443355716,187695,199039,710628,633906,1417698,1578860,1152688,1272652,171117,211706,211195,198679,1078337,1041852,1095650,1082296,282333,387585,743404,662545,-9852,128742,265766,-8388607,1,2666,2662,2659,756,2478,-10110976,1,1,15,1,287,0,0,0,1
443355717,187788,198868,693441,615236,1435522,1598743,1155408,1275926,171167,211789,211211,199102,1077118,1040418,1097020,1083700,281758,387129,744195,663287,-9860,128757,265700,-8388607,1,2661,2665,2662,758,2479,-10110976,1,1,15,1,287,0,0,0,1
443355718,188031,198636,675831,596202,1452774,1618625,1158185,1278961,171314,212140,211551,199212,1075314,1039097,1098274,1085392,281132,386741,744422,664034,-10071,128384,265745,-8388607,1,2663,2666,2664,748,2484,-10110976,1,1,15,1,287,0,0,0,1
443355719,188020,198621,658458,577310,1469483,1638082,1160818,1281467,171300,211926,211449,198861,1073065,1037321,1099694,1087284,280404,385957,744597,664559,-10074,128076,265794,-8388607,1,2663,2664,2668,756,2478,-10110976,1,1,15,1,287,0,0,0,1
443355720,188257,198455,641114,558515,1486465,1657127,1163487,1283965,171246,211836,211351,198876,1070883,1035743,1101181,1088807,279642,385618,744539,664939,-10099,128254,265655,-8388607,1,2660,2661,2664,760,2477,-10110976,1,1,15,1,287,0,0,0,1
443355721,188376,198241,623527,539723,1503602,1676527,1166111,1286503,171119,211711,211262,198870,1068515,1034045,1102945,1090571,278934,385052,744612,665815,-10020,128407,265557,-8388607,1,2661,2666,2659,754,2481,-10110976,1,1,15,1,287,0,0,0,1
443355722,188673,198318,605851,520411,1520788,1695803,1168830,1289159,170902,211496,211176,198631,1066387,1032328,1104689,1091988,278221,384430,744591,666605,-10061,128035,265658,-8388607,1,2664,2663,2670,754,2481,-10110976,1,1,15,1,287,0,0,0,1
443355723,188840,198154,588185,501539,1537439,1714510,1171573,1291694,170705,211358,211030,198611,1064341,1030838,1106379,1093427,277397,383782,744402,667373,-10066,128019,265579,-8388607,1,2665,2666,2662,758,2477,-10110976,1,1,15,1,287,0,0,0,1
443355724,189290,198312,571023,482717,1554013,1733201,1174238,1294695,170417,211356,210835,198438,1062796,1029884,1108421,1095013,276740,383619,744378,668175,-9924,128193,265829,-8388607,1,2661,2666,2662,753,2479,-10110976,1,1,15,1,287,0,0,0,1
443355725,189712,198572,553673,464049,1569778,1750998,1176926,1297771,170197,211072,210641,198236,1061272,1028672,1110337,1096454,276205,383168,744227,668619,-9855,128052,265566,-8388607,1,2661,2662,2663,750,2481,-10110976,1,1,15,1,287,0,0,0,1
443355726,190103,198693,536485,445917,1585213,1768397,1179552,1301096,170271,211091,210786,198393,1060126,1028183,1112367,1098156,275774,382647,744043,669391,-9841,128006,265719,-8388607,1,2664,2663,2664,755,2476,-10110976,1,1,15,1,287,0,0,0,1
443355727,190485,198956,519147,427697,1600895,1785925,1182211,1304953,170305,211043,210761,198323,1058430,1027424,1114290,1099808,275183,382126,744072,669922,-9963,127670,265671,-8388607,1,2661,2666,2659,758,2478,-10110976,1,1,15,1,287,0,0,0,1
443355728,190806,199401,501765,409818,1616868,1803469,1185187,1308791,170486,211298,210927,198513,1057131,1026602,1116461,1101676,274725,381795,744314,670365,-9917,127748,265615,-8388607,1,2659,2667,2666,754,2481,-10110976,1,1,15,1,287,0,0,0,1
443355729,191225,199817,484459,392143,1632738,1820841,1187621,1312728,170588,211168,210909,198616,1055755,1025091,1118116,1102978,273946,381108,744523,670746,-9868,127850,265543,-8388607,1,2663,2659,2662,756,2478,-10110976,1,1,15,1,287,0,0,0,1
443355730,191581,200393,466898,374638,1648771,1837833,1190119,1316345,171004,211696,211172,198871,1054820,1023800,1120130,1104149,273304,380170,744732,670758,-9744,127948,265598,-8388607,1,2661,2664,2660,758,2478,-10110976,1,1,15,1,287,0,0,0,1
443355731,191985,200803,448903,357112,1664144,1854002,1191814,1319434,171155,211766,211208,199097,1054302,1022526,1121761,1104679,272722,379370,744637,670829,-9763,127879,265655,-8388607,1,2658,2668,2665,752,2482,-10110976,1,1,15,1,287,0,0,0,1
443355732,192326,201114,431308,340008,1678557,1869190,1193509,1322458,171509,211965,211185,198918,1053506,1020583,1123052,1104927,271913,378877,744678,670496,-9708,127932,265597,-8388607,1,2665,2662,2664,752,2477,-10110976,1,1,15,1,287,0,0,0,1
443355733,192897,201528,413827,323567,1692917,1883712,1194838,1324715,171464,211984,211320,199181,1052946,1019069,1124313,1105634,271322,378001,744520,670211,-9453,127998,265545,-8388607,1,2668,2665,2662,758,2475,-10110976,1,1,15,1,287,0,0,0,1
443355734,193189,201555,396255,307353,1707241,1897862,1196171,1327119,171504,212023,211514,199230,1051776,1017149,1125303,1106612,270496,377124,744217,669913,-9407,127955,265650,-8388607,1,2661,2668,2663,753,2482,-10110976,1,1,15,1,287,0,0,0,1
443355735,193321,201546,378730,291669,1721630,1911758,1197694,1329221,171544,211987,211259,199397,1050210,1015238,1125773,1107524,269474,376384,744119,669814,-9704,127736,265492,-8388607,1,2661,2662,2664,751,2479,-10110976,1,1,15,1,287,0,0,0,1
443355736,193727,201749,361567,276650,1736146,1924746,1199238,1331172,171350,211780,211022,199282,1048375,1013398,1126461,1108304,268843,375377,744181,669710,-9448,127727,265636,-8388607,1,2663,2664,2664,756,2475,-10110976,1,1,15,1,287,0,0,0,1
443355737,193835,201907,344573,262331,1750661,1936930,1200803,1332971,171154,211287,210890,199019,1046968,1011677,1126720,1109246,268021,374421,744030,669744,-9447,127623,265708,-8388607,1,2662,2668,2659,755,2477,-10110976,1,1,15,1,287,0,0,0,1
443355738,194122,202235,328033,249032,1764984,1948414,1203122,1335023,171022,211190,210726,199014,1045435,1010030,1126855,1110353,267245,373917,744272,669803,-9639,127633,265634,-8388607,1,2661,2665,2666,753,2479,-10110976,1,1,15,1,287,0,0,0,1
443355739,194320,202120,311830,236576,1778607,1958290,1205825,1337036,171049,210965,210547,198714,1043967,1008596,1127326,1111066,266589,373291,744432,670296,-9547,127669,265693,-8388607,1,2668,2662,2665,756,2477,-10110976,1,1,15,1,287,0,0,0,1
443355740,194832,202360,296458,225184,1791931,1966929,1208462,1339014,170866,210910,210396,198874,1042187,1007494,1127352,1111844,266116,372952,744906,670830,-9472,127545,265544,-8388607,1,2660,2659,2666,756,2479,-10110976,1,1,15,1,287,0,0,0,1
443355741,195200,202603,281708,214980,1804682,1975100,1211427,1341529,170909,210791,210481,199117,1040552,1005918,1127368,1113108,265663,372461,745604,671684,-9382,127419,265574,-8388607,1,2662,2667,2664,752,2484,-10110976,1,1,15,1,287,0,0,0,1
443355742,195425,202578,267940,205985,1816696,1982419,1214146,1343954,171231,210956,210404,199254,1038540,1004571,1127518,1114373,265431,372049,746637,672658,-9221,127663,265554,-8388607,1,2665,2663,2668,757,2477,-10110976,1,1,15,1,287,0,0,0,1
443355743,195689,202614,255312,198172,1827345,1988035,1216191,1346519,171321,211159,210640,199359,1036115,1003188,1127870,1115675,265244,371674,747550,673621,-9223,127682,265657,-8388607,1,2664,2665,2666,759,2475,-10110976,1,1,15,1,287,0,0,0,1
443355744,195821,202508,243728,191814,1836185,1991724,1218085,1348617,171576,211221,210639,199578,1034116,1001675,1128424,1117014,265353,371364,748388,674412,-9209,127552,265585,-8388607,1,2659,2668,2666,755,2481,-10110976,1,1,15,1,287,0,0,0,1
443355745,195897,202114,234083,187293,1842792,1993261,1219953,1350918,171999,211307,210449,199725,1032223,1000651,1129553,1118584,265112,371170,749120,675257,-9042,127685,265525,-8388607,1,2664,2663,2668,751,2481,-10110976,1,1,15,1,287,0,0,0,1
443355746,195998,201930,226839,184130,1847178,1993193,1221905,1352867,172093,211449,210343,199815,1030313,998862,1130757,1120215,265091,370946,749692,676219,-8982,127831,265698,-8388607,1,2662,2665,2663,758,2475,-10110976,1,1,15,1,287,0,0,0,1
443355747,195587,201348,222121,182292,1849426,1991829,1223852,1355322,172128,211627,210415,199763,1028714,997518,1132588,1121618,264681,370586,750427,676758,-8920,127708,265682,-8388607,1,2661,2666,2658,754,2479,-10110976,1,1,15,1,287,0,0,0,1
443355748,195152,200621,219908,182083,1850337,1989633,1225743,1357815,172439,211462,210529,200036,1027220,996014,1134596,1123341,263997,370120,751066,677390,-9252,127567,265498,-8388607,1,2665,2662,2664,751,2477,-10110976,1,1,15,1,287,0,0,0,1
443355749,194526,200169,219265,183078,1850375,1987238,1227237,1360428,172103,211271,210362,200071,1025532,994225,1136727,1125150,263360,369630,751599,678046,-10065,126803,265549,-8388607,1,2668,2662,2662,756,2475,-10110976,1,1,15,1,287,0,0,0,1
443355750,194333,199800,219672,184512,1849723,1984983,1228573,1363057,172096,211049,210340,200082,1023377,992570,1138840,1126723,262515,368773,752182,678617,-10414,126339,265557,-8388607,1,2660,2668,2659,757,2480,-10110976,1,1,15,1,287,0,0,0,1
443355751,194781,199848,220546,185925,1848469,1982978,1229664,1365388,171954,210611,210264,199847,1021041,990457,1140894,1127867,261758,367993,752362,678860,-10368,126326,265604,-8388607,1,2660,2663,2665,751,2481,-10110976,1,1,15,1,287,0,0,0,1
443355752,195707,200727,220868,186852,1847266,1980880,1231519,1367836,171876,210608,209773,199927,1018591,988343,1143023,1129265,260997,366938,752784,679093,-10229,126619,265533,-8388607,1,2664,2665,2665,756,2478,-10110976,1,1,15,1,287,0,0,0,1
443355753,197073,201868,220913,186990,1845614,1978338,1233495,1370318,171578,210407,209563,200303,1016446,986002,1145181,1130205,260537,366425,753307,679252,-9678,127277,265408,-8388607,1,2662,2665,2659,758,2477,-10110976,1,1,15,1,287,0,0,0,1
443355754,198548,203120,220623,186389,1844209,1975925,1236471,1373334,171618,210444,209557,200305,1014548,983521,1147494,1131191,260116,365840,754169,679826,-9049,127775,265542,-8388607,1,2661,2664,2663,754,2482,-10110976,1,1,15,1,287,0,0,0,1
443355755,199836,203995,220339,186159,1843199,1973833,1239876,1376653,171765,210367,209444,200314,1012565,981076,1149581,1132220,259719,365089,755073,680136,-8775,128277,265520,-8388607,1,2663,2664,2666,753,2478,-10110976,1,1,15,1,287,0,0,0,1
443355756,200810,204395,220107,185891,1842380,1972360,1242846,1379063,171751,210402,209470,200367,1010296,978204,1151566,1133104,259397,364561,755785,680870,-8129,128865,265525,-8388607,1,2663,2666,2666,757,2475,-10110976,1,1,15,1,287,0,0,0,1
443355757,201048,204040,220237,185885,1841268,1970901,1245194,1381388,172013,210316,209406,200642,1008271,975577,1152854,1133686,259456,364317,756517,681555,-7922,128905,265471,-8388607,1,2660,2668,2662,754,2479,-10110976,1,1,15,1,287,0,0,0,1
443355758,200327,203240,220522,186026,1840366,1969634,1246773,1383331,172337,210597,209433,200497,1006068,972995,1154029,1134682,259223,364273,757446,681927,-8174,128498,265561,-8388607,1,2663,2663,2665,754,2477,-10110976,1,1,15,1,287,0,0,0,1
443355759,199053,202044,221001,186431,1838756,1968225,1248385,1384900,172622,210475,209412,200660,1004026,970807,1155297,1135690,258968,363831,757912,682404,-9070,127847,265355,-8388607,1,2665,2663,2663,758,2475,-10110976,1,1,15,1,287,0,0,0,1
443355760,197290,200939,221340,186573,1836865,1965756,1249820,1386246,172814,210661,209396,200865,1002653,968733,1156447,1136798,258778,363551,758361,682788,-9795,127103,265457,-8388607,1,2664,2667,2659,756,2477,-10110976,1,1,15,1,287,0,0,0,1
443355761,195884,200016,221299,186587,1834917,1962722,1251808,1387445,172855,210673,209278,200811,1001370,966768,1157821,1138053,258439,363128,758766,683238,-9996,126913,265425,-8388607,1,2662,2663,2667,749,2481,-10110976,1,1,15,1,287,0,0,0,1
443355762,195016,199503,220668,186459,1833199,1959627,1253790,1388379,172934,210857,209238,201159,1000037,964753,1158557,1138982,257878,362758,759253,684045,-10261,126446,265487,-8388607,1,2659,2663,2664,757,2477,-10110976,1,1,15,1,287,0,0,0,1
443355763,194629,199180,219490,185685,1831484,1956476,1255375,1389307,172887,210606,209206,201192,998177,963038,1158809,1139527,257033,361638,759586,684238,-10342,126522,265408,-8388607,1,2661,2664,2659,757,2480,-10110976,1,1,15,1,287,0,0,0,1
443355764,194824,199697,218677,184697,1830366,1954175,1256758,1389986,172848,210754,209023,201352,996297,960894,1158616,1140175,256288,361059,759602,684649,-9964,126812,265512,-8388607,1,2662,2666,2665,754,2482,-10110976,1,1,15,1,287,0,0,0,1
443355765,195248,200363,218049,183637,1828801,1951766,1257941,1390906,172606,210358,208750,201280,994325,959101,1158134,1140733,255385,360172,759361,684946,-9754,127064,265475,-8388607,1,2665,2663,2668,756,2476,-10110976,1,1,15,1,287,0,0,0,1
443355766,195973,200845,217956,183308,1826822,1948703,1259142,1392563,172519,210041,208614,201402,991841,957527,1157469,1141657,254348,359262,759053,685359,-9440,127316,265347,-8388607,1,2661,2664,2660,758,2478,-10110976,1,1,15,1,287,0,0,0,1
443355767,196898,201347,218717,183336,1824660,1945565,1260898,1394355,172724,210111,208692,201146,989748,956132,1157245,1142649,253472,358632,758975,686178,-9311,127487,265334,-8388607,1,2658,2665,2665,752,2481,-10110976,1,1,15,1,287,0,0,0,1
443355768,197918,201812,220120,184361,1822175,1942024,1263327,1396727,172594,209998,208718,201314,988103,954777,1157039,1143511,252506,358252,759087,687057,-9054,127939,265431,-8388607,1,2661,2662,2666,753,2478,-10110976,1,1,15,1,287,0,0,0,1
443355769,198404,202211,221257,185643,1819809,1938302,1265538,1398828,172737,209894,208545,201181,986196,953562,1157022,1144426,251734,357909,759213,688186,-8965,127935,265516,-8388607,1,2665,2664,2662,760,2475,-10110976,1,1,15,1,287,0,0,0,1
443355770,198983,203018,222542,186680,1817368,1934820,1267245,1400936,173095,209811,208258,201363,984757,952544,1157310,1145160,251090,357447,759317,689137,-9106,127752,265375,-8388607,1,2663,2669,2659,752,2477,-10110976,1,1,15,1,287,0,0,0,1
443355771,198952,203793,222977,186960,1814921,1931614,1268671,1402435,172971,209668,208382,201569,983386,951907,1158058,1146255,250869,357234,759543,690076,-9028,127728,265431,-8388607,1,2661,2662,2664,749,2479,-10110976,1,1,15,1,287,0,0,0,1
443355772,199040,204528,222319,186691,1811924,1928380,1269427,1404228,172879,209693,208459,201724,981939,951045,1158985,1147389,250534,356982,759630,690944,-9186,127883,265404,-8388607,1,2663,2661,2663,754,2477,-10110976,1,1,15,1,287,0,0,0,1
443355773,198972,204852,221275,185934,1808301,1924692,1270310,1406500,172892,209839,208314,201584,980862,950025,1160164,1148428,250227,356581,759998,691626,-8984,128170,265346,-8388607,1,2660,2666,2658,757,2479,-10110976,1,1,15,1,287,0,0,0,1
443355774,198735,204757,220157,184889,1804300,1921101,1271379,1408830,172857,209995,208285,201723,979585,949193,1161745,1149568,249998,356518,760611,692160,-8524,128535,265511,-8388607,1,2659,2661,2665,750,2482,-10110976,1,1,15,1,287,0,0,0,1
443355775,198417,204292,219305,183808,1800993,1917595,1272939,1411580,172935,209888,208084,201959,978107,947859,1163217,1150808,249768,356059,760758,692912,-8859,128394,265539,-8388607,1,2668,2662,2668,756,2478,-10110976,1,1,15,1,287,0,0,0,1
443355776,197737,203282,219032,183147,1798016,1914450,1274404,1414246,172951,209925,208087,201982,976525,946670,1164736,1151435,249297,355480,761633,693525,-9229,127947,265375,-8388607,1,2663,2667,2662,760,2479,-10110976,1,1,15,1,287,0,0,0,1
443355777,196797,202098,219511,182985,1795692,1911756,1275561,1416406,172999,209881,207945,202047,974687,945076,1165948,1151588,248464,354842,762396,693856,-9379,127554,265353,-8388607,1,2657,2664,2665,754,2481,-10110976,1,1,15,1,287,0,0,0,1
443355778,196011,200865,220023,183162,1793803,1909140,1276774,1417981,172964,209743,208241,201863,972923,943442,1166954,1151969,247748,353967,763705,694091,-9956,127125,265319,-8388607,1,2661,2661,2666,756,2477,-10110976,1,1,15,1,287,0,0,0,1
443355779,195471,200282,220254,183462,1791798,1906367,1277602,1419621,173148,209674,208155,201806,970839,940909,1168224,1152175,246998,353061,764767,694451,-9982,126799,265354,-8388607,1,2664,2665,2664,759,2471,-10110976,1,1,15,1,287,0,0,0,1
443355780,195291,200120,220286,183873,1789084,1903287,1278883,1420747,173279,209585,208002,201890,969159,938442,1169915,1152192,246311,351892,765767,694599,-10174,126619,265431,-8388607,1,2661,2664,2662,755,2481,-10110976,1,1,15,1,287,0,0,0,1
443355781,195504,200481,220177,184044,1786015,1899555,1280394,1422133,173257,209541,207963,201963,967386,935486,1171440,1152892,245987,351044,766983,694188,-10047,126818,265364,-8388607,1,2665,2661,2666,754,2477,-10110976,1,1,15,1,287,0,0,0,1
443355782,195981,201417,219863,184217,1783297,1895731,1282045,1423417,173141,209325,207703,201947,965763,932967,1173225,1153849,245339,350393,767568,694010,-9540,127375,265524,-8388607,1,2666,2666,2662,757,2476,-10110976,1,1,15,1,287,0,0,0,1
443355783,197003,202587,219661,184284,1780397,1891691,1283352,1423772,173268,209869,207788,202275,963859,930660,1174655,1154606,245115,349781,768690,693818,-9577,127740,265423,-8388607,1,2656,2667,2662,756,2477,-10110976,1,1,15,1,287,0,0,0,1
443355784,198028,203451,219763,184542,1777861,1887876,1284686,1423814,173138,209957,207885,202361,961895,928724,1175767,1155465,244787,349239,769459,693673,-8986,128050,265369,-8388607,1,2661,2662,2662,752,2482,-10110976,1,1,15,1,287,0,0,0,1
443355785,198972,203793,220170,184861,1775424,1883979,1285774,1423305,173189,209813,207900,202306,959920,926813,1176350,1156089,244229,348730,770120,693959,-8805,128330,265429,-8388607,1,2668,2659,2664,756,2477,-10110976,1,1,15,1,287,0,0,0,1
443355786,199618,203863,220696,185351,1772257,1879812,1286618,1423212,173166,209797,207879,202172,958190,924806,1176893,1156835,243831,347890,770700,694228,-8652,128537,265426,-8388607,1,2665,2665,2663,757,2481,-10110976,1,1,15,1,287,0,0,0,1
443355787,199844,203436,221536,185654,1768614,1875641,1287821,1423659,173349,209781,207940,202181,955991,922619,1178062,1158124,243160,347701,771314,695006,-8575,128500,265306,-8388607,1,2661,2664,2662,754,2484,-10110976,1,1,15,1,287,0,0,0,1
443355788,199665,202701,222038,185882,1764611,1871457,1289200,1424812,173379,209669,207989,202130,954000,920000,1179436,1159469,242685,347167,771859,695504,-8956,128100,265275,-8388607,1,2659,2661,2664,755,2478,-10110976,1,1,15,1,287,0,0,0,1
443355789,198877,202107,222050,185840,1760743,1867562,1290673,1426172,173334,209571,207931,201956,952156,917428,1180796,1161061,241984,346590,772046,696160,-9284,127787,265191,-8388607,1,2661,2664,2660,758,2478,-10110976,1,1,15,1,287,0,0,0,1
443355790,198204,201468,221741,185901,1756885,1863592,1291831,1427406,173310,209583,208152,201917,950162,915246,1181769,1162387,241643,346055,772081,697074,-9399,127737,265212,-8388607,1,2657,2666,2664,754,2482,-10110976,1,1,15,1,287,0,0,0,1
443355791,197682,201054,220938,185488,1753409,1859782,1292452,1428348,172992,209536,207938,201992,947963,913039,1182164,1163348,241243,345815,772457,697891,-9344,127519,265188,-8388607,1,2665,2662,2666,751,2478,-10110976,1,1,15,1,287,0,0,0,1
443355792,196988,200845,219892,184944,1750395,1855778,1293140,1429573,172719,209523,207873,202039,945661,910865,1182537,1164117,240844,345479,772562,698673,-9367,127366,265275,-8388607,1,2665,2664,2658,757,2475,-10110976,1,1,15,1,287,0,0,0,1
443355793,196439,200743,219006,184246,1746524,1851748,1293615,1431105,172806,209660,207811,202086,943201,909194,1182829,1165283,240226,345150,772251,699728,-9521,127360,265282,-8388607,1,2661,2666,2658,754,2481,-10110976,1,1,15,1,287,0,0,0,1
443355794,196058,200413,218607,183751,1742289,1847489,1294038,1433155,172946,209803,207720,202120,941120,907265,1183229,1166404,239916,344802,772255,700697,-9633,127243,265260,-8388607,1,2662,2665,2663,747,2480,-10110976,1,1,15,1,287,0,0,0,1
443355795,195979,200111,218719,183543,1738548,1843435,1294808,1435471,172886,209919,207714,201862,938822,905402,1184349,1168130,239355,344316,772263,701746,-9510,127355,265398,-8388607,1,2668,2666,2662,756,2478,-10110976,1,1,15,1,287,0,0,0,1
443355796,196280,199830,219237,183752,1735217,1839169,1295491,1437800,173010,209818,207819,201705,936886,903340,1185874,1169992,238776,343777,772116,702684,-9704,127315,265458,-8388607,1,2666,2667,2658,758,2478,-10110976,1,1,15,1,287,0,0,0,1
443355797,196617,199704,220011,184321,1732108,1835158,1296051,1439370,172911,209556,207967,201740,934931,901705,1187589,1171418,238012,343196,771927,703217,-9701,127083,265390,-8388607,1,2662,2661,2664,751,2482,-10110976,1,1,15,1,287,0,0,0,1
443355798,197068,199926,220864,184740,1729477,1831137,1296704,1440372,173013,209866,208066,201623,933208,900223,1188926,1172846,237298,342650,771710,704141,-9635,127054,265341,-8388607,1,2663,2659,2662,757,2477,-10110976,1,1,15,1,287,0,0,0,1
443355799,197817,200612,221683,185325,1727029,1827008,1297333,1441613,173042,209558,208220,201702,931936,899071,1190441,1173848,236519,342341,772100,705025,-9409,127341,265343,-8388607,1,2657,2667,2659,760,2478,-10110976,1,1,15,1,287,0,0,0,1
443355800,198295,201590,221791,185434,1723262,1822958,1297544,1442832,172962,209962,208172,201690,930494,898122,1191710,1175122,235844,341829,772151,705952,-9305,127471,265216,-8388607,1,2665,2663,2662,755,2482,-10110976,1,1,15,1,287,0,0,0,1
443355801,198853,202470,221299,185351,1718838,1818702,1297887,1444183,172784,209967,208351,201792,929486,897021,1193222,1176269,235366,341047,772615,706643,-9192,127854,265282,-8388607,1,2665,2663,2668,755,2477,-10110976,1,1,15,1,287,0,0,0,1
443355802,199094,203122,220750,185102,1714042,1814166,1298239,1445438,172795,210224,208334,201775,928376,895878,1194753,1177239,234657,340306,773120,707355,-9069,128087,265303,-8388607,1,2665,2665,2666,759,2473,-10110976,1,1,15,1,287,0,0,0,1
443355803,199185,203639,220392,184860,1709178,1809382,1298705,1446425,172929,210429,208464,201734,927458,894680,1196410,1178546,234113,339690,774020,708097,-8776,128458,265338,-8388607,1,2658,2667,2666,754,2481,-10110976,1,1,15,1,287,0,0,0,1
443355804,198986,203529,220338,184761,1704608,1804695,1299219,1446724,172884,210319,208672,201708,926031,892946,1197648,1179500,233653,339222,775348,708782,-8595,128356,265232,-8388607,1,2659,2663,2670,750,2477,-10110976,1,1,15,1,287,0,0,0,1
443355805,198712,203203,220591,184514,1700695,1800060,1300233,1447185,172803,210292,208829,201436,924583,890970,1198591,1179892,233319,338646,776225,709566,-9093,127930,265280,-8388607,1,2663,2663,2662,759,2473,-10110976,1,1,15,1,287,0,0,0,1
443355806,198064,202311,220911,184412,1696874,1795506,1301607,1447589,172972,210208,208854,201275,923212,889244,1199137,1180434,233163,338232,777622,710124,-9264,127633,265251,-8388607,1,2661,2666,2658,756,2479,-10110976,1,1,15,1,287,0,0,0,1
443355807,197510,201486,221206,184184,1692698,1791422,1303442,1448412,172779,210319,208949,201291,921600,887162,1199993,1180579,233111,338064,778973,710787,-9372,127459,265259,-8388607,1,2663,2662,2664,751,2484,-10110976,1,1,15,1,287,0,0,0,1
443355808,196988,201123,221040,184035,1688917,1787231,1305605,1449729,172966,210290,208924,201220,920402,885561,1200711,1181211,233173,337588,780095,711459,-9655,127203,265246,-8388607,1,2665,2659,2659,755,2476,-10110976,1,1,15,1,287,0,0,0,1
443355809,196696,200818,220644,183641,1685153,1783635,1307868,1451793,172535,210260,208855,200954,919228,884135,1201479,1182322,233154,337110,781459,711879,-9787,127094,265233,-8388607,1,2659,2665,2659,753,2481,-10110976,1,1,15,1,287,0,0,0,1
443355810,196663,200869,220081,183311,1681357,1780291,1310045,1453649,172485,210515,209010,201250,918007,882857,1202549,1183213,233255,337050,782775,712433,-9670,127115,265296,-8388607,1,2659,2664,2663,753,2482,-10110976,1,1,15,1,287,0,0,0,1
443355811,196744,201335,219650,183181,1677941,1777177,1311858,1455649,172236,210544,209013,201011,916941,881753,1203315,1184094,232928,336648,783903,712917,-9403,127172,265278,-8388607,1,2661,2659,2664,755,2478,-10110976,1,1,15,1,287,0,0,0,1
443355812,196971,201940,219542,183258,1674869,1773850,1313745,1457423,172114,210155,209024,200935,915937,881006,1203937,1184747,232422,336002,785415,713717,-9558,127357,265324,-8388607,1,2663,2666,2660,760,2478,-10110976,1,1,15,1,287,0,0,0,1
443355813,197197,202113,219630,183457,1671634,1770173,1315645,1459131,171964,210164,209099,200810,915372,879962,1204381,1185374,232001,335358,786443,714507,-9233,127766,265232,-8388607,1,2661,2664,2664,754,2482,-10110976,1,1,15,1,287,0,0,0,1
443355814,197656,202283,219955,183649,1668423,1766013,1317376,1460755,172025,210177,209158,200592,914288,879049,1205078,1186176,231280,334674,787283,715121,-9215,127704,265270,-8388607,1,2661,2662,2666,752,2479,-10110976,1,1,15,1,287,0,0,0,1
443355815,198079,202278,220531,184203,1665074,1761502,1318920,1462387,171995,210524,209118,200662,913293,877727,1205736,1186883,230398,334029,788023,715802,-9233,127640,265283,-8388607,1,2659,2666,2663,757,2475,-10110976,1,1,15,1,287,0,0,0,1
443355816,198251,202263,220939,184581,1661687,1757464,1320613,1464588,171924,210523,209228,200344,912064,876338,1206775,1187854,229515,333410,788609,716428,-9115,127738,265254,-8388607,1,2660,2668,2664,753,2481,-10110976,1,1,15,1,287,0,0,0,1
443355817,198453,202173,221629,184826,1658417,1753880,1321952,1466724,171898,210403,209364,200208,910432,875074,1207714,1188854,228650,332875,789264,717204,-9226,127779,265245,-8388607,1,2664,2664,2664,754,2488,-10110976,1,1,15,1,287,0,0,0,1
443355818,198621,202167,221791,185049,1656121,1750695,1323518,1468994,172245,210471,209854,200106,908449,873524,1208456,1189753,228067,331940,789807,718039,-9266,127672,265303,-8388607,1,2664,2662,2666,756,2473,-10110976,1,1,15,1,287,0,0,0,1
443355819,198702,201972,221381,184967,1653864,1747463,1325431,1471682,172259,210756,209981,200575,906656,872075,1209253,1190454,227678,331375,790363,719091,-9342,127667,265156,-8388607,1,2661,2668,2661,760,2480,-10110976,1,1,15,1,287,0,0,0,1
443355820,198471,201786,220880,184557,1651256,1744259,1327488,1473924,172266,210977,210049,200722,904726,870272,1210189,1190960,226891,330796,791147,720229,-9174,127472,265196,-8388607,1,2661,2662,2663,753,2481,-10110976,1,1,15,1,287,0,0,0,1
443355821,198423,201725,220264,184372,1648967,1740440,1329931,1476486,172200,211209,209996,200481,903241,868559,1211310,1192118,226600,330431,791868,721365,-9100,127757,265253,-8388607,1,2666,2663,2666,756,2477,-10110976,1,1,15,1,287,0,0,0,1
443355822,197936,201380,219735,184086,1646502,1736542,1332493,1479155,172157,211297,210193,200586,902026,867092,1212888,1192993,226279,330318,792311,722311,-9211,127681,265257,-8388607,1,2663,2668,2662,760,2477,-10110976,1,1,15,1,287,0,0,0,1
443355823,197484,201003,219651,183826,1643611,1733071,1334763,1481299,172268,211319,210274,200293,900651,866082,1214401,1194776,226005,329861,792501,723231,-9362,127508,265276,-8388607,1,2663,2666,2665,754,2483,-10110976,1,1,15,1,287,0,0,0,1
443355824,197323,200755,219822,184103,1640645,1729412,1336363,1483772,172154,211245,210239,200147,899450,865409,1216421,1196603,226071,329880,792983,724085,-9439,127455,265379,-8388607,1,2666,2665,2663,753,2478,-10110976,1,1,15,1,287,0,0,0,1
443355825,197002,200123,219905,184311,1638087,1726007,1337916,1485754,171817,211008,210054,200050,898230,864208,1218206,1198841,225737,329649,793642,724497,-9646,127216,265353,-8388607,1,2660,2666,2664,758,2477,-10110976,1,1,15,1,287,0,0,0,1
443355826,196931,199796,220504,184544,1635343,1722673,1340201,1487808,171791,210829,210075,199920,896867,863342,1219851,1200632,225376,329389,793823,724986,-9678,127218,265162,-8388607,1,2660,2668,2664,754,2481,-10110976,1,1,15,1,287,0,0,0,1
443355827,197163,199753,220852,184852,1632514,1719196,1342473,1490012,171595,210935,210027,199562,895629,862320,1221760,1202302,224926,328702,794474,725421,-9497,127074,265195,-8388607,1,2664,2664,2668,754,2478,-10110976,1,1,15,1,287,0,0,0,1
443355828,197494,200113,220984,184782,1629883,1715642,1344942,1491814,171319,210850,210036,199455,894364,860603,1223372,1203705,224272,327984,794869,725610,-9539,127122,265235,-8388607,1,2667,2667,2663,757,2473,-10110976,1,1,15,1,287,0,0,0,1
443355829,197968,200663,220900,184758,1627433,1712222,1347598,1494087,171127,210832,209921,199518,893218,859129,1225096,1204832,223424,327058,795098,725543,-9402,127302,265214,-8388607,1,2662,2667,2666,754,2477,-10110976,1,1,15,1,287,0,0,0,1
443355830,198346,201113,220577,184625,1624938,1709361,1349942,1496291,171136,210924,210225,199291,892104,857200,1227065,1205975,222467,326197,795358,725524,-9215,127732,265260,-8388607,1,2661,2663,2666,751,2484,-10110976,1,1,15,1,287,0,0,0,1
443355831,198716,201688,220386,184551,1622773,1707113,1352183,1498172,171343,211047,210425,199664,890596,855002,1228551,1207085,221665,325515,795262,725496,-8883,127943,265203,-8388607,1,2663,2658,2662,756,2476,-10110976,1,1,15,1,287,0,0,0,1
443355832,198828,202028,220241,184566,1620613,1704820,1354035,1500001,171304,211364,210475,199855,888717,852854,1230036,1208288,220913,324538,795098,725313,-8893,127960,265239,-8388607,1,2661,2664,2658,758,2480,-10110976,1,1,15,1,287,0,0,0,1
443355833,198825,202076,220388,184739,1618160,1702677,1355846,1501918,171560,211617,210565,199846,886817,850837,1231456,1209346,220132,324075,794901,725462,-9195,127894,265247,-8388607,1,2659,2664,2664,754,2482,-10110976,1,1,15,1,287,0,0,0,1
443355834,198497,201821,220720,184773,1615318,1699719,1357559,1503375,171813,211389,210803,199515,884802,848792,1232656,1210986,219188,322952,794718,725383,-9172,127735,265222,-8388607,1,2666,2661,2666,757,2478,-10110976,1,1,15,1,287,0,0,0,1
443355835,198116,201510,221080,184909,1612551,1696367,1359166,1504671,171992,211656,210933,199775,882902,846905,1233832,1212481,218607,322384,794844,725596,-9133,127584,265186,-8388607,1,2661,2665,2664,760,2477,-10110976,1,1,15,1,287,0,0,0,1
443355836,197671,201169,221202,184825,1609853,1693209,1360945,1505922,171916,211701,211159,199490,880927,844915,1235150,1213984,218290,321528,794843,726313,-9455,127298,265313,-8388607,1,2661,2668,2664,753,2482,-10110976,1,1,15,1,287,0,0,0,1
443355837,197485,201005,220858,184427,1607073,1689978,1362269,1506898,171856,211736,211124,199560,879360,843053,1236501,1215582,217761,320858,795168,727215,-9447,127288,265241,-8388607,1,2661,2664,2661,754,2478,-10110976,1,1,15,1,287,0,0,0,1
443355838,197224,201039,220588,184015,1604809,1687115,1363697,1508328,171575,211704,211078,199538,877822,841419,1237808,1217091,217370,320326,795641,728357,-9459,127363,265268,-8388607,1,2670,2666,2661,759,2476,-10110976,1,1,15,1,287,0,0,0,1
443355839,197225,200983,220252,183734,1602775,1684541,1365439,1510317,171303,211634,211051,199315,876262,839877,1238966,1218613,217034,320247,796306,729729,-9463,127321,265253,-8388607,1,2663,2664,2662,754,2479,-10110976,1,1,15,1,287,0,0,0,1
443355840,197249,201328,219817,183269,1600469,1681729,1367361,1513039,171183,211415,210854,199091,874365,838183,1240431,1220276,216498,320113,797244,730916,-9604,127328,265193,-8388607,1,2661,2662,2666,752,2481,-10110976,1,1,15,1,287,0,0,0,1
443355841,197455,201547,219860,183233,1598348,1678871,1369889,1516398,170845,211248,210913,199200,872837,836821,1241773,1222125,216420,320196,798052,732475,-9724,127453,265267,-8388607,1,2668,2666,2662,758,2473,-10110976,1,1,15,1,287,0,0,0,1
443355842,197483,201783,220051,183401,1596223,1675780,1372973,1520005,170571,211011,210413,198859,870696,835381,1242837,1223977,216236,319784,798757,733769,-9346,127508,265267,-8388607,1,2660,2665,2664,755,2477,-10110976,1,1,15,1,287,0,0,0,1
443355843,197649,201976,220302,183735,1594846,1672868,1376000,1523498,170486,210939,210366,198699,868832,834016,1244269,1225549,216141,319298,799620,735103,-9306,127559,265183,-8388607,1,2663,2665,2665,754,2481,-10110976,1,1,15,1,287,0,0,0,1
443355844,197882,202123,220757,183946,1593528,1670252,1379044,1526945,170461,210867,210517,198691,867421,832390,1246110,1226946,215709,318968,800621,736395,-9207,127649,265143,-8388607,1,2668,2659,2664,756,2477,-10110976,1,1,15,1,287,0,0,0,1
443355845,197961,202179,221132,184196,1592564,1667833,1382081,1530131,170424,210826,210275,198478,865695,830757,1247716,1228340,215321,318629,801676,737349,-9370,127384,265093,-8388607,1,2662,2672,2664,758,2477,-10110976,1,1,15,1,287,0,0,0,1
443355846,198136,202406,221298,184507,1591498,1665787,1384989,1533307,170741,211019,210590,198504,864621,829361,1249689,1229746,214732,318269,802386,738596,-9386,127632,265130,-8388607,1,2659,2667,2664,754,2485,-10110976,1,1,15,1,287,0,0,0,1
443355847,198329,202499,221368,184486,1590025,1663690,1387636,1536506,170871,211193,210606,198711,863396,828067,1251718,1230963,213951,317781,803083,739745,-9307,127808,265208,-8388607,1,2661,2662,2666,754,2478,-10110976,1,1,15,1,287,0,0,0,1
443355848,198569,202614,221351,184449,1588536,1661711,1390380,1539636,171000,211508,210830,198948,861870,826611,1253843,1232121,213320,316946,803902,740567,-9008,127777,265172,-8388607,1,2661,2664,2662,759,2475,-10110976,1,1,15,1,287,0,0,0,1
443355849,198646,202572,220792,184280,1587352,1660125,1393614,1542627,170985,211714,211043,198889,860433,825195,1255874,1233731,212663,316244,804927,741291,-8927,127815,265176,-8388607,1,2661,2666,2659,755,2480,-10110976,1,1,15,1,287,0,0,0,1
443355850,198432,202236,220323,184082,1586169,1658547,1396725,1545110,171147,211617,210989,199090,859137,824296,1257708,1235069,211901,315580,806038,742021,-9137,127724,265206,-8388607,1,2664,2660,2670,748,2477,-10110976,1,1,15,1,287,0,0,0,1
443355851,198315,201966,220270,183896,1585861,1657681,1400211,1547963,171130,211789,210927,199129,857715,823148,1259645,1236109,211370,314835,807502,742535,-9043,127705,265152,-8388607,1,2665,2662,2662,755,2476,-10110976,1,1,15,1,287,0,0,0,1
443355852,197886,201594,220368,183804,1585630,1656913,1403913,1550961,171384,211768,211148,199395,856625,821675,1261593,1237661,210902,314254,809035,743279,-9314,127569,265199,-8388607,1,2660,2666,2658,754,2480,-10110976,1,1,15,1,287,0,0,0,1
443355853,197604,201243,220392,183938,1585125,1656457,1407523,1554268,171330,211684,211177,199247,855967,820841,1263934,1238995,210599,313701,810811,743902,-9329,127399,265197,-8388607,1,2661,2662,2664,751,2488,-10110976,1,1,15,1,287,0,0,0,1
443355854,197229,200652,220486,184131,1584012,1655665,1411123,1557487,171236,211496,211085,199123,855592,819891,1266193,1240442,210398,313091,812514,744707,-9457,127156,265041,-8388607,1,2668,2663,2661,755,2478,-10110976,1,1,15,1,287,0,0,0,1
443355855,197216,200501,220585,184407,1582915,1654409,1414528,1560903,171225,211369,210857,198910,855771,819298,1268512,1242347,210445,312781,813878,745110,-9722,127119,265104,-8388607,1,2662,2665,2661,759,2479,-10110976,1,1,15,1,287,0,0,0,1
443355856,197399,200762,220629,184592,1581842,1653480,1418282,1564433,171250,211176,210793,198961,855658,818991,1270599,1244028,210357,312549,815533,745559,-9551,127219,265243,-8388607,1,2658,2661,2665,751,2482,-10110976,1,1,15,1,287,0,0,0,1
443355857,197340,200800,220513,184546,1580973,1652151,1421538,1567725,170990,211221,210689,199020,855428,818523,1272189,1245857,210133,312611,816550,745954,-9505,127320,265102,-8388607,1,2661,2663,2665,755,2477,-10110976,1,1,15,1,287,0,0,0,1
443355858,197739,201108,220239,184467,1580083,1650467,1425167,1570900,170754,211179,210334,198913,855027,818109,1273550,1247365,210060,312502,817953,746391,-9515,127458,265156,-8388607,1,2662,2667,2666,759,2478,-10110976,1,1,15,1,287,0,0,0,1
443355859,198145,201683,220222,184506,1579675,1649138,1429019,1574381,170884,211216,210696,198936,854587,817415,1275022,1249043,209790,311965,818744,746990,-9282,127559,265221,-8388607,1,2659,2666,2664,755,2481,-10110976,1,1,15,1,287,0,0,0,1
443355860,198512,201739,220323,184644,1578982,1647687,1433158,1578592,170774,211158,210463,198902,854018,816535,1276338,1250342,209457,311218,819541,747220,-9062,127728,265159,-8388607,1,2665,2662,2662,754,2477,-10110976,1,1,15,1,287,0,0,0,1
443355861,198594,201880,220403,184919,1578241,1646438,1437622,1583176,170798,211050,210460,199256,853119,815539,1277415,1251890,208735,310563,819995,747085,-9092,127726,265270,-8388607,1,2661,2665,2664,759,2471,-10110976,1,1,15,1,287,0,0,0,1
443355862,198428,201797,220776,184964,1577989,1645216,1442353,1588133,171325,211099,210654,199393,852247,814509,1278353,1253152,208056,309823,819835,747300,-9174,127810,265163,-8388607,1,2661,2668,2659,754,2481,-10110976,1,1,15,1,287,0,0,0,1
443355863,198459,201843,221028,185159,1578109,1644505,1447229,1593514,171418,211233,210794,199516,851219,813259,1279183,1254166,207298,308947,819875,747473,-9143,127660,265170,-8388607,1,2663,2666,2668,750,2484,-10110976,1,1,15,1,287,0,0,0,1
443355864,198120,201539,220895,185115,1578476,1643762,1451843,1598593,171541,211215,210755,199197,849840,812074,1279871,1255036,206280,307998,819349,747884,-9277,127486,265140,-8388607,1,2666,2659,2666,757,2476,-10110976,1,1,15,1,287,0,0,0,1
443355865,198002,201452,220882,184845,1578985,1642998,1456765,1603046,171628,211355,210738,199321,848535,811189,1280073,1256079,205250,307120,819209,748586,-9423,127527,265222,-8388607,1,2666,2667,2659,755,2480,-10110976,1,1,15,1,287,0,0,0,1
443355866,197665,201441,220536,184594,1579777,1642030,1461702,1607637,171740,211278,210633,199629,847044,809996,1281135,1257082,204373,306394,819299,749703,-9405,127512,265090,-8388607,1,2664,2659,2666,753,2480,-10110976,1,1,15,1,287,0,0,0,1
443355867,197643,201394,220167,184354,1580174,1641401,1466601,1611968,171681,211372,210740,199746,845793,809049,1282373,1258561,203544,305850,819358,750835,-9455,127433,265063,-8388607,1,2668,2661,2666,756,2477,-10110976,1,1,15,1,287,0,0,0,1
443355868,197526,201570,219800,184069,1580391,1640214,1471504,1616094,171798,211449,210539,199748,844324,808055,1284081,1260323,203017,305423,819371,752065,-9385,127456,265102,-8388607,1,2660,2669,2664,760,2477,-10110976,1,1,15,1,287,0,0,0,1
443355869,197250,201629,219828,183852,1580535,1639266,1475802,1620658,171743,211521,210635,199885,843165,807051,1286161,1262464,202517,305137,819112,753425,-9453,127581,265069,-8388607,1,2659,2664,2664,754,2482,-10110976,1,1,15,1,287,0,0,0,1
443355870,197241,201647,219903,183836,1580062,1638779,1479890,1624747,171645,211077,210465,199873,841754,806194,1288208,1264220,202243,304990,818963,754177,-9583,127425,265041,-8388607,1,2667,2664,2665,755,2478,-10110976,1,1,15,1,287,0,0,0,1
443355871,197245,201680,220070,183950,1579492,1638418,1483583,1628839,171747,211083,210161,199827,840635,805341,1290401,1266336,202049,304965,819280,755094,-9445,127322,265153,-8388607,1,2661,2664,2662,758,2475,-10110976,1,1,15,1,287,0,0,0,1
443355872,197235,201552,220255,183998,1578890,1638164,1487266,1632634,171699,210842,209864,199800,839335,804261,1292653,1267635,202069,304766,818974,756336,-9517,127384,265066,-8388607,1,2661,2668,2664,754,2480,-10110976,1,1,15,1,287,0,0,0,1
443355873,197360,201696,220575,184206,1578348,1637622,1491249,1636420,171521,210846,209946,199596,837903,803012,1295110,1269180,201908,304432,819072,757060,-9573,127372,265107,-8388607,1,2661,2664,2668,753,2480,-10110976,1,1,15,1,287,0,0,0,1
443355874,197266,201941,220661,184118,1577622,1636959,1494951,1640319,171665,210596,209812,199487,836614,801387,1297665,1270894,201434,303963,819404,757900,-9562,127486,265206,-8388607,1,2664,2663,2662,755,2476,-10110976,1,1,15,1,287,0,0,0,1
443355875,197445,202188,220714,184284,1576845,1636385,1499056,1644055,171687,210480,209793,199740,835076,799817,1300627,1272432,200641,303435,819856,758719,-9564,127401,265177,-8388607,1,2661,2668,2659,753,2479,-10110976,1,1,15,1,287,0,0,0,1
443355876,197608,202394,220527,184204,1575984,1635507,1503248,1648044,171661,210623,209840,199978,834019,798106,1303475,1274608,199790,302373,820763,759071,-9390,127486,265075,-8388607,1,2661,2663,2665,752,2479,-10110976,1,1,15,1,287,0,0,0,1
443355877,197786,202725,220419,184055,1574844,1635205,1507184,1651736,171923,210740,209912,200287,832719,796274,1306785,1276276,198938,301253,821535,759771,-9251,127738,265107,-8388607,1,2666,2663,2664,753,2478,-10110976,1,1,15,1,287,0,0,0,1
443355878,197939,202827,220176,183992,1573789,1634610,1510752,1655649,171837,210876,210047,200541,831455,794396,1309670,1278312,198191,300173,822558,759983,-9204,127732,265219,-8388607,1,2661,2665,2664,759,2477,-10110976,1,1,15,1,287,0,0,0,1
443355879,197936,202860,220110,184099,1572719,1633839,1514899,1659807,172101,210970,209809,200675,830366,792290,1312619,1279791,197440,299263,823506,760226,-9302,127767,265138,-8388607,1,2659,2666,2664,752,2482,-10110976,1,1,15,1,287,0,0,0,1
443355880,197819,202781,220322,184054,1571733,1633347,1519347,1664568,172377,210952,209898,200530,829657,790492,1315750,1282137,196720,298612,824323,760545,-9294,127598,265192,-8388607,1,2669,2661,2661,753,2478,-10110976,1,1,15,1,287,0,0,0,1
443355881,197601,202420,220376,184242,1570917,1632716,1524070,1669703,172509,211034,209930,200698,829121,788913,1318912,1284145,196365,297998,825276,760196,-9389,127603,265096,-8388607,1,2663,2661,2661,760,2476,-10110976,1,1,15,1,287,0,0,0,1
443355882,197529,202130,220493,184585,1570424,1631611,1529155,1674893,172628,210841,209670,200744,828138,787349,1321863,1286950,196014,297524,826214,760382,-9399,127457,265108,-8388607,1,2661,2668,2664,755,2481,-10110976,1,1,15,1,287,0,0,0,1
443355883,197476,201946,220664,184614,1570104,1630434,1534000,1679361,172543,210755,209563,200657,827282,785864,1324858,1289694,195779,296884,826941,760482,-9533,127439,265010,-8388607,1,2661,2663,2668,752,2477,-10110976,1,1,15,1,287,0,0,0,1
443355884,197557,201881,220580,184723,1569712,1628992,1538369,1683576,172454,210501,209354,200601,826273,784726,1327074,1292135,195456,296411,827908,760757,-9455,127349,265015,-8388607,1,2661,2668,2666,759,2471,-10110976,1,1,15,1,287,0,0,0,1
443355885,197474,201798,220340,184612,1569293,1626801,1542044,1687408,172234,210301,209137,200619,824901,783449,1328897,1294590,195032,296167,828794,761400,-9468,127428,265084,-8388607,1,2664,2668,2661,752,2481,-10110976,1,1,15,1,287,0,0,0,1
443355886,197517,202048,220134,184758,1568094,1624641,1545628,1690982,172260,210094,208949,200612,823536,782369,1330403,1297068,194623,295908,830257,762279,-9439,127465,265176,-8388607,1,2666,2666,2665,751,2479,-10110976,1,1,15,1,287,0,0,0,1
443355887,197477,201913,219783,184569,1566407,1622411,1548935,1694778,171941,209899,208826,200555,821906,781104,1331948,1299336,194240,295580,831151,763076,-9416,127567,265134,-8388607,1,2668,2667,2661,753,2471,-10110976,1,1,15,1,287,0,0,0,1
443355888,197585,201856,219763,184515,1564769,1620341,1552111,1698335,171885,210119,208737,200885,820501,780083,1333753,1301689,193998,295271,831865,763957,-9429,127508,265043,-8388607,1,2663,2668,2659,754,2477,-10110976,1,1,15,1,287,0,0,0,1
443355889,197446,201841,219935,184628,1562950,1618273,1555031,1702068,172043,209974,208782,200857,818547,778660,1334997,1304162,193602,294732,832568,764603,-9348,127587,265057,-8388607,1,2662,2664,2664,752,2481,-10110976,1,1,15,1,287,0,0,0,1
443355890,197648,201672,220185,184929,1561075,1616654,1557643,1705174,172343,210104,208967,201093,816785,777063,1336066,1305974,193210,294446,833027,765274,-9262,127491,264990,-8388607,1,2663,2662,2664,757,2478,-10110976,1,1,15,1,287,0,0,0,1
443355891,197573,201718,220339,185129,1559211,1615030,1559802,1708265,172757,210359,208848,201320,814886,775884,1336740,1307531,192803,293835,833476,766156,-9350,127535,265200,-8388607,1,2663,2664,2659,758,2476,-10110976,1,1,15,1,287,0,0,0,1
443355892,197569,201417,220507,185264,1557666,1613382,1562659,1711213,173128,210481,209119,201352,813032,774475,1337337,1308787,192145,293321,833633,766979,-9310,127413,265134,-8388607,1,2661,2664,2664,754,2482,-10110976,1,1,15,1,287,0,0,0,1
443355893,197525,201481,220358,185347,1556784,1612347,1566162,1714619,173202,210695,208993,201401,811440,773411,1338115,1310075,191784,292827,834106,767911,-9338,127391,265158,-8388607,1,2663,2659,2670,754,2476,-10110976,1,1,15,1,287,0,0,0,1
443355894,197729,201556,220159,185190,1556313,1611352,1570352,1718734,173409,210606,209079,201690,810049,772300,1339413,1311458,191033,292109,834518,768648,-9236,127434,265102,-8388607,1,2659,2661,2662,756,2475,-10110976,1,1,15,1,287,0,0,0,1
443355895,197818,201771,220081,185001,1555857,1610861,1574685,1722489,173392,210519,209069,201784,809180,771426,1341011,1312557,190237,291195,834700,769532,-9292,127576,265056,-8388607,1,2659,2668,2664,755,2481,-10110976,1,1,15,1,287,0,0,0,1
443355896,197496,201833,219742,184747,1555540,1610031,1579104,1725905,173312,210527,209076,201868,808382,770609,1343236,1313553,189548,290606,834907,770185,-9376,127499,265092,-8388607,1,2664,2661,2666,751,2479,-10110976,1,1,15,1,287,0,0,0,1
443355897,197483,201787,219646,184804,1555015,1609279,1582976,1729260,173050,210316,208812,201885,807765,769814,1345507,1314816,189033,290195,835075,770731,-9398,127483,265045,-8388607,1,2666,2661,2663,755,2478,-10110976,1,1,15,1,287,0,0,0,1
443355898,197434,201968,219721,184706,1553859,1607863,1586459,1731916,172647,210199,208428,201647,807072,769349,1347287,1315770,188462,289808,835412,771637,-9258,127558,265205,-8388607,1,2661,2668,2659,755,2479,-10110976,1,1,15,1,287,0,0,0,1
443355899,197353,201679,219893,184974,1551976,1606441,1589606,1734433,172435,209866,208127,201558,806359,769217,1349846,1317338,187821,289466,835678,772138,-9343,127445,265086,-8388607,1,2661,2664,2665,747,2480,-10110976,1,1,15,1,287,0,0,0,1
443355900,197047,201600,220022,184961,1549874,1604509,1592494,1737404,172166,209366,207733,201267,805906,768954,1352412,1318767,187346,288868,836183,772523,-9440,127271,264988,-8388607,1,2665,2662,2656,758,2476,-10110976,1,1,15,1,287,0,0,0,1
443355901,197266,201652,220262,184856,1547446,1602490,1595461,1740150,172332,209367,207780,201153,805804,768890,1355254,1320195,187084,288245,836571,772854,-9410,127251,265077,-8388607,1,2666,2669,2666,755,2479,-10110976,1,1,15,1,287,0,0,0,1
443355902,197091,201762,220290,184872,1544593,1600214,1598137,1742972,172305,209076,207517,200952,805458,768075,1357919,1321605,186687,287823,837332,773165,-9562,127234,265035,-8388607,1,2661,2664,2664,753,2482,-10110976,1,1,15,1,287,0,0,0,1
443355903,197248,201862,220328,184845,1541817,1597447,1600562,1745708,172333,209142,207614,201094,805407,767449,1360484,1322480,186341,287329,837733,773416,-9477,127442,265056,-8388607,1,2665,2663,2666,757,2477,-10110976,1,1,15,1,287,0,0,0,1
443355904,197324,202049,220141,184763,1539063,1595322,1602765,1748777,172592,209287,207836,201476,804914,766148,1362236,1322986,186047,287090,838736,773703,-9207,127363,265022,-8388607,1,2661,2661,2664,760,2477,-10110976,1,1,15,1,287,0,0,0,1
443355905,197395,202204,219895,184537,1536169,1592767,1604985,1752370,172812,209669,208296,201679,804269,764989,1363724,1323525,185579,286710,839271,773965,-9312,127554,265104,-8388607,1,2658,2668,2664,754,2477,-10110976,1,1,15,1,287,0,0,0,1
443355906,197345,202474,219843,184437,1534196,1590841,1607333,1756003,172965,209989,208432,202074,803281,763448,1364801,1324363,185434,286068,840171,774348,-9324,127380,264999,-8388607,1,2661,2664,2666,755,2477,-10110976,1,1,15,1,287,0,0,0,1
443355907,197486,202610,219720,184369,1532359,1588682,1609899,1760278,173245,210261,208448,202325,802227,761797,1365863,1325339,184904,285576,840822,774833,-9209,127660,265002,-8388607,1,2667,2667,2663,755,2475,-10110976,1,1,15,1,287,0,0,0,1
443355908,197518,202700,219672,184420,1530573,1586241,1612663,1764134,173716,210661,208686,202467,801148,760362,1366742,1326838,184604,284712,841479,775024,-9205,127778,265006,-8388607,1,2659,2668,2666,756,2477,-10110976,1,1,15,1,287,0,0,0,1
443355909,197414,202620,219667,184511,1529128,1583461,1615443,1767362,173764,210662,208639,202406,800046,758990,1367826,1328563,184068,284315,842083,775379,-9198,127488,264988,-8388607,1,2659,2665,2666,752,2481,-10110976,1,1,15,1,287,0,0,0,1
443355910,197195,202262,219779,184505,1527432,1580399,1618195,1770622,173869,210525,208695,202345,799257,757421,1368618,1329919,183533,283639,842559,775438,-9411,127347,265096,-8388607,1,2663,2659,2662,756,2476,-10110976,1,1,15,1,287,0,0,0,1
443355911,197162,202254,220110,184847,1525532,1577263,1620425,1773494,173900,210419,208682,202262,798432,756430,1369454,1331416,183010,282940,843031,775924,-9364,127327,265063,-8388607,1,2661,2666,2659,756,2479,-10110976,1,1,15,1,287,0,0,0,1
443355912,197204,202080,220225,184921,1523545,1574309,1622534,1776050,173676,210163,208461,202095,797644,755414,1369981,1333318,182390,282033,843572,776341,-9506,127417,265094,-8388607,1,2664,2672,2666,753,2481,-10110976,1,1,15,1,287,0,0,0,1
443355913,197036,202027,220112,184905,1521579,1571622,1624699,1778754,173326,209885,208411,202003,796682,754647,1370629,1335433,181773,281742,844142,777172,-9415,127436,265065,-8388607,1,2665,2659,2665,755,2478,-10110976,1,1,15,1,287,0,0,0,1
443355914,197119,201831,219841,184670,1519611,1569409,1626872,1781660,172761,209489,207906,201695,795702,753801,1371604,1337890,180975,281000,844557,777820,-9443,127411,265005,-8388607,1,2661,2665,2664,759,2479,-10110976,1,1,15,1,287,0,0,0,1
443355915,197273,201874,219677,184474,1517808,1566995,1629447,1784514,172306,209257,207665,201387,794593,753115,1372972,1340235,180381,280474,844833,778388,-9415,127420,264988,-8388607,1,2658,2663,2664,751,2482,-10110976,1,1,15,1,287,0,0,0,1
443355916,197240,201781,219521,184574,1515683,1564726,1632206,1786890,172149,208955,207552,201241,793155,751885,1374502,1342467,179849,280081,845097,779081,-9297,127630,265065,-8388607,1,2661,2661,2666,756,2478,-10110976,1,1,15,1,287,0,0,0,1
443355917,197275,201803,219606,184529,1513593,1562374,1634924,1789229,171947,208939,207544,201329,791804,750548,1375874,1344314,179313,279582,845439,779636,-9453,127539,265103,-8388607,1,2665,2668,2661,756,2475,-10110976,1,1,15,1,287,0,0,0,1
443355918,197208,201884,219883,184845,1511641,1560145,1637535,1791660,172157,209072,207555,201286,789717,748935,1377574,1345830,178994,279193,845640,780508,-9356,127325,265010,-8388607,1,2661,2665,2664,754,2482,-10110976,1,1,15,1,287,0,0,0,1
443355919,197099,201707,219815,185042,1509266,1557858,1639927,1793389,172441,209289,207937,201455,787797,746857,1379266,1347313,178590,278705,845869,781300,-9524,127237,265071,-8388607,1,2661,2663,2665,754,2478,-10110976,1,1,15,1,287,0,0,0,1
443355920,197140,201671,219906,185166,1506745,1555407,1642078,1795322,172571,209821,207920,201471,785732,745018,1381695,1349023,178303,278394,846020,782231,-9567,127309,265007,-8388607,1,2661,2666,2663,757,2476,-10110976,1,1,15,1,287,0,0,0,1
443355921,197140,201583,220101,185122,1503654,1552731,1644305,1797493,173074,210107,208289,201667,784073,743161,1384307,1350660,177879,277775,846082,783157,-9315,127375,264977,-8388607,1,2658,2668,2658,756,2480,-10110976,1,1,15,1,287,0,0,0,1
443355922,197237,201763,220068,184993,1500330,1549732,1646335,1799310,173434,210354,208591,201714,782349,741447,1387225,1352910,177487,277476,846327,783953,-9431,127470,265020,-8388607,1,2661,2659,2666,751,2477,-10110976,1,1,15,1,287,0,0,0,1
443355923,197209,201892,219973,185140,1496514,1546065,1647894,1800814,173627,210692,208799,202039,780393,739866,1390225,1354364,176999,277184,846299,784441,-9368,127349,265065,-8388607,1,2668,2662,2662,757,2476,-10110976,1,1,15,1,287,0,0,0,1
443355924,197549,201812,219948,184967,1492776,1542088,1649012,1802048,173723,210808,208944,201832,778707,738512,1393134,1356037,176675,276660,846681,784806,-9312,127435,264917,-8388607,1,2663,2668,2659,758,2477,-10110976,1,1,15,1,287,0,0,0,1
443355925,197552,201895,219932,185011,1489182,1538093,1650220,1803117,173619,210893,209028,202297,776951,737139,1395932,1357372,175938,276153,846943,785165,-9203,127599,265083,-8388607,1,2659,2665,2666,754,2484,-10110976,1,1,15,1,287,0,0,0,1
443355926,197588,201874,219896,184839,1485597,1534422,1651276,1804483,173386,210790,208784,201756,775471,735634,1398667,1358623,175382,275384,847285,785577,-9280,127554,265010,-8388607,1,2663,2659,2664,756,2478,-10110976,1,1,15,1,287,0,0,0,1
443355927,197622,201892,219896,184850,1482754,1531120,1652857,1806479,173070,210373,208847,201652,773861,734036,1401430,1359663,174792,274709,848236,785503,-9391,127597,264921,-8388607,1,2661,2664,2659,758,2475,-10110976,1,1,15,1,287,0,0,0,1
443355928,197555,201841,219990,184876,1479961,1527791,1654616,1808861,172790,210215,208605,201524,772698,732125,1404241,1360705,174160,274140,848982,785482,-9322,127342,265052,-8388607,1,2663,2667,2664,754,2482,-10110976,1,1,15,1,287,0,0,0,1
443355929,197494,201788,219993,184860,1477169,1524459,1656263,1811122,172229,209799,208589,201093,771274,730209,1406692,1362080,173586,273459,849401,785204,-9217,127436,264921,-8388607,1,2665,2664,2668,755,2478,-10110976,1,1,15,1,287,0,0,0,1
443355930,197321,201749,220000,184986,1474803,1520887,1657680,1813202,172121,209765,208468,200828,769927,728473,1408297,1362988,172977,272572,849860,784872,-9272,127427,265088,-8388607,1,2666,2666,2663,757,2475,-10110976,1,1,15,1,287,0,0,0,1
443355931,197312,202019,220006,185007,1472613,1517339,1658833,1814783,171854,209542,208367,200625,768360,726764,1409333,1363555,172377,271796,850075,784584,-9503,127360,265076,-8388607,1,2661,2665,2658,754,2480,-10110976,1,1,15,1,287,0,0,0,1
443355932,197317,201923,219980,184723,1470544,1513465,1660257,1816008,171863,209567,208232,200758,766823,725152,1409704,1363909,171929,271550,850101,784301,-9466,127406,265069,-8388607,1,2661,2664,2664,751,2481,-10110976,1,1,15,1,287,0,0,0,1
443355933,197436,202113,219909,184879,1468526,1509465,1661495,1817156,171866,209823,208534,200831,764883,723180,1409275,1364633,171297,271082,850331,784036,-9404,127491,265069,-8388607,1,2668,2662,2662,756,2476,-10110976,1,1,15,1,287,0,0,0,1
443355934,197387,202100,219897,184707,1466053,1505536,1662622,1818246,172069,210244,208877,200995,762686,721303,1409019,1365453,170828,270771,850420,784010,-9349,127536,264958,-8388607,1,2663,2664,2662,754,2479,-10110976,1,1,15,1,287,0,0,0,1
443355935,197519,202086,219785,184485,1462925,1501519,1663569,1819117,172327,210193,209000,200870,761071,719339,1408791,1366571,170421,270145,850575,784100,-9267,127596,265006,-8388607,1,2663,2663,2666,749,2482,-10110976,1,1,15,1,287,0,0,0,1
443355936,197616,202036,219850,184566,1459665,1497186,1664329,1819725,172434,210794,209156,201053,759319,717635,1408534,1367692,170158,269611,850382,784537,-9235,127558,265030,-8388607,1,2664,2661,2664,757,2476,-10110976,1,1,15,1,287,0,0,0,1
443355937,197640,202067,219952,184422,1456180,1492737,1664571,1819782,172860,210930,209437,201122,757690,715605,1408259,1368360,169880,268937,850545,784834,-9165,127631,264967,-8388607,1,2658,2663,2662,755,2478,-10110976,1,1,15,1,287,0,0,0,1
443355938,197681,201961,220261,184631,1452625,1488188,1665000,1819723,172911,211025,209532,201326,756347,714351,1407513,1369211,169294,268478,850838,785302,-9336,127646,265037,-8388607,1,2659,2667,2664,754,2482,-10110976,1,1,15,1,287,0,0,0,1
443355939,197449,202002,220271,184664,1448868,1483527,1665558,1819263,173162,211392,209618,201104,755061,713041,1406946,1369692,168986,267988,850900,786044,-9373,127474,264985,-8388607,1,2667,2661,2666,751,2477,-10110976,1,1,15,1,287,0,0,0,1
443355940,197637,202064,220352,184805,1445055,1479218,1666489,1819313,172884,211060,209876,200948,753559,711843,1406634,1370561,168467,267188,851243,786927,-9499,127363,265014,-8388607,1,2663,2665,2666,760,2473,-10110976,1,1,15,1,287,0,0,0,1
443355941,197575,202020,220150,184710,1440977,1474797,1667423,1820214,172659,211023,209839,200760,752643,711067,1406918,1371763,167911,266884,851366,787989,-9354,127594,265022,-8388607,1,2655,2663,2662,756,2481,-10110976,1,1,15,1,287,0,0,0,1
443355942,197390,202077,220035,184656,1436564,1470726,1668286,1821047,172367,210582,209668,200593,751595,710298,1408055,1373616,167386,266210,851492,789098,-9300,127703,264924,-8388607,1,2660,2662,2668,754,2477,-10110976,1,1,15,1,287,0,0,0,1
443355943,197547,202259,219879,184577,1432202,1466808,1669037,1822218,171848,210546,209554,200480,750811,709236,1409381,1375444,166899,265669,851751,789946,-9248,127593,264926,-8388607,1,2665,2668,2664,759,2473,-10110976,1,1,15,1,287,0,0,0,1
443355944,197467,202112,219846,184375,1427913,1462904,1669649,1823144,171478,210197,209221,200007,749987,708328,1410577,1376590,166432,265167,851646,790640,-9419,127628,265012,-8388607,1,2666,2667,2661,752,2480,-10110976,1,1,15,1,287,0,0,0,1
443355945,197544,201928,220047,184528,1423751,1458627,1670417,1823850,171356,210155,209260,199604,748926,707446,1411917,1377511,165772,264688,851891,791638,-9392,127671,264963,-8388607,1,2665,2666,2665,751,2481,-10110976,1,1,15,1,287,0,0,0,1
443355946,197504,201801,220088,184500,1420051,1454395,1671782,1824564,171282,210089,209272,199821,747686,706185,1413257,1378076,165185,264074,852088,792505,-9279,127556,264879,-8388607,1,2665,2663,2662,757,2477,-10110976,1,1,15,1,287,0,0,0,1
443355947,197385,201690,220256,184635,1417107,1450409,1673030,1825404,171328,210286,209373,199804,746433,704967,1414903,1378438,164984,263705,852352,793244,-9379,127570,264976,-8388607,1,2658,2669,2662,756,2477,-10110976,1,1,15,1,287,0,0,0,1
443355948,197416,201576,220197,184710,1413986,1446942,1674369,1826494,171493,210249,209600,199931,744533,703009,1416663,1378740,164376,263025,852862,793691,-9345,127510,264850,-8388607,1,2663,2662,2664,754,2482,-10110976,1,1,15,1,287,0,0,0,1
443355949,197416,201595,220136,184607,1411069,1443624,1675492,1827750,171591,210682,209679,199888,742646,700946,1418587,1379384,164177,262585,852910,794330,-9454,127552,264911,-8388607,1,2667,2662,2664,755,2475,-10110976,1,1,15,1,287,0,0,0,1
443355950,197504,201593,220089,184670,1407799,1440588,1676161,1829273,171720,210937,210070,199853,740466,699142,1420633,1379596,163566,262157,853347,794734,-9310,127578,264792,-8388607,1,2665,2668,2661,756,2476,-10110976,1,1,15,1,287,0,0,0,1
443355951,197392,201670,220053,184592,1404437,1437664,1676766,1830495,171981,211068,210433,200112,738371,696994,1422073,1379897,163112,261591,853777,794959,-9395,127543,264784,-8388607,1,2659,2666,2664,754,2481,-10110976,1,1,15,1,287,0,0,0,1
443355952,197497,201655,219988,184632,1401214,1434091,1677430,1831218,172204,211374,210540,200298,736300,694970,1423379,1379813,162754,261334,854446,795628,-9362,127540,264784,-8388607,1,2659,2663,2670,752,2477,-10110976,1,1,15,1,287,0,0,0,1
443355953,197577,201663,220016,184580,1398089,1429765,1677802,1831639,172150,211164,210532,200358,734303,693179,1424544,1379898,162180,260774,855439,795883,-9340,127553,264805,-8388607,1,2663,2664,2660,758,2474,-10110976,1,1,15,1,287,0,0,0,1
443355954,197636,201609,220057,184807,1394913,1425341,1678070,1831517,172289,211700,210680,200273,732604,691481,1425707,1380524,161800,260125,856033,796264,-9267,127557,264829,-8388607,1,2663,2663,2659,754,2477,-10110976,1,1,15,1,287,0,0,0,1
443355955,197646,201673,220055,184712,1391561,1420533,1678079,1831515,172137,211644,210564,200174,730943,689902,1426978,1381141,161476,259537,856531,796513,-9344,127526,264776,-8388607,1,2664,2661,2668,750,2477,-10110976,1,1,15,1,287,0,0,0,1
443355956,197625,201509,220148,184516,1387843,1415766,1677766,1831276,171753,211478,210289,199892,729477,688620,1428230,1381905,161106,259026,856881,796310,-9367,127505,264787,-8388607,1,2668,2663,2664,756,2476,-10110976,1,1,15,1,287,0,0,0,1
443355957,197717,201612,220354,184545,1383607,1411097,1676994,1831333,171748,211311,210554,199549,728419,687067,1429298,1382974,160582,258641,857444,796253,-9442,127538,264816,-8388607,1,2659,2663,2657,757,2479,-10110976,1,1,15,1,287,0,0,0,1
443355958,197674,201495,220165,184585,1378903,1406237,1676590,1831282,171344,211215,210466,199667,726772,685621,1429894,1383785,160336,258317,857554,795749,-9444,127620,264784,-8388607,1,2658,2663,2666,754,2482,-10110976,1,1,15,1,287,0,0,0,1
443355959,197622,201569,220233,184736,1374673,1401247,1676659,1831640,171210,210824,210261,199410,725334,683865,1430101,1384565,159926,257643,857961,795567,-9541,127741,264782,-8388607,1,2663,2662,2664,756,2478,-10110976,1,1,15,1,287,0,0,0,1
443355960,197750,201692,220345,184789,1370836,1396641,1677451,1832361,171010,210730,210435,199275,723604,682521,1430119,1385383,159517,257006,857807,795382,-9347,127551,264775,-8388607,1,2662,2665,2659,756,2480,-10110976,1,1,15,1,287,0,0,0,1
443355961,197621,201505,220154,184628,1367729,1392595,1678853,1833450,170949,210792,210415,199241,721880,681033,1430014,1385876,158979,256446,858105,795108,-9365,127488,264840,-8388607,1,2659,2663,2663,756,2481,-10110976,1,1,15,1,287,0,0,0,1
443355962,197708,201655,220030,184595,1365004,1389077,1680769,1834935,170631,210718,210083,199097,719895,678891,1429668,1386417,158249,255894,858002,795017,-9384,127461,264844,-8388607,1,2664,2665,2666,756,2478,-10110976,1,1,15,1,287,0,0,0,1
443355963,197529,201680,219956,184339,1362798,1386187,1682609,1836884,170815,210767,210076,198984,718336,677086,1429285,1386928,157495,255478,857805,794921,-9345,127476,264702,-8388607,1,2660,2665,2662,759,2474,-10110976,1,1,15,1,287,0,0,0,1
443355964,197654,201644,219977,184292,1360321,1383863,1684517,1839054,171182,210998,210322,199112,716604,675045,1429224,1387374,156977,254920,857794,794786,-9320,127665,264896,-8388607,1,2659,2669,2666,755,2480,-10110976,1,1,15,1,287,0,0,0,1
443355965,197762,201495,220206,184354,1357369,1381329,1686449,1841104,171282,211236,210416,199161,714647,673094,1428558,1387614,156331,254226,857885,794941,-9327,127505,264870,-8388607,1,2663,2659,2666,756,2478,-10110976,1,1,15,1,287,0,0,0,1
443355966,197664,201433,220181,184381,1354253,1378248,1687762,1842541,171117,211229,210650,199245,712624,670791,1428151,1387797,155733,253596,858138,795268,-9493,127547,264820,-8388607,1,2668,2664,2663,756,2475,-10110976,1,1,15,1,287,0,0,0,1
443355967,197643,201519,220387,184608,1351088,1375204,1689387,1843769,171391,211434,210760,199449,710620,669135,1428079,1388272,155137,253180,858098,795585,-9442,127594,264808,-8388607,1,2657,2667,2664,755,2477,-10110976,1,1,15,1,287,0,0,0,1
443355968,197636,201667,220300,184443,1348217,1372187,1690670,1844758,171519,211645,210919,199449,708770,667197,1428342,1389132,154672,252590,858116,796289,-9515,127670,264902,-8388607,1,2659,2667,2666,750,2481,-10110976,1,1,15,1,287,0,0,0,1
443355969,197663,201655,220306,184582,1345236,1369032,1691738,1845398,171556,211651,210829,199394,706951,665583,1428816,1390048,154093,252073,858058,796405,-9402,127638,264895,-8388607,1,2668,2662,2662,756,2476,-10110976,1,1,15,1,287,0,0,0,1
443355970,197662,201717,220270,184362,1342131,1365892,1692192,1845750,171672,211771,210937,199421,705565,664200,1429851,1390960,153900,251753,857992,796564,-9386,127618,264872,-8388607,1,2663,2661,2664,756,2477,-10110976,1,1,15,1,287,0,0,0,1
443355971,197758,201808,220267,184600,1338991,1362732,1692775,1846523,171365,211599,210994,199189,704131,662813,1430903,1391776,153551,251339,857854,797099,-9344,127646,264904,-8388607,1,2662,2664,2665,752,2481,-10110976,1,1,15,1,287,0,0,0,1
443355972,197835,201845,220360,184502,1335428,1359295,1692887,1847402,171330,211446,210657,199164,702885,661386,1431962,1392303,153100,250881,857818,797415,-9320,127662,264974,-8388607,1,2667,2662,2664,755,2478,-10110976,1,1,15,1,287,0,0,0,1
443355973,197741,201845,220350,184547,1332096,1355984,1693650,1848358,171266,211381,210591,198999,701168,659756,1433054,1392888,152819,250383,857813,797905,-9374,127635,264922,-8388607,1,2666,2665,2662,757,2477,-10110976,1,1,15,1,287,0,0,0,1
443355974,197969,201733,220450,184491,1328999,1352598,1694673,1849603,171182,211303,210577,198975,699550,658025,1434535,1393533,152408,250159,858125,798229,-9251,127558,265041,-8388607,1,2657,2668,2664,752,2480,-10110976,1,1,15,1,287,0,0,0,1
443355975,198072,201761,220504,184449,1326183,1350017,1696318,1850847,170885,211123,210584,198925,698080,656140,1436185,1394046,151907,249531,858113,798688,-9254,127635,265169,-8388607,1,2666,2664,2668,756,2477,-10110976,1,1,15,1,287,0,0,0,1
443355976,197879,201553,220344,184393,1324051,1347463,1698314,1852463,170914,210920,210544,199132,696124,654340,1437752,1395176,151265,249146,858208,798978,-9318,127536,264943,-8388607,1,2664,2661,2663,758,2475,-10110976,1,1,15,1,287,0,0,0,1
443355977,198004,201592,220422,184468,1322173,1345209,1700045,1854338,170866,210780,210550,198980,694511,652393,1439338,1395789,150894,248638,858388,799204,-9335,127662,264977,-8388607,1,2661,2668,2662,755,2479,-10110976,1,1,15,1,287,0,0,0,1
443355978,197957,201550,220355,184302,1319884,1342984,1701938,1856516,170875,211009,210420,199128,693209,650789,1440711,1396378,150674,247900,858499,799521,-9351,127508,264887,-8388607,1,2655,2664,2666,751,2476,-10110976,1,1,15,1,287,0,0,0,1
443355979,197817,201310,220011,184267,1317215,1340633,1703371,1858365,170920,211118,210431,199070,691472,648939,1441912,1396861,150087,246913,858573,799777,-9508,127522,264924,-8388607,1,2665,2666,2666,755,2475,-10110976,1,1,15,1,287,0,0,0,1
443355980,197737,201435,220102,184274,1314882,1337932,1705297,1860737,171048,211234,210439,199232,690257,647310,1443021,1397300,149379,246479,859435,800218,-9430,127518,264987,-8388607,1,2661,2670,2659,754,2477,-10110976,1,1,15,1,287,0,0,0,1
443355981,197640,201363,220195,184426,1312782,1335215,1707667,1863099,171320,211489,210555,199277,688885,645533,1444053,1397633,148824,245958,859944,800882,-9437,127689,264955,-8388607,1,2664,2665,2665,745,2479,-10110976,1,1,15,1,287,0,0,0,1
443355982,197631,201531,220321,184457,1311046,1332529,1710328,1865538,171557,211307,210602,199187,687285,643536,1444920,1398269,148232,245336,860210,801290,-9455,127493,264972,-8388607,1,2666,2662,2660,757,2477,-10110976,1,1,15,1,287,0,0,0,1
443355983,197786,201384,220146,184308,1309717,1329690,1712807,1867450,171498,211451,210791,199284,685942,641920,1446185,1398938,147653,244731,860687,801607,-9617,127348,264882,-8388607,1,2662,2667,2657,756,2481,-10110976,1,1,15,1,287,0,0,0,1
443355984,197766,201441,220311,184488,1308212,1327274,1714695,1869558,171666,211526,210690,199530,684459,640614,1447230,1399897,147266,244040,860901,802247,-9433,127476,265022,-8388607,1,2657,2665,2661,749,2478,-10110976,1,1,15,1,287,0,0,0,1
443355985,197782,201294,220170,184277,1306297,1324622,1715752,1871124,171649,211288,210697,199447,683148,639175,1447913,1401072,146809,243424,861241,802831,-9370,127475,264788,-8388607,1,2663,2663,2670,755,2477,-10110976,1,1,15,1,287,0,0,0,1
443355986,197744,201261,220210,184313,1303305,1321995,1716660,1872850,171579,211459,210531,199384,681232,638128,1448239,1401953,146212,243026,861783,803433,-9246,127574,264891,-8388607,1,2662,2665,2664,760,2473,-10110976,1,1,15,1,287,0,0,0,1
443355987,197877,201376,220350,184348,1300202,1319265,1717254,1874828,171508,211394,210622,199550,679630,636960,1448613,1402738,145930,242757,862212,804273,-9375,127519,264965,-8388607,1,2661,2669,2664,755,2481,-10110976,1,1,15,1,287,0,0,0,1
